Detector Voltage
3.5231903297826648
3.5244535747915506
3.5231903297826648
3.523190242880446
3.524137763539329
3.5238219289476547
3.524137740199876
3.5235061410348862
3.5231903297826648
3.5235061410348862
3.5235061410348862
3.5241376130743447
3.524137763539329
3.5222428960260004
3.5231903297826648
3.5231903297826648
3.5231903297826648
3.524137740199876
3.5238219522871077
3.5231903297826648
3.524137763539329
3.5231903297826648
3.524453487889332
3.524137763539329
3.5238219522871077
3.524137740199876
3.5231903297826648
3.524137763539329
3.5228745185304433
3.5244535747915506
3.5238219522871077
3.5238219289476547
3.524769386043772
3.5235061410348862
3.522558707278222
3.524137763539329
3.5231903064432117
3.5235061410348862
3.5238219522871077
3.5238219289476547
3.524137763539329
3.5228745185304433
3.524137740199876
3.524137763539329
3.524769362704319
3.5235061410348862
3.524137763539329
3.522558707278222
3.5222428960260004
3.5238219522871077
3.5238219289476547
3.524137763539329
3.5235061410348862
3.5228744951909903
3.5231903297826648
3.5244535747915506
3.5231903064432117
3.5235061410348862
3.5238219522871077
3.523821865384889
3.5231903297826648
3.524769362704319
3.5238219289476547
3.5231903297826648
3.5238219522871077
3.521927084773779
3.524769386043772
3.523506117695433
3.5235061410348862
3.524769362704319
3.524137740199876
3.5238219522871077
3.5231903297826648
3.5228745185304433
3.5238219289476547
3.5235061410348862
3.5228745185304433
3.5231903297826648
3.522558707278222
3.5244535747915506
3.5231903297826648
3.5235061410348862
3.5238219522871077
3.5241376766371104
3.524769386043772
3.5238219522871077
3.5238219289476547
3.524137763539329
3.5250851739565405
3.523506117695433
3.5231903297826648
3.5238218018221232
3.5235061410348862
3.5238219522871077
3.5235061410348862
3.5235061410348862
3.5238219522871077
3.5235060541326675
3.5238219522871077
3.5238219522871077
3.5235061410348862
3.5244535514520976
3.5235061410348862
3.5235061410348862
3.524137763539329
3.5235061410348862
3.5241376766371104
3.5228745185304433
3.5235061410348862
3.5238219522871077
3.5238219522871077
3.5238219522871077
3.522558707278222
3.5231903297826648
3.5244535514520976
3.524137763539329
3.5235061410348862
3.5244535747915506
3.524137740199876
3.525085110393775
3.5231903297826648
3.5235061410348862
3.5238219522871077
3.5235061410348862
3.524769172016022
3.524769386043772
3.5241376766371104
3.5238219522871077
3.524137763539329
3.522558707278222
3.524137763539329
3.5235061410348862
3.5235061410348862
3.5231903297826648
3.5231903297826648
3.5244535747915506
3.5235061410348862
3.5254009216459963
3.524769362704319
3.5228745185304433
3.5235061410348862
3.5238219522871077
3.5241376766371104
3.524137763539329
3.524137763539329
3.522558707278222
3.524769362704319
3.5231903297826648
3.5238219522871077
3.5244535747915506
3.524137763539329
3.5244535747915506
3.524137763539329
3.523821865384889
3.5228745185304433
3.5231903297826648
3.524769362704319
3.524769362704319
3.5228744951909903
3.5238219522871077
3.5238219522871077
3.5231903297826648
3.5231903297826648
3.5235061410348862
3.5228745185304433
3.524769386043772
3.5238219289476547
3.5228745185304433
3.5238219289476547
3.5238219289476547
3.522558707278222
3.524769362704319
3.5235061410348862
3.5244535747915506
3.5235061410348862
3.5235061410348862
3.5238219522871077
3.5235061410348862
3.524769386043772
3.5238219522871077
3.5244535747915506
3.5231903297826648
3.5235061410348862
3.5228745185304433
3.5231903297826648
3.5241376766371104
3.524769362704319
3.521927084773779
3.5228745185304433
3.524769362704319
3.5238219522871077
3.5228744951909903
3.5222428960260004
3.523821865384889
3.5231903297826648
3.5228745185304433
3.5238219289476547
3.5244535747915506
3.5244535514520976
3.5228745185304433
3.5238219522871077
3.5231903297826648
3.523821865384889
3.5238219522871077
3.522558707278222
3.5228745185304433
3.5238219522871077
3.522558707278222
3.524137763539329
3.5216112735215575
3.5238219522871077
3.5238219522871077
3.524453424326566
3.524137763539329
3.5238219289476547
3.5241376766371104
3.524137763539329
3.5235061410348862
3.524137740199876
3.524137763539329
3.5222428960260004
3.5235061410348862
3.5238219522871077
3.5235059905699018
3.524137763539329
3.524453487889332
3.524137740199876
3.524137763539329
3.5235061410348862
3.5228745185304433
3.524137763539329
3.522558683938769
3.524137763539329
3.524137763539329
3.5235061410348862
3.5222428960260004
3.5247692991415533
3.524137763539329
3.5238219522871077
3.5228744951909903
3.524453424326566
3.5238219522871077
3.5228744951909903
3.5238219522871077
3.5235061410348862
3.5228745185304433
3.524769386043772
3.5244535747915506
3.5238219289476547
3.5244535747915506
3.524137763539329
3.5231903297826648
3.5235061410348862
3.5238219522871077
3.5238219522871077
3.524137763539329
3.522558707278222
3.521927084773779
3.522558707278222
3.5235061410348862
3.5238219289476547
3.5222428960260004
3.5228745185304433
3.5231903297826648
3.523821865384889
3.5241376130743447
3.5238219522871077
3.522558707278222
3.5235061410348862
3.5228745185304433
3.5231903297826648
3.5228745185304433
3.5235061410348862
3.524453424326566
3.5231903297826648
3.524137740199876
3.5238219522871077
3.5238219522871077
3.524137740199876
3.5231903297826648
3.5244535747915506
3.524137763539329
3.522558707278222
3.524137763539329
3.524137740199876
3.5235061410348862
3.5235061410348862
3.5244535747915506
3.5231903297826648
3.5231903297826648
3.523506117695433
3.524137763539329
3.5238219522871077
3.523821865384889
3.5238219522871077
3.524137740199876
3.521927084773779
3.5231903297826648
3.5235061410348862
3.5231903064432117
3.5231903297826648
3.525085110393775
3.5235059905699018
3.5235061410348862
3.524137740199876
3.5235060541326675
3.5244535747915506
3.522558707278222
3.521927084773779
3.524137763539329
3.5231903297826648
3.5231903297826648
3.5231903297826648
3.5238219289476547
3.5228745185304433
3.525400985208762
3.5228744316282246
3.5231903297826648
3.522558707278222
3.5228745185304433
3.5247692991415533
3.5235061410348862
3.5247692991415533
3.524137763539329
3.5228744951909903
3.5244535747915506
3.5235061410348862
3.524137740199876
3.524769362704319
3.5241376766371104
3.5238219289476547
3.5244535747915506
3.5228744951909903
3.5228745185304433
3.524137763539329
3.5231903297826648
3.5235061410348862
3.5235061410348862
3.5231903064432117
3.5244535747915506
3.524769362704319
3.524137763539329
3.524137763539329
3.523506117695433
3.5231903297826648
3.5222428960260004
3.523506117695433
3.5244535747915506
3.5231903297826648
3.5228745185304433
3.5238219522871077
3.5231903297826648
3.5238219522871077
3.5244535747915506
3.5231903297826648
3.5238219522871077
3.524137763539329
3.5231903297826648
3.5244535514520976
3.5235061410348862
3.5235061410348862
3.5228745185304433
3.522558707278222
3.5235061410348862
3.524769386043772
3.523506117695433
3.5235061410348862
3.5247692991415533
3.5235061410348862
3.5244535747915506
3.5244535747915506
3.5250851972959936
3.5231903297826648
3.523506117695433
3.5235061410348862
3.524137740199876
3.5231903297826648
3.5231903064432117
3.5235061410348862
3.524137763539329
3.523821865384889
3.5238219289476547
3.522558707278222
3.524137740199876
3.5247692991415533
3.5238219522871077
3.5235061410348862
3.522558707278222
3.522558707278222
3.524137763539329
3.523506117695433
3.5235061410348862
3.5238219522871077
3.5231903297826648
3.5228745185304433
3.524137740199876
3.523506117695433
3.524137763539329
3.5238219522871077
3.5238219522871077
3.5244535747915506
3.5228745185304433
3.5235061410348862
3.5228745185304433
3.5231903297826648
3.5235061410348862
3.5244535747915506
3.5228745185304433
3.524137763539329
3.5228745185304433
3.5228745185304433
3.5235061410348862
3.524453487889332
3.5238219522871077
3.5241376766371104
3.5238219289476547
3.524137740199876
3.523506117695433
3.524137740199876
3.524137763539329
3.5231903064432117
3.5231903297826648
3.5235061410348862
3.5238219522871077
3.5238219289476547
3.5235061410348862
3.5231903297826648
3.5244535747915506
3.524453424326566
3.5231903297826648
3.5231903297826648
3.5231903297826648
3.5238219522871077
3.524137740199876
3.5228745185304433
3.5228745185304433
3.524137763539329
3.5238219522871077
3.5235061410348862
3.5235061410348862
3.5238219522871077
3.522558707278222
3.5222428960260004
3.524137763539329
3.524137740199876
3.522558707278222
3.5250851972959936
3.524137763539329
3.5228745185304433
3.524137740199876
3.5235061410348862
3.5244535747915506
3.5238219289476547
3.524137763539329
3.524137763539329
3.5244535747915506
3.5238219289476547
3.5235061410348862
3.5228745185304433
3.5235061410348862
3.5241376130743447
3.524137763539329
3.5231903297826648
3.523506117695433
3.5231903297826648
3.5238219522871077
3.5235061410348862
3.5244535747915506
3.5231903297826648
3.5228745185304433
3.5238219522871077
3.5231903297826648
3.5235061410348862
3.5244535747915506
3.523506117695433
3.5228745185304433
3.5228745185304433
3.5238219289476547
3.524137763539329
3.5238219289476547
3.5235061410348862
3.5222428960260004
3.5228745185304433
3.524137763539329
3.524137763539329
3.523190242880446
3.5228745185304433
3.5238219289476547
3.524137740199876
3.5238219522871077
3.5235061410348862
3.5231903297826648
3.524137763539329
3.5241376766371104
3.5238219522871077
3.524137763539329
3.5235061410348862
3.5238219522871077
3.5231903297826648
3.5238219289476547
3.5231903297826648
3.5231903297826648
3.523821865384889
3.5244535747915506
3.5235061410348862
3.5228745185304433
3.5238219522871077
3.5231903064432117
3.5238219522871077
3.5228745185304433
3.5228744951909903
3.5235061410348862
3.5231903297826648
3.523506117695433
3.5231903297826648
3.5235061410348862
3.524769362704319
3.5231903297826648
3.5228745185304433
3.5231903297826648
3.5244535514520976
3.5241376766371104
3.5235061410348862
3.5238219289476547
3.5235060541326675
3.524137763539329
3.5238219289476547
3.5235061410348862
3.524137763539329
3.523506117695433
3.522558707278222
3.5231903297826648
3.5238219522871077
3.5238219522871077
3.524769362704319
3.522558707278222
3.524137763539329
3.523506117695433
3.524137763539329
3.524137763539329
3.5235061410348862
3.5235061410348862
3.524769386043772
3.524769386043772
3.5241376766371104
3.5250851972959936
3.522558707278222
3.524137763539329
3.5235061410348862
3.5235061410348862
3.5238219289476547
3.5235061410348862
3.5231903064432117
3.522558707278222
3.5235061410348862
3.522558707278222
3.5235061410348862
3.524137740199876
3.5231903297826648
3.5231903297826648
3.5235061410348862
3.5238219289476547
3.5238219522871077
3.5231903297826648
3.5238219522871077
3.523506117695433
3.5235061410348862
3.5231903297826648
3.5238219522871077
3.5241376766371104
3.5244535747915506
3.524453424326566
3.5238219522871077
3.524137763539329
3.5241376130743447
3.5228745185304433
3.5235061410348862
3.5231903064432117
3.5235061410348862
3.5235061410348862
3.5231903064432117
3.523506117695433
3.522558707278222
3.523506117695433
3.5231903297826648
3.5241376766371104
3.5244535514520976
3.5235061410348862
3.524453487889332
3.524769386043772
3.524453487889332
3.524137740199876
3.524137763539329
3.5222428960260004
3.5228745185304433
3.5235061410348862
3.5231903297826648
3.524137763539329
3.5238219289476547
3.5228744951909903
3.5244535747915506
3.5228744951909903
3.5231903297826648
3.524137763539329
3.5235061410348862
3.522558707278222
3.5235061410348862
3.5238219522871077
3.5235061410348862
3.5231903297826648
3.5235061410348862
3.5238219522871077
3.5235061410348862
3.5244535747915506
3.523506117695433
3.524137740199876
3.5235061410348862
3.5235061410348862
3.5231903297826648
3.5231903297826648
3.523190242880446
3.5238219522871077
3.522558707278222
3.5222428960260004
3.524137763539329
3.5238219289476547
3.5228744951909903
3.5231903297826648
3.522558707278222
3.5235061410348862
3.5250851739565405
3.5228745185304433
3.5235061410348862
3.5235061410348862
3.5238219289476547
3.524137763539329
3.523506117695433
3.5235061410348862
3.5231903297826648
3.524137740199876
3.524137763539329
3.5231903297826648
3.5235061410348862
3.5231903297826648
3.5238219289476547
3.5231903297826648
3.5238219522871077
3.524137763539329
3.5228745185304433
3.5228745185304433
3.524769362704319
3.522558707278222
3.5238219289476547
3.5235061410348862
3.5244535747915506
3.524137740199876
3.5235061410348862
3.5228745185304433
3.523506117695433
3.5235061410348862
3.5231903297826648
3.5238219522871077
3.5228745185304433
3.525085110393775
3.5238219522871077
3.524137740199876
3.5231903297826648
3.5238219522871077
3.524453424326566
3.5238219522871077
3.5238219522871077
3.5222428960260004
3.5235061410348862
3.5238219522871077
3.5235061410348862
3.5235061410348862
3.5238219289476547
3.5238219289476547
3.5228745185304433
3.523506117695433
3.5238219522871077
3.5235061410348862
3.5235061410348862
3.5235061410348862
3.5231903297826648
3.5222428960260004
3.5228745185304433
3.525085046831009
3.5235061410348862
3.5238219289476547
3.524137763539329
3.5244535514520976
3.5231903297826648
3.5235061410348862
3.524137740199876
3.5241376766371104
3.5235061410348862
3.524137740199876
3.524137740199876
3.5228745185304433
3.524453487889332
3.5235061410348862
3.5231903297826648
3.5228745185304433
3.524769386043772
3.5238219289476547
3.5231903297826648
3.524137763539329
3.5228745185304433
3.5228745185304433
3.5241376766371104
3.5238219522871077
3.5228745185304433
3.5231903064432117
3.5231903297826648
3.524137763539329
3.5228745185304433
3.5228745185304433
3.5228745185304433
3.5235061410348862
3.5238219522871077
3.523506117695433
3.5231903297826648
3.5238219522871077
3.5235061410348862
3.5238219522871077
3.522558707278222
3.524769362704319
3.5231903297826648
3.5235061410348862
3.5235061410348862
3.5235061410348862
3.5231903297826648
3.5231903297826648
3.5244535747915506
3.5231903064432117
3.5244535747915506
3.523821865384889
3.5231903297826648
3.524137763539329
3.5238219522871077
3.5244535747915506
3.5231903297826648
3.5238219289476547
3.5250851739565405
3.524137763539329
3.5228745185304433
3.524137763539329
3.5235060541326675
3.5228745185304433
3.524137740199876
3.5238219289476547
3.5235061410348862
3.524137763539329
3.5235060541326675
3.5238219522871077
3.5235061410348862
3.5231903297826648
3.5235061410348862
3.5231903064432117
3.5235061410348862
3.5244535747915506
3.5238219522871077
3.524137763539329
3.5238219522871077
3.524137740199876
3.524137763539329
3.5235061410348862
3.5241376766371104
3.5231903297826648
3.5231903297826648
3.5231903297826648
3.5244535747915506
3.5231903297826648
3.5244535747915506
3.522558707278222
3.5231903297826648
3.5238219522871077
3.524137740199876
3.5235060541326675
3.5231903297826648
3.5244535514520976
3.5235061410348862
3.5235061410348862
3.5231903297826648
3.5241376766371104
3.524769386043772
3.5254009216459963
3.5231903297826648
3.5235061410348862
3.522558707278222
3.5238219522871077
3.5231903297826648
3.5231903297826648
3.5231903297826648
3.524137740199876
3.5228745185304433
3.5244535747915506
3.5231903297826648
3.5235061410348862
3.5228745185304433
3.5238219289476547
3.5231903297826648
3.524769386043772
3.5228745185304433
3.5238219289476547
3.5235061410348862
3.5231903064432117
3.5235061410348862
3.5250851739565405
3.5228744316282246
3.5235061410348862
3.521927084773779
3.5238219289476547
3.5238219522871077
3.5228745185304433
3.524453487889332
3.5235061410348862
3.5235061410348862
3.5231903297826648
3.524769386043772
3.521927084773779
3.5228745185304433
3.5235061410348862
3.5235061410348862
3.5231903297826648
3.522558707278222
3.5235061410348862
3.5238219522871077
3.524137740199876
3.5235061410348862
3.5238219522871077
3.5247692991415533
3.524769386043772
3.5231903064432117
3.5231903297826648
3.5238219522871077
3.5241376766371104
3.5238219522871077
3.5244535747915506
3.5231903064432117
3.5244535514520976
3.5235061410348862
3.5241376766371104
3.524137763539329
3.5238219289476547
3.5235061410348862
3.522558707278222
3.5216112735215575
3.5228745185304433
3.5238219522871077
3.5238219289476547
3.524137763539329
3.5238219289476547
3.5238219522871077
3.5235060541326675
3.524769362704319
3.5231903297826648
3.5238219289476547
3.5238219522871077
3.5228745185304433
3.5235061410348862
3.5231903297826648
3.5231903064432117
3.524137763539329
3.5238219522871077
3.5231903297826648
3.524769362704319
3.5235061410348862
3.5231903297826648
3.5238219522871077
3.5231903064432117
3.5235061410348862
3.5244535747915506
3.522558707278222
3.524769386043772
3.5238219522871077
3.5231903297826648
3.5244535747915506
3.5238219522871077
3.524137740199876
3.5238219522871077
3.522558683938769
3.524769386043772
3.5244535747915506
3.523821865384889
3.5238219522871077
3.5254009216459963
3.5235061410348862
3.5235061410348862
3.5238219289476547
3.5235061410348862
3.5241376766371104
3.5241376766371104
3.5244535747915506
3.524137763539329
3.5238219522871077
3.524137740199876
3.5244535514520976
3.5238219522871077
3.5238219289476547
3.5231903297826648
3.5238219522871077
3.522558707278222
3.5235061410348862
3.5231903297826648
3.522558707278222
3.5235061410348862
3.523821865384889
3.5244535747915506
3.5235061410348862
3.5228745185304433
3.522558707278222
3.5238219289476547
3.5228745185304433
3.524769386043772
3.5235061410348862
3.5231903297826648
3.5235060541326675
3.5235061410348862
3.5228745185304433
3.5235061410348862
3.5238219522871077
3.5238219522871077
3.522558707278222
3.524137740199876
3.5238219522871077
3.5228745185304433
3.524137763539329
3.524137740199876
3.5238219522871077
3.5238219522871077
3.5231901793176803
3.524137763539329
3.5235061410348862
3.5244535747915506
3.5235061410348862
3.5231903064432117
3.5238219522871077
3.5228745185304433
3.5231903297826648
3.5244535747915506
3.5238219522871077
3.5231903297826648
3.5238219522871077
3.5238219289476547
3.5228745185304433
3.5231903297826648
3.524137740199876
3.5235061410348862
3.5238219522871077
3.5231903297826648
3.524137763539329
3.5244535514520976
3.523506117695433
3.5235061410348862
3.5231903297826648
3.5228745185304433
3.5244535747915506
3.522558707278222
3.524137763539329
3.522558707278222
3.5238219522871077
3.524137763539329
3.524769386043772
3.5235061410348862
3.5231903297826648
3.5231903297826648
3.5235061410348862
3.5231903064432117
3.5235061410348862
3.5231903297826648
3.5231903297826648
3.5241376766371104
3.5244535747915506
3.5241376766371104
3.5235061410348862
3.5235061410348862
3.5231903297826648
3.5235061410348862
3.5228745185304433
3.5238219289476547
3.524137763539329
3.5238219289476547
3.5228745185304433
3.5244535514520976
3.524137763539329
3.524769386043772
3.524769362704319
3.5228745185304433
3.5244535747915506
3.5235061410348862
3.524137763539329
3.5231903297826648
3.523821865384889
3.5238219522871077
3.5244535747915506
3.522558707278222
3.522558707278222
3.5228745185304433
3.5231903297826648
3.524137740199876
3.5238219522871077
3.5235061410348862
3.5238219522871077
3.5235061410348862
3.5235061410348862
3.5238219522871077
3.5235061410348862
3.5231903297826648
3.5238219522871077
3.523506117695433
3.5231903297826648
3.5231903297826648
3.5247692355787876
3.524137763539329
3.5241376766371104
3.524769362704319
3.5238219522871077
3.5235061410348862
3.5238219522871077
3.5231903297826648
3.5238219289476547
3.524137763539329
3.5231903297826648
3.5231903297826648
3.5235061410348862
3.524137740199876
3.5231903064432117
3.5228745185304433
3.5231903297826648
3.5228745185304433
3.524137763539329
3.524453424326566
3.5228745185304433
3.524137763539329
3.5231903297826648
3.5235061410348862
3.5231903297826648
3.5238219289476547
3.5238219522871077
3.5228745185304433
3.5231903297826648
3.522558707278222
3.5235061410348862
3.5235061410348862
3.5231903297826648
3.5231903297826648
3.5247692991415533
3.524769362704319
3.5228745185304433
3.5222428960260004
3.5231903297826648
3.522558707278222
3.5231903297826648
3.524137763539329
3.5228744951909903
3.522558707278222
3.5235061410348862
3.5231903064432117
3.524137763539329
3.5235061410348862
3.5231903297826648
3.5244535747915506
3.5231903297826648
3.522558707278222
3.5228745185304433
3.5228744951909903
3.5238219289476547
3.5231903297826648
3.5238219522871077
3.5244535747915506
3.521927084773779
3.523506117695433
3.5231903297826648
3.5231903297826648
3.5235061410348862
3.5244535747915506
3.524137740199876
3.5228744951909903
3.5244535747915506
3.5231903064432117
3.5231903297826648
3.524769362704319
3.524137740199876
3.5244535747915506
3.523506117695433
3.5238219522871077
3.524137763539329
3.5238219289476547
3.522558707278222
3.524137763539329
3.5222428960260004
3.524137763539329
3.523506117695433
3.5238219522871077
3.524137763539329
3.5231903064432117
3.5228745185304433
3.523506117695433
3.524137740199876
3.5228745185304433
3.5231903297826648
3.522558707278222
3.5231903297826648
3.5238218018221232
3.5235061410348862
3.5228745185304433
3.5231903297826648
3.524137763539329
3.524453487889332
3.5238219522871077
3.5228745185304433
3.5228745185304433
3.5235061410348862
3.523506117695433
3.5222428960260004
3.5238219522871077
3.5231903297826648
3.524137763539329
3.5235061410348862
3.521927084773779
3.521927084773779
3.524453487889332
3.523506117695433
3.5238219522871077
3.5228745185304433
3.524769386043772
3.5235061410348862
3.522558707278222
3.5244535747915506
3.5238219289476547
3.524137763539329
3.5238219522871077
3.5228745185304433
3.5235061410348862
3.5238219522871077
3.5235061410348862
3.5238219522871077
3.5235061410348862
3.5238219522871077
3.5238219289476547
3.5235061410348862
3.5235061410348862
3.524137740199876
3.5244535514520976
3.5238219522871077
3.5238219289476547
3.524769362704319
3.5238219289476547
3.5238219522871077
3.5235061410348862
3.524453424326566
3.5238219522871077
3.5238219289476547
3.5244535514520976
3.5238219522871077
3.5231903297826648
3.522558707278222
3.5250851972959936
3.5238219289476547
3.5244535747915506
3.5231903297826648
3.5231903297826648
3.5238219522871077
3.5241376766371104
3.5244535747915506
3.5238219522871077
3.522558707278222
3.5235061410348862
3.5238219289476547
3.5231903297826648
3.5244535514520976
3.522558707278222
3.5235061410348862
3.5244535747915506
3.5238219289476547
3.524137763539329
3.524137740199876
3.5228745185304433
3.5235061410348862
3.5231903064432117
3.5244535747915506
3.5238219522871077
3.523506117695433
3.5244535747915506
3.5228744951909903
3.5235061410348862
3.5235061410348862
3.5238219289476547
3.5238219522871077
3.5238219522871077
3.5235060541326675
3.5244535747915506
3.5238219522871077
3.5235061410348862
3.5238219522871077
3.522558707278222
3.524769386043772
3.5235061410348862
3.5222428960260004
3.5228745185304433
3.524137763539329
3.5241376766371104
3.5235061410348862
3.524137763539329
3.5235061410348862
3.524137763539329
3.522558707278222
3.5244535747915506
3.5244535747915506
3.5231903297826648
3.5241376766371104
3.5228745185304433
3.5238219522871077
3.5235061410348862
3.522558707278222
3.5231903297826648
3.523190242880446
3.5244535747915506
3.5228745185304433
3.5231903297826648
3.5231903297826648
3.5244535747915506
3.5231903297826648
3.524137763539329
3.5241376766371104
3.524137763539329
3.524137740199876
3.5231903297826648
3.5238219522871077
3.5235061410348862
3.5235061410348862
3.5244535747915506
3.5231903064432117
3.522558707278222
3.5235061410348862
3.524769386043772
3.524137763539329
3.523821865384889
3.5231903297826648
3.5235061410348862
3.5238219289476547
3.5235061410348862
3.522558707278222
3.522558683938769
3.5238219522871077
3.5231903297826648
3.5228744951909903
3.5238219522871077
3.5235061410348862
3.5231903297826648
3.524769362704319
3.5231903297826648
3.524769362704319
3.5231903297826648
3.524137740199876
3.5244535747915506
3.524137740199876
3.5235061410348862
3.5238219522871077
3.5238219522871077
3.524137763539329
3.5231903297826648
3.5231903064432117
3.5238219522871077
3.5244535747915506
3.5238219289476547
3.524769386043772
3.5247692991415533
3.5238219289476547
3.5250851972959936
3.524769386043772
3.5231903297826648
3.5244535747915506
3.5228745185304433
3.5244535747915506
3.5244535747915506
3.5244535514520976
3.5235061410348862
3.524137763539329
3.5231903064432117
3.524769386043772
3.5235061410348862
3.5231903297826648
3.524769386043772
3.524137763539329
3.5250851972959936
3.5244535747915506
3.525085110393775
3.524137763539329
3.5244535514520976
3.5244535747915506
3.524137763539329
3.5235061410348862
3.5238219522871077
3.5244535747915506
3.524769386043772
3.524137740199876
3.524769386043772
3.524137740199876
3.524769362704319
3.524137763539329
3.524137740199876
3.5244535747915506
3.524137763539329
3.5235061410348862
3.5244535747915506
3.5231903297826648
3.523821865384889
3.524137763539329
3.524137740199876
3.524769386043772
3.524137763539329
3.5238219522871077
3.5244535514520976
3.525400985208762
3.5250851739565405
3.5235061410348862
3.524137763539329
3.5244535747915506
3.5231903297826648
3.5238219522871077
3.5238219289476547
3.5244535747915506
3.524137763539329
3.5231903297826648
3.5231903297826648
3.5238219289476547
3.5244535747915506
3.5238219522871077
3.524769362704319
3.5235061410348862
3.524769386043772
3.524453487889332
3.5244535747915506
3.5244535747915506
3.5250851739565405
3.5238219522871077
3.524137763539329
3.5228745185304433
3.5244535747915506
3.5231903297826648
3.524137763539329
3.524137763539329
3.5238219522871077
3.524137763539329
3.524769386043772
3.5244535514520976
3.5250851972959936
3.522558707278222
3.524137763539329
3.524137763539329
3.524137740199876
3.5238219522871077
3.5250851739565405
3.5254008580832306
3.5244535747915506
3.5231903297826648
3.524769386043772
3.525085110393775
3.5235061410348862
3.5228745185304433
3.524769386043772
3.5257167328982177
3.5238219522871077
3.5231903297826648
3.5238219522871077
3.5238219522871077
3.5231903297826648
3.5250851972959936
3.5241376766371104
3.5244535514520976
3.524137763539329
3.524137740199876
3.5238219522871077
3.5231903297826648
3.5238219522871077
3.5244535747915506
3.5244535514520976
3.525085110393775
3.5244535747915506
3.5244535514520976
3.5238219522871077
3.5238219522871077
3.524769386043772
3.5244535747915506
3.5235061410348862
3.524137740199876
3.5244535747915506
3.524137763539329
3.5235061410348862
3.5244535514520976
3.5238219289476547
3.524137763539329
3.524453487889332
3.5238219522871077
3.5235061410348862
3.524137763539329
3.5244535747915506
3.5231903297826648
3.524137763539329
3.5244535747915506
3.5228744951909903
3.5238219522871077
3.524137740199876
3.5231903297826648
3.524137763539329
3.5241376766371104
3.5250851739565405
3.5244535747915506
3.524137740199876
3.5231903297826648
3.525085110393775
3.5238219522871077
3.524769386043772
3.524137740199876
3.5238219522871077
3.5244535747915506
3.524137740199876
3.5231903297826648
3.5241376766371104
3.5228745185304433
3.524137763539329
3.5231903297826648
3.5222428960260004
3.5238219522871077
3.5231903064432117
3.524769386043772
3.5231903297826648
3.5238219522871077
3.524769386043772
3.5231903297826648
3.5244535747915506
3.5244535747915506
3.5238219289476547
3.524769386043772
3.5231903297826648
3.5238219522871077
3.5244535747915506
3.5231903297826648
3.522558707278222
3.524769386043772
3.524137740199876
3.5244535747915506
3.524769362704319
3.524137740199876
3.524137763539329
3.5238219522871077
3.5244535747915506
3.524769386043772
3.5247692355787876
3.5250851739565405
3.5247692355787876
3.5238219522871077
3.5244535747915506
3.523821865384889
3.5244535747915506
3.524769386043772
3.524453424326566
3.524137763539329
3.524137740199876
3.5244535747915506
3.524769362704319
3.5244535514520976
3.5238219522871077
3.524769386043772
3.5238219522871077
3.524137763539329
3.524137740199876
3.524769386043772
3.5238219522871077
3.525085046831009
3.5244535747915506
3.524137763539329
3.5231903297826648
3.5244535747915506
3.5241376766371104
3.525400985208762
3.5238219522871077
3.5238219289476547
3.524137763539329
3.5244535747915506
3.5244535514520976
3.5238219522871077
3.5235061410348862
3.5238219289476547
3.5231903297826648
3.5228745185304433
3.5244535747915506
3.522558707278222
3.5235061410348862
3.5244535747915506
3.5238219522871077
3.524769362704319
3.524769386043772
3.5238219522871077
3.5231903297826648
3.524137763539329
3.5231903297826648
3.524769386043772
3.5244535747915506
3.5247692991415533
3.524137763539329
3.524137763539329
3.5238219522871077
3.524137763539329
3.5238219522871077
3.5244535514520976
3.5238219522871077
3.5238219289476547
3.5238219522871077
3.524137740199876
3.525400794520465
3.5238219522871077
3.5250851972959936
3.5235061410348862
3.5244535747915506
3.5238219522871077
3.524137763539329
3.5244535747915506
3.524137763539329
3.524137763539329
3.524769386043772
3.523821865384889
3.5235061410348862
3.524769386043772
3.5238219522871077
3.5228745185304433
3.5247692991415533
3.5244535747915506
3.524137763539329
3.5257167964609835
3.5238219289476547
3.5250851972959936
3.5250849832682434
3.5231903297826648
3.5231903297826648
3.524137740199876
3.524769386043772
3.525401008548215
3.5238219289476547
3.5244535747915506
3.5238219289476547
3.5235061410348862
3.524769362704319
3.524137740199876
3.5235061410348862
3.524137763539329
3.5235061410348862
3.524137763539329
3.524137740199876
3.524137740199876
3.524137763539329
3.5244535747915506
3.5238219522871077
3.525401008548215
3.5238219289476547
3.5235061410348862
3.524769386043772
3.5238219289476547
3.5238219522871077
3.5231903297826648
3.524453487889332
3.5235061410348862
3.5238219522871077
3.5235061410348862
3.5238219522871077
3.5244535747915506
3.5244535747915506
3.5231903297826648
3.5238219522871077
3.5235061410348862
3.5244535747915506
3.5241376766371104
3.5235061410348862
3.524769386043772
3.5238219289476547
3.5244535747915506
3.5238219522871077
3.5231903297826648
3.5238219522871077
3.5250851739565405
3.524453487889332
3.5235061410348862
3.5228745185304433
3.5231903297826648
3.5235061410348862
3.5238219522871077
3.524769386043772
3.5231903297826648
3.524137763539329
3.5238219522871077
3.5238219289476547
3.5235061410348862
3.524769386043772
3.524137740199876
3.524137763539329
3.524137763539329
3.5228745185304433
3.524769386043772
3.525085046831009
3.5244535747915506
3.524453487889332
3.524769362704319
3.5238219522871077
3.524137763539329
3.524137763539329
3.5244535747915506
3.5238219522871077
3.524137763539329
3.5238219522871077
3.524137763539329
3.524769362704319
3.523821865384889
3.5244535747915506
3.5228745185304433
3.5231903297826648
3.525401008548215
3.524137763539329
3.524137763539329
3.524137763539329
3.523506117695433
3.5238219522871077
3.524137763539329
3.524137763539329
3.524769386043772
3.5250851739565405
3.5244535747915506
3.5235061410348862
3.523506117695433
3.524769386043772
3.5244535747915506
3.524769362704319
3.5244535747915506
3.5241376766371104
3.5244535747915506
3.5244535514520976
3.5254009216459963
3.524137763539329
3.5238219522871077
3.5238219522871077
3.5231903297826648
3.5238219522871077
3.5244535747915506
3.5241376766371104
3.5231903297826648
3.5235061410348862
3.5231903297826648
3.5244535747915506
3.524137740199876
3.524137763539329
3.5244535747915506
3.523506117695433
3.5244535747915506
3.524137763539329
3.5231903297826648
3.5250851739565405
3.5244535514520976
3.524137763539329
3.5257167328982177
3.5231903297826648
3.5244535747915506
3.5238219522871077
3.5250851739565405
3.5231903297826648
3.5244535514520976
3.5228745185304433
3.5250851972959936
3.523821865384889
3.5250851972959936
3.523506117695433
3.5244535747915506
3.5238219522871077
3.5228744951909903
3.524137763539329
3.5244535514520976
3.5235061410348862
3.5244535747915506
3.524137763539329
3.524769362704319
3.524137763539329
3.524137740199876
3.5244535747915506
3.5238219522871077
3.5235061410348862
3.5250851972959936
3.5231903297826648
3.524137740199876
3.524137763539329
3.5228745185304433
3.524769386043772
3.524137763539329
3.5247692991415533
3.5238219522871077
3.5238219289476547
3.524769386043772
3.5238219522871077
3.524137740199876
3.5250851972959936
3.525085110393775
3.5244535747915506
3.524137763539329
3.5235061410348862
3.524137740199876
3.524137740199876
3.5250851739565405
3.5238219522871077
3.5238219522871077
3.5228745185304433
3.524137763539329
3.5244535514520976
3.5238219522871077
3.524137763539329
3.524137740199876
3.524769386043772
3.524769362704319
3.5238219289476547
3.5244535747915506
3.5244535747915506
3.524769386043772
3.524137763539329
3.5238219522871077
3.524137763539329
3.524137740199876
3.524769362704319
3.5238219522871077
3.5235061410348862
3.524137763539329
3.5235061410348862
3.5235061410348862
3.5244535747915506
3.5241376766371104
3.524137740199876
3.524137763539329
3.5244535747915506
3.524137763539329
3.5231903064432117
3.5238219522871077
3.5250851972959936
3.5244535514520976
3.5250851739565405
3.5238219522871077
3.5238219522871077
3.5250851972959936
3.5238219522871077
3.523506117695433
3.5235061410348862
3.5244535747915506
3.5241376766371104
3.5238219522871077
3.5235061410348862
3.524769386043772
3.524769362704319
3.524137763539329
3.524137763539329
3.5250851972959936
3.524137740199876
3.524769386043772
3.524137740199876
3.5235061410348862
3.5250851739565405
3.5238219522871077
3.524137763539329
3.524137763539329
3.523506117695433
3.5244535747915506
3.525400985208762
3.5238219289476547
3.524769386043772
3.5244535514520976
3.5231903297826648
3.5244535747915506
3.5254009216459963
3.5235061410348862
3.524769386043772
3.5235061410348862
3.524769386043772
3.5244535514520976
3.5238219522871077
3.5244535747915506
3.5235061410348862
3.5244535747915506
3.524769386043772
3.5238219522871077
3.5244535514520976
3.524769386043772
3.5254008580832306
3.524137763539329
3.5250851739565405
3.5244535514520976
3.5244535747915506
3.524137740199876
3.524137740199876
3.5244535747915506
3.524137740199876
3.5235061410348862
3.5250851972959936
3.5241376766371104
3.524137763539329
3.524137763539329
3.523506117695433
3.525400985208762
3.5228745185304433
3.5241376766371104
3.5250851972959936
3.522558707278222
3.5244535747915506
3.5235061410348862
3.5231903297826648
3.5235061410348862
3.524769362704319
3.5250851739565405
3.524137763539329
3.5235061410348862
3.5238219289476547
3.5238219522871077
3.524769362704319
3.5231903297826648
3.5244535747915506
3.5238219289476547
3.5231903297826648
3.5238219522871077
3.5250851972959936
3.5231903297826648
3.5238219522871077
3.525085046831009
3.5241376766371104
3.524137740199876
3.522558707278222
3.5244535747915506
3.5238219522871077
3.5238219522871077
3.5235061410348862
3.524137763539329
3.523506117695433
3.524137763539329
3.524769362704319
3.524137763539329
3.5238219522871077
3.524137740199876
3.5238219522871077
3.5238219522871077
3.5244535747915506
3.5238219522871077
3.5244535747915506
3.5238219289476547
3.524769386043772
3.5238219522871077
3.5238219289476547
3.524769386043772
3.5235061410348862
3.5238219522871077
3.5235061410348862
3.5231903297826648
3.5244535747915506
3.5238219522871077
3.525400985208762
3.5244535747915506
3.524453424326566
3.5238219522871077
3.523506117695433
3.5238219522871077
3.5244535514520976
3.525085110393775
3.524137763539329
3.524137763539329
3.5244535747915506
3.524769386043772
3.5238219522871077
3.5228745185304433
3.5235061410348862
3.524137740199876
3.5231903297826648
3.524769386043772
3.5235061410348862
3.524137763539329
3.524769386043772
3.5238219522871077
3.5250851972959936
3.5247692991415533
3.524769362704319
3.524137763539329
3.5235061410348862
3.5244535747915506
3.524137763539329
3.524137763539329
3.524137763539329
3.5250851739565405
3.5247692991415533
3.524137763539329
3.5238219522871077
3.5244535514520976
3.5254008580832306
3.5235061410348862
3.524137763539329
3.524137740199876
3.5238219289476547
3.524769386043772
3.5254009216459963
3.5238219522871077
3.5238219289476547
3.524769362704319
3.5244535747915506
3.523821865384889
3.524137763539329
3.5244535747915506
3.524137763539329
3.5235061410348862
3.5244535747915506
3.5238219522871077
3.524137763539329
3.5257167328982177
3.5244535747915506
3.5231903297826648
3.5238219522871077
3.5244535747915506
3.5235061410348862
3.5238219522871077
3.524769362704319
3.524769362704319
3.5244535747915506
3.524137740199876
3.5244535747915506
3.524137763539329
3.524769362704319
3.5244535747915506
3.523821865384889
3.524137763539329
3.524769362704319
3.524137740199876
3.5250851972959936
3.5231903297826648
3.524137763539329
3.5244535747915506
3.5238219522871077
3.5235061410348862
3.5231903297826648
3.5238219522871077
3.5238219522871077
3.5238219522871077
3.524769362704319
3.524769362704319
3.5250851739565405
3.5231903297826648
3.5244535747915506
3.523506117695433
3.5250851739565405
3.524137763539329
3.5228745185304433
3.524137763539329
3.524769362704319
3.5238219522871077
3.524769386043772
3.522558707278222
3.524137763539329
3.5231903297826648
3.522558707278222
3.524769386043772
3.5238219522871077
3.5235061410348862
3.524137763539329
3.5235061410348862
3.524137763539329
3.5235061410348862
3.5231903297826648
3.5244535747915506
3.524137763539329
3.5235061410348862
3.5244535747915506
3.5235061410348862
3.5244535747915506
3.5244535747915506
3.5238219289476547
3.5235061410348862
3.5238219522871077
3.523506117695433
3.5244535747915506
3.524769362704319
3.524453424326566
3.5244535747915506
3.5235061410348862
3.5244535747915506
3.5250851972959936
3.5238219522871077
3.5244535747915506
3.524769362704319
3.5238219522871077
3.5238219522871077
3.5231903297826648
3.524137763539329
3.5250851972959936
3.5235061410348862
3.522558707278222
3.5235061410348862
3.5238219522871077
3.5250851972959936
3.5235061410348862
3.5238219522871077
3.5244535747915506
3.524137740199876
3.5238219522871077
3.524137763539329
3.5247692991415533
3.524769386043772
3.5238219289476547
3.5235061410348862
3.524769386043772
3.5244535747915506
3.5238219289476547
3.524137763539329
3.5231903297826648
3.5244535747915506
3.522558707278222
3.5244535747915506
3.5250851972959936
3.524453424326566
3.5238219522871077
3.524137763539329
3.5235061410348862
3.524137763539329
3.5238219289476547
3.5231903297826648
3.5235061410348862
3.5235061410348862
3.5235061410348862
3.5244535747915506
3.5244535747915506
3.5238219289476547
3.5231903297826648
3.5260324805876735
3.5235061410348862
3.5244535747915506
3.5235060541326675
3.5244535747915506
3.524137740199876
3.5235061410348862
3.5235061410348862
3.5235061410348862
3.5238219522871077
3.524769386043772
3.524453424326566
3.524137763539329
3.5244535514520976
3.5244535514520976
3.5250851739565405
3.524769362704319
3.5244535747915506
3.524137763539329
3.5238219289476547
3.5250851739565405
3.524137763539329
3.5244535747915506
3.524769386043772
3.5231903297826648
3.5244535747915506
3.524769386043772
3.523506117695433
3.524137763539329
3.5244535747915506
3.525085110393775
3.5244535747915506
3.524769362704319
3.5250851739565405
3.524769386043772
3.5250851739565405
3.5238219289476547
3.5244535747915506
3.5247692991415533
3.5238219522871077
3.5244535747915506
3.524137740199876
3.5244535747915506
3.5244535747915506
3.5235061410348862
3.5235061410348862
3.5244535747915506
3.5250851739565405
3.524137763539329
3.524137740199876
3.5238219289476547
3.5250851972959936
3.5238219522871077
3.5235061410348862
3.524137763539329
3.5250851739565405
3.524769386043772
3.5231903297826648
3.5228745185304433
3.5244535747915506
3.5235061410348862
3.524453424326566
3.524137763539329
3.5238219289476547
3.524137763539329
3.524769386043772
3.5228745185304433
3.5244535747915506
3.5244535747915506
3.5238219522871077
3.5244535747915506
3.5244535514520976
3.5235061410348862
3.5238219522871077
3.5235061410348862
3.524137763539329
3.5244535747915506
3.5238219289476547
3.524769386043772
3.524137763539329
3.524137763539329
3.5235061410348862
3.5231903297826648
3.5247692991415533
3.524769386043772
3.524137740199876
3.524137763539329
3.5235061410348862
3.5244535747915506
3.524137763539329
3.5244535514520976
3.524137763539329
3.524769386043772
3.525085110393775
3.524137763539329
3.5241376766371104
3.525085110393775
3.5238219522871077
3.5235061410348862
3.524137763539329
3.524137763539329
3.5231903064432117
3.5244535747915506
3.524769386043772
3.524137763539329
3.524137763539329
3.5231903297826648
3.524137763539329
3.524137763539329
3.5235060541326675
3.524137763539329
3.5244535747915506
3.524453487889332
3.5228745185304433
3.5238219289476547
3.5238219522871077
3.524137763539329
3.5231903297826648
3.524137763539329
3.5244535747915506
3.5235061410348862
3.5235061410348862
3.5238219289476547
3.5250851739565405
3.5244535747915506
3.5241376766371104
3.5238219522871077
3.5244535747915506
3.5244535514520976
3.524769386043772
3.5231903297826648
3.5250851739565405
3.5231903297826648
3.5238219289476547
3.524137763539329
3.5244535747915506
3.5238219522871077
3.5244535747915506
3.5231903297826648
3.5244535747915506
3.5244535747915506
3.523821865384889
3.524137763539329
3.524137763539329
3.5235061410348862
3.5250851739565405
3.5238219289476547
3.5238219289476547
3.5235061410348862
3.5231903297826648
3.5238219522871077
3.524137763539329
3.5235061410348862
3.5244535747915506
3.524137763539329
3.524769362704319
3.5238219522871077
3.5238219289476547
3.5228745185304433
3.524137763539329
3.5244535747915506
3.5244535747915506
3.5238219522871077
3.5231903297826648
3.524137763539329
3.524137763539329
3.5235061410348862
3.5244535747915506
3.5238219289476547
3.524769386043772
3.5238219522871077
3.5228745185304433
3.5250851972959936
3.5244535747915506
3.5231903297826648
3.5244535747915506
3.523506117695433
3.5244535747915506
3.524137763539329
3.524769386043772
3.524769386043772
3.524769386043772
3.5250851739565405
3.5238219289476547
3.524137740199876
3.524137740199876
3.524769386043772
3.5235061410348862
3.5250851739565405
3.525401008548215
3.5238219522871077
3.5235061410348862
3.525400985208762
3.5231903297826648
3.5244535747915506
3.5235060541326675
3.524769362704319
3.5244535747915506
3.5244535747915506
3.5244535747915506
3.524769362704319
3.5238219522871077
3.5238219522871077
3.5244535514520976
3.5238219522871077
3.5235061410348862
3.524137740199876
3.5238219522871077
3.5235061410348862
3.524137763539329
3.5238219522871077
3.5231903297826648
3.5235061410348862
3.5235061410348862
3.5238219522871077
3.524137763539329
3.5244535747915506
3.5238219522871077
3.524137763539329
3.524137740199876
3.524137740199876
3.5244535747915506
3.5231903297826648
3.5244535747915506
3.5238219522871077
3.5238219522871077
3.524137763539329
3.5244535747915506
3.5235061410348862
3.5244535747915506
3.5247692355787876
3.524137763539329
3.5222428960260004
3.5238219289476547
3.524137763539329
3.5241376766371104
3.5238219522871077
3.5250851972959936
3.525401008548215
3.525401008548215
3.524769386043772
3.524769362704319
3.5228745185304433
3.524137740199876
3.5238219289476547
3.524137763539329
3.5244535747915506
3.5235061410348862
3.5250851972959936
3.5238219289476547
3.5235061410348862
3.525400985208762
3.5235061410348862
3.524137763539329
3.5244535747915506
3.5235061410348862
3.5250851972959936
3.5244535747915506
3.5231903297826648
3.524137763539329
3.5238219522871077
3.5231903297826648
3.5244535747915506
3.525085110393775
3.5238219522871077
3.524769362704319
3.5228745185304433
3.5238219522871077
3.524769362704319
3.5235061410348862
3.524137763539329
3.5244535514520976
3.5238219522871077
3.5238219522871077
3.5238219522871077
3.5250851739565405
3.5235061410348862
3.524137763539329
3.5250851972959936
3.525085110393775
3.5238219289476547
3.524769386043772
3.5235061410348862
3.5235061410348862
3.5238219522871077
3.5235061410348862
3.5238219522871077
3.5238219522871077
3.5235061410348862
3.524137740199876
3.5244535747915506
3.524453487889332
3.524137763539329
3.5235061410348862
3.5238219522871077
3.5244535747915506
3.5257167964609835
3.525085046831009
3.524769386043772
3.5235061410348862
3.5235061410348862
3.5238219289476547
3.524137740199876
3.5235061410348862
3.5250851972959936
3.5238219522871077
3.5235061410348862
3.5231903297826648
3.5244535514520976
3.5254008580832306
3.5235061410348862
3.5244535747915506
3.524137763539329
3.5244535747915506
3.523506117695433
3.524769386043772
3.524137740199876
3.525085110393775
3.524137763539329
3.523821865384889
3.5244535747915506
3.5250851972959936
3.523821865384889
3.5244535747915506
3.524137763539329
3.522558707278222
3.5250851739565405
3.524137763539329
3.5235061410348862
3.524769386043772
3.5250851739565405
3.5231903297826648
3.5231903297826648
3.5238219289476547
3.5231903297826648
3.5238219289476547
3.5231903297826648
3.5244535747915506
3.5235061410348862
3.5244535747915506
3.5244535747915506
3.524137763539329
3.5238219522871077
3.5238219289476547
3.525400985208762
3.5244535747915506
3.5244535514520976
3.5235061410348862
3.5244535514520976
3.5238219522871077
3.5231903297826648
3.5238219522871077
3.524137763539329
3.5244535747915506
3.5235061410348862
3.524769362704319
3.5250851739565405
3.524137763539329
3.5244535747915506
3.5238219289476547
3.524769362704319
3.5250851972959936
3.5244535747915506
3.5247692991415533
3.5244535747915506
3.524453424326566
3.522558707278222
3.5244535747915506
3.524137763539329
3.5231903297826648
3.524137763539329
3.5238219289476547
3.5244535747915506
3.5238219522871077
3.524769362704319
3.524769386043772
3.5228745185304433
3.524137763539329
3.5244535747915506
3.5235061410348862
3.5244535747915506
3.5235061410348862
3.5238219522871077
3.5244535747915506
3.523506117695433
3.5238219522871077
3.5228745185304433
3.5238219522871077
3.524769386043772
3.5238219522871077
3.524137763539329
3.5235061410348862
3.5238219522871077
3.5238219522871077
3.5238219522871077
3.522558707278222
3.5235061410348862
3.5247692355787876
3.5244535747915506
3.524769362704319
3.5235061410348862
3.5244535747915506
3.524137740199876
3.524453487889332
3.524769386043772
3.5238219522871077
3.5238219522871077
3.5238219289476547
3.5238219522871077
3.524769386043772
3.5231903064432117
3.5228745185304433
3.524137763539329
3.5238219522871077
3.5244535747915506
3.5235061410348862
3.5235061410348862
3.524137763539329
3.524137763539329
3.5228745185304433
3.524137763539329
3.5244535514520976
3.524137763539329
3.524137763539329
3.5228745185304433
3.524769362704319
3.5235061410348862
3.524137740199876
3.5238219522871077
3.524137763539329
3.5231903297826648
3.524137763539329
3.5254008580832306
3.5235061410348862
3.5250851972959936
3.5238219289476547
3.524137763539329
3.524137763539329
3.5235061410348862
3.5238219522871077
3.524769386043772
3.5235061410348862
3.5228745185304433
3.5231903297826648
3.5228745185304433
3.524137763539329
3.5231903064432117
3.525085110393775
3.5250851739565405
3.5254008580832306
3.5238219522871077
3.524137763539329
3.5244535514520976
3.5235061410348862
3.5250851739565405
3.524769362704319
3.5238219522871077
3.5244535747915506
3.5244535747915506
3.524769386043772
3.5231903297826648
3.524137763539329
3.524453487889332
3.5235061410348862
3.5244535747915506
3.5238219522871077
3.524769362704319
3.526032631052658
3.524453424326566
3.5244535747915506
3.524137763539329
3.5238219289476547
3.5250851972959936
3.524137763539329
3.5235061410348862
3.524769386043772
3.5247692355787876
3.5244535747915506
3.5231903297826648
3.524137763539329
3.524137763539329
3.5235061410348862
3.5244535514520976
3.524137763539329
3.5254009216459963
3.524137740199876
3.5244535747915506
3.524137763539329
3.5238219522871077
3.522558707278222
3.5244535514520976
3.5238219522871077
3.524137763539329
3.5241376766371104
3.5235061410348862
3.5247692991415533
3.5231903297826648
3.524137763539329
3.524137763539329
3.5244535747915506
3.524769386043772
3.5244535514520976
3.5244535747915506
3.5238219522871077
3.5235061410348862
3.5244535747915506
3.5244535514520976
3.5244535747915506
3.5235061410348862
3.5231903297826648
3.523821865384889
3.5238219522871077
3.524769362704319
3.523506117695433
3.5238219522871077
3.5235061410348862
3.524769362704319
3.5250851972959936
3.5228745185304433
3.5238219522871077
3.5235061410348862
3.5231903297826648
3.5238219522871077
3.5231903297826648
3.524769362704319
3.524137763539329
3.524137740199876
3.5238219522871077
3.524137763539329
3.5238219522871077
3.5238219522871077
3.5244535747915506
3.524137740199876
3.5231903297826648
3.5244535747915506
3.5235061410348862
3.5250851972959936
3.5235061410348862
3.524137740199876
3.524769386043772
3.5244535514520976
3.5238219522871077
3.524137763539329
3.5238219289476547
3.5244535747915506
3.5238219522871077
3.5241376766371104
3.5238219289476547
3.5235061410348862
3.5238219522871077
3.524137763539329
3.524137763539329
3.5238219289476547
3.5250851972959936
3.5244535747915506
3.5244535514520976
3.524769386043772
3.524137763539329
3.524137763539329
3.5238219522871077
3.5244535514520976
3.524137763539329
3.5244535747915506
3.5250851739565405
3.5244535747915506
3.5231903297826648
3.524137763539329
3.524137763539329
3.524137763539329
3.5244535514520976
3.5235061410348862
3.5238219522871077
3.5254009216459963
3.5238219522871077
3.524137763539329
3.5244535747915506
3.525400985208762
3.5238219289476547
3.524137763539329
3.524137763539329
3.525400985208762
3.525400985208762
3.524137763539329
3.5235061410348862
3.5238219522871077
3.5238219289476547
3.5238219522871077
3.524769386043772
3.5231903297826648
3.524137763539329
3.5228745185304433
3.5231903297826648
3.524137763539329
3.5235061410348862
3.5235061410348862
3.524769362704319
3.5238219522871077
3.5244535747915506
3.524137740199876
3.5228745185304433
3.5235061410348862
3.522558707278222
3.5257167964609835
3.5235061410348862
3.524769386043772
3.5244535747915506
3.5235061410348862
3.524137763539329
3.5238219522871077
3.5244535514520976
3.5250851739565405
3.5231903297826648
3.524137763539329
3.5244535514520976
3.5244535747915506
3.5244535747915506
3.5244535514520976
3.524769362704319
3.5235061410348862
3.5228745185304433
3.523506117695433
3.524137763539329
3.5235061410348862
3.5250851972959936
3.524137763539329
3.524137763539329
3.5244535514520976
3.522558707278222
3.5257167964609835
3.524769362704319
3.5244535747915506
3.524769386043772
3.525085110393775
3.5235061410348862
3.524769386043772
3.5238219522871077
3.5238219522871077
3.5235061410348862
3.5235061410348862
3.5235061410348862
3.524769362704319
3.5235061410348862
3.5235061410348862
3.524137763539329
3.5228745185304433
3.5244535514520976
3.524769386043772
3.5235061410348862
3.5235061410348862
3.5244535747915506
3.5235061410348862
3.524769386043772
3.5231903297826648
3.5235061410348862
3.524769362704319
3.524769386043772
3.525085110393775
3.5238219522871077
3.5238219522871077
3.5238219522871077
3.5238219522871077
3.5244535747915506
3.5238219522871077
3.5235061410348862
3.5241376766371104
3.5235061410348862
3.5228745185304433
3.524769386043772
3.524137763539329
3.5238219289476547
3.5244535747915506
3.5250851739565405
3.524769386043772
3.524137763539329
3.524453424326566
3.5235061410348862
3.5238219522871077
3.524137763539329
3.5244535747915506
3.5235061410348862
3.523506117695433
3.524769386043772
3.5238219522871077
3.524137763539329
3.524137763539329
3.5250851739565405
3.5231903297826648
3.524137763539329
3.5231903297826648
3.5244535747915506
3.5241376766371104
3.524137763539329
3.5250851739565405
3.524137763539329
3.5250851739565405
3.5235061410348862
3.5235060541326675
3.5238219522871077
3.5244535514520976
3.5228745185304433
3.524769362704319
3.5231903297826648
3.524137763539329
3.5244535747915506
3.524453424326566
3.5244535747915506
3.5244535747915506
3.525400985208762
3.5238219522871077
3.5231903297826648
3.5235061410348862
3.5228745185304433
3.524137763539329
3.5250851972959936
3.5235061410348862
3.524769362704319
3.5244535747915506
3.524769362704319
3.524137763539329
3.524137763539329
3.5235061410348862
3.5228745185304433
3.5238219289476547
3.524137763539329
3.524137763539329
3.5238219522871077
3.5250851972959936
3.5244535747915506
3.5238219289476547
3.524137763539329
3.5250851739565405
3.524769362704319
3.5231903297826648
3.5235061410348862
3.524137763539329
3.524769362704319
3.5238219522871077
3.524769386043772
3.5231903297826648
3.5238219522871077
3.5244535747915506
3.525085110393775
3.5228745185304433
3.5235061410348862
3.5235059905699018
3.5235061410348862
3.5235061410348862
3.524137763539329
3.5250851972959936
3.525085110393775
3.5231903297826648
3.524769386043772
3.5231903297826648
3.5244535747915506
3.5250851739565405
3.5250851972959936
3.5244535747915506
3.5247692991415533
3.524769362704319
3.5235061410348862
3.524137740199876
3.5244535747915506
3.5250851739565405
3.5244535514520976
3.5238219522871077
3.5238219289476547
3.5231903297826648
3.524137763539329
3.5231903297826648
3.5235061410348862
3.5250851739565405
3.5254008580832306
3.524769386043772
3.525085110393775
3.5235061410348862
3.524137763539329
3.523821865384889
3.5235061410348862
3.5257167964609835
3.524769362704319
3.524769386043772
3.5241376766371104
3.5250851739565405
3.5244535747915506
3.5238219522871077
3.5238219522871077
3.525401008548215
3.5244535747915506
3.524769386043772
3.5250851739565405
3.5244535514520976
3.5244535747915506
3.524769386043772
3.5247692991415533
3.5244535747915506
3.5244535747915506
3.5238219522871077
3.5235061410348862
3.525716669335452
3.5235061410348862
3.524137763539329
3.5244535747915506
3.5238219289476547
3.524137763539329
3.5238219522871077
3.5235061410348862
3.5238219522871077
3.5231903297826648
3.5231903297826648
3.5250851972959936
3.524453424326566
3.5228745185304433
3.524769386043772
3.5238219289476547
3.525085110393775
3.5231903297826648
3.524137763539329
3.5238219522871077
3.524769386043772
3.5235061410348862
3.5231903297826648
3.524137763539329
3.524137740199876
3.5244535747915506
3.5244535747915506
3.5231903297826648
3.524137763539329
3.5231903297826648
3.524137763539329
3.5235061410348862
3.524769386043772
3.5244535747915506
3.524137763539329
3.525085110393775
3.5244535747915506
3.5238219289476547
3.5238219522871077
3.5244535747915506
3.524137763539329
3.524769386043772
3.524137763539329
3.5231903297826648
3.5238219522871077
3.524137763539329
3.5250851739565405
3.5244535747915506
3.5235061410348862
3.5235061410348862
3.5238219289476547
3.524769362704319
3.5244535747915506
3.523506117695433
3.524137763539329
3.5235061410348862
3.5254009216459963
3.524137763539329
3.5238219289476547
3.524769386043772
3.524769386043772
3.5228744951909903
3.5250851739565405
3.524769362704319
3.524137763539329
3.5238219522871077
3.5244535514520976
3.5238219522871077
3.524769386043772
3.5231903297826648
3.5235061410348862
3.5244535514520976
3.5238219522871077
3.524769386043772
3.5228745185304433
3.5235061410348862
3.524137763539329
3.5244535747915506
3.5247692991415533
3.524769386043772
3.524453424326566
3.5238219522871077
3.5244535747915506
3.5244535747915506
3.5238219522871077
3.524137763539329
3.5238219289476547
3.524769386043772
3.5228745185304433
3.5238219522871077
3.5231903297826648
3.524137740199876
3.524137763539329
3.5235060541326675
3.5244535514520976
3.525400985208762
3.5235061410348862
3.5250851972959936
3.5247692991415533
3.524137763539329
3.5257168198004365
3.5238219289476547
3.5238219522871077
3.524769386043772
3.5235061410348862
3.5231903297826648
3.5231903297826648
3.5238219522871077
3.5222428960260004
3.5238219522871077
3.524137763539329
3.5235061410348862
3.5244535747915506
3.524769362704319
3.5244535747915506
3.524137763539329
3.525085110393775
3.5241376766371104
3.5257168198004365
3.524137763539329
3.5238219522871077
3.524137763539329
3.5235061410348862
3.5231903297826648
3.5244535747915506
3.5241376766371104
3.5235061410348862
3.524137763539329
3.5244535747915506
3.524769362704319
3.5235061410348862
3.524137763539329
3.5244535747915506
3.5235061410348862
3.5244535747915506
3.5244535747915506
3.522558707278222
3.5238219522871077
3.5250851739565405
3.524137740199876
3.5238219522871077
3.5238219289476547
3.524769362704319
3.5235061410348862
3.524137763539329
3.524137763539329
3.5244535514520976
3.524137740199876
3.524769386043772
3.5254008580832306
3.5238219522871077
3.5244535747915506
3.525400985208762
3.5244535747915506
3.5241376766371104
3.5238219522871077
3.524137763539329
3.5235061410348862
3.5238219522871077
3.5235061410348862
3.5231903297826648
3.524137763539329
3.5244535747915506
3.523506117695433
3.524137763539329
3.5235061410348862
3.524137763539329
3.5244535747915506
3.5238219289476547
3.524137740199876
3.5241376130743447
3.5241376766371104
3.5238219522871077
3.524137763539329
3.5244535747915506
3.5244535747915506
3.5238219289476547
3.5231903297826648
3.5250851972959936
3.5244535747915506
3.5235061410348862
3.524137763539329
3.524137740199876
3.5244535747915506
3.5238219289476547
3.524137763539329
3.5250851739565405
3.5238219289476547
3.524769362704319
3.5244535747915506
3.5238219289476547
3.524137763539329
3.5244535747915506
3.524769362704319
3.524769386043772
3.524137763539329
3.524769386043772
3.5238219522871077
3.5228745185304433
3.5244535747915506
3.5238219522871077
3.521927084773779
3.5260324805876735
3.5238219522871077
3.524137763539329
3.524137763539329
3.5238219522871077
3.5228745185304433
3.5250851972959936
3.5244535514520976
3.5238219522871077
3.5235061410348862
3.5235061410348862
3.524137740199876
3.5244535747915506
3.5254008580832306
3.524137763539329
3.524769386043772
3.5228745185304433
3.5238219522871077
3.525085046831009
3.524137763539329
3.5231903297826648
3.5238218018221232
3.524137763539329
3.524769386043772
3.5244535747915506
3.5250851739565405
3.5238219522871077
3.524137740199876
3.524137763539329
3.524769386043772
3.5235061410348862
3.524137763539329
3.5244535514520976
3.5244535747915506
3.5244535747915506
3.524137763539329
3.524769386043772
3.5244535747915506
3.523821865384889
3.5238219522871077
3.5250851739565405
3.524137763539329
3.5238219522871077
3.5231903064432117
3.524137763539329
3.524137763539329
3.5238219289476547
3.524137763539329
3.524137763539329
3.524137763539329
3.5244535747915506
3.5238219522871077
3.5231903297826648
3.5244535514520976
3.5250851972959936
3.524453487889332
3.524137763539329
3.5228745185304433
3.5241376766371104
3.5231903297826648
3.525400985208762
3.5235061410348862
3.5238219522871077
3.524769362704319
3.523821865384889
3.5244535747915506
3.5244535514520976
3.5228745185304433
3.5244535747915506
3.5244535747915506
3.5231903297826648
3.5244535747915506
3.5238219289476547
3.524137763539329
3.5250851972959936
3.5235061410348862
3.5231903297826648
3.5238219522871077
3.5241376766371104
3.5244535747915506
3.524769386043772
3.524137740199876
3.5231903297826648
3.5231903297826648
3.5244535514520976
3.5238219522871077
3.5244535747915506
3.524769386043772
3.5244535747915506
3.524137740199876
3.524769386043772
3.5238219289476547
3.5250851739565405
3.524769386043772
3.5231903297826648
3.5250851739565405
3.5238219522871077
3.5238219289476547
3.524769386043772
3.5238219522871077
3.5238219522871077
3.5250851739565405
3.5244535514520976
3.5238219522871077
3.524137763539329
3.524137763539329
3.524769386043772
3.525085046831009
3.524137763539329
3.524137763539329
3.523506117695433
3.5244535747915506
3.524137740199876
3.524137763539329
3.5244535747915506
3.5235061410348862
3.524137763539329
3.524137763539329
3.5231903297826648
3.5244535747915506
3.5244535747915506
3.5238219522871077
3.5238219522871077
3.5228744951909903
3.524137740199876
3.5231903297826648
3.5231903297826648
3.524137763539329
3.525400985208762
3.5244535747915506
3.5244535747915506
3.5238219522871077
3.5244535747915506
3.5250851739565405
3.522558707278222
3.524137763539329
3.5244535514520976
3.5228745185304433
3.5250851972959936
3.5238219522871077
3.5238219522871077
3.524137763539329
3.524137740199876
3.5238219522871077
3.524137763539329
3.522558707278222
3.5250851739565405
3.524769386043772
3.525401008548215
3.5235061410348862
3.5231903297826648
3.524137763539329
3.5238219522871077
3.5244535747915506
3.5250851739565405
3.5231903297826648
3.5244535747915506
3.5228745185304433
3.5238219522871077
3.5238219522871077
3.522558683938769
3.5257168198004365
3.523506117695433
3.5238219522871077
3.524137763539329
3.5231903297826648
3.5238219522871077
3.5231903297826648
3.5244535747915506
3.5238219522871077
3.524769386043772
3.5231903297826648
3.524769386043772
3.5238219289476547
3.5238219522871077
3.524137763539329
3.5238219522871077
3.5228745185304433
3.524137763539329
3.5244535747915506
3.524769362704319
3.525085110393775
3.524769386043772
3.5238219522871077
3.5238219289476547
3.5244535747915506
3.5231903297826648
3.5244535747915506
3.524137763539329
3.5235061410348862
3.5235061410348862
3.5238219522871077
3.523190242880446
3.5244535747915506
3.5250851739565405
3.5247692991415533
3.5235061410348862
3.5238219522871077
3.5244535747915506
3.524769386043772
3.5235061410348862
3.524137763539329
3.5244535514520976
3.5231903297826648
3.5244535747915506
3.5228745185304433
3.5241376766371104
3.524137763539329
3.524769362704319
3.524453424326566
3.524769386043772
3.5228745185304433
3.5244535747915506
3.5238219522871077
3.5238219522871077
3.5231903297826648
3.5238219522871077
3.5244535747915506
3.524137763539329
3.5235061410348862
3.5238219522871077
3.524137763539329
3.524137763539329
3.524769386043772
3.5241376766371104
3.5235061410348862
3.524769172016022
3.5244535747915506
3.524137763539329
3.5244535514520976
3.5238219522871077
3.5238219522871077
3.5228745185304433
3.5238219522871077
3.5235061410348862
3.524769386043772
3.5238219522871077
3.524137763539329
3.524453487889332
3.5244535747915506
3.5244535514520976
3.524137763539329
3.5244535747915506
3.5244535514520976
3.5244535747915506
3.524137763539329
3.5238219522871077
3.524769386043772
3.524769386043772
3.5241376766371104
3.525400985208762
3.523506117695433
3.524137763539329
3.5244535747915506
3.5238219289476547
3.5244535747915506
3.524769386043772
3.5235061410348862
3.524769362704319
3.524769362704319
3.524769362704319
3.5231903297826648
3.5247692991415533
3.524137763539329
3.526032631052658
3.522558707278222
3.5231903064432117
3.5250851972959936
3.5231903297826648
3.5244535747915506
3.5231903297826648
3.5235061410348862
3.524769386043772
3.5238219522871077
3.523821865384889
3.5231903297826648
3.524137740199876
3.5231903297826648
3.5244535747915506
3.5228745185304433
3.5235061410348862
3.5231903297826648
3.5247692355787876
3.5235061410348862
3.5244535747915506
3.524453487889332
3.524137763539329
3.5238219522871077
3.5238219289476547
3.524137763539329
3.524453424326566
3.5244535514520976
3.524137763539329
3.524137763539329
3.524137763539329
3.524137763539329
3.5238218018221232
3.5244535747915506
3.5250851972959936
3.5235060541326675
3.524137763539329
3.5244535747915506
3.5238219522871077
3.5231903297826648
3.5244535747915506
3.5238219522871077
3.524137763539329
3.5247692991415533
3.5238219522871077
3.524137763539329
3.524137740199876
3.525085110393775
3.524769386043772
3.5244535747915506
3.524769386043772
3.524769386043772
3.524137763539329
3.524769386043772
3.5244535747915506
3.5244535747915506
3.524769386043772
3.524137740199876
3.5238219289476547
3.5235061410348862
3.524769386043772
3.5235061410348862
3.5238219522871077
3.5235061410348862
3.524769386043772
3.5250851972959936
3.524137740199876
3.5244535747915506
3.5235061410348862
3.524137740199876
3.5228745185304433
3.524137763539329
3.5231903297826648
3.524769386043772
3.5238219522871077
3.5231903297826648
3.524769386043772
3.5235061410348862
3.5244535514520976
3.5250851972959936
3.5231903297826648
3.5244535514520976
3.524769362704319
3.5238219522871077
3.524769386043772
3.5244535514520976
3.5244535747915506
3.525400985208762
3.522558707278222
3.5235061410348862
3.5244535514520976
3.5231903297826648
3.525401008548215
3.5244535747915506
3.5244535747915506
3.524137763539329
3.524137763539329
3.5235061410348862
3.5244535514520976
3.5244535747915506
3.5244535747915506
3.5231903297826648
3.5235061410348862
3.5235061410348862
3.523506117695433
3.524769362704319
3.5235061410348862
3.5238219522871077
3.524137763539329
3.5238219289476547
3.524137763539329
3.524137763539329
3.5238219522871077
3.5238219522871077
3.524137763539329
3.5235061410348862
3.524137763539329
3.524137740199876
3.5250851739565405
3.524769386043772
3.524769362704319
3.5244535514520976
3.5238219522871077
3.524769362704319
3.524769386043772
3.5231903297826648
3.5244535747915506
3.524137763539329
3.524769362704319
3.5250851972959936
3.524137740199876
3.5235061410348862
3.524137763539329
3.5238218018221232
3.5231903297826648
3.5238219522871077
3.5235061410348862
3.524769386043772
3.5244535747915506
3.5244535747915506
3.5244535747915506
3.522558707278222
3.5231903297826648
3.5247692991415533
3.524137763539329
3.524137763539329
3.5238219289476547
3.5244535747915506
3.5235061410348862
3.524453487889332
3.5244535747915506
3.5238219522871077
3.5235061410348862
3.5238219522871077
3.5231903297826648
3.5235061410348862
3.524769362704319
3.5231903297826648
3.5244535747915506
3.5238219289476547
3.5228745185304433
3.524769386043772
3.5238219289476547
3.5250851972959936
3.5244535514520976
3.5244535747915506
3.5235061410348862
3.5231903297826648
3.5238219289476547
3.5244535747915506
3.525085110393775
3.5244535747915506
3.524137763539329
3.5235061410348862
3.5238219522871077
3.5235061410348862
3.524769362704319
3.524137763539329
3.5238219522871077
3.524769386043772
3.524137763539329
3.523506117695433
3.5244535747915506
3.525085046831009
3.5235061410348862
3.5244535747915506
3.5244535747915506
3.5238219522871077
3.5244535747915506
3.523506117695433
3.524769386043772
3.5244535747915506
3.5244535747915506
3.5244535514520976
3.524137763539329
3.524137763539329
3.5244535747915506
3.5238218018221232
3.524137763539329
3.5238219522871077
3.5244535747915506
3.524137763539329
3.524769362704319
3.5244535747915506
3.5244535747915506
3.524137740199876
3.5244535747915506
3.5238219522871077
3.5238219522871077
3.5238219522871077
3.5244535747915506
3.5235061410348862
3.524453487889332
3.5235061410348862
3.5238219522871077
3.5231903064432117
3.5238219522871077
3.5238219522871077
3.524769386043772
3.524769386043772
3.5235061410348862
3.523506117695433
3.5250851739565405
3.524769362704319
3.524137763539329
3.5244535747915506
3.5238219289476547
3.5250851739565405
3.5244535747915506
3.5228745185304433
3.5250851972959936
3.5235061410348862
3.524769362704319
3.5244535747915506
3.524769362704319
3.524137763539329
3.524137763539329
3.525085110393775
3.5238219522871077
3.5244535747915506
3.524137740199876
3.5244535747915506
3.5231903297826648
3.524769386043772
3.5244535747915506
3.5238219522871077
3.524137740199876
3.5238219522871077
3.524769362704319
3.5244535747915506
3.524137763539329
3.5231903064432117
3.5238219522871077
3.524137763539329
3.523506117695433
3.5244535747915506
3.5238219289476547
3.5238219522871077
3.524769386043772
3.5231903297826648
3.5238219522871077
3.5238219522871077
3.5231903297826648
3.5235061410348862
3.5238219522871077
3.5228745185304433
3.5231903297826648
3.5235061410348862
3.5244535747915506
3.524137763539329
3.5244535747915506
3.5244535514520976
3.5244535747915506
3.5247692991415533
3.524137763539329
3.524769386043772
3.5244535747915506
3.5231903297826648
3.5250851972959936
3.5235060541326675
3.5244535747915506
3.5238219522871077
3.524137763539329
3.524137763539329
3.5228745185304433
3.5231903064432117
3.5244535747915506
3.5250851739565405
3.5244535514520976
3.524137763539329
3.5244535747915506
3.5244535747915506
3.5244535747915506
3.5247692991415533
3.5238219522871077
3.5244535747915506
3.5231903297826648
3.5228745185304433
3.5238219522871077
3.523506117695433
3.5238219522871077
3.524137763539329
3.522558707278222
3.5231903297826648
3.5250851972959936
3.5231903297826648
3.5231903297826648
3.5244535747915506
3.524137740199876
3.5250851739565405
3.5244535747915506
3.5228745185304433
3.5235061410348862
3.524137763539329
3.523506117695433
3.5244535747915506
3.5247692991415533
3.5250851739565405
3.5238219522871077
3.5254008580832306
3.5238219522871077
3.5250851972959936
3.524137740199876
3.524769386043772
3.5238219522871077
3.524137763539329
3.5244535747915506
3.5231903297826648
3.524453487889332
3.5238219522871077
3.5235061410348862
3.5238219522871077
3.5244535747915506
3.524769386043772
3.5235061410348862
3.523506117695433
3.5238219289476547
3.524769386043772
3.524137763539329
3.524769362704319
3.5244535747915506
3.5235061410348862
3.5235061410348862
3.524769362704319
3.524137763539329
3.5244535747915506
3.5244535747915506
3.524137763539329
3.524769386043772
3.5244535514520976
3.5244535747915506
3.524137763539329
3.5235061410348862
3.524137763539329
3.523506117695433
3.5231903297826648
3.5238219522871077
3.524769362704319
3.525401008548215
3.5238219289476547
3.5228745185304433
3.524769386043772
3.524137763539329
3.524137763539329
3.5238219522871077
3.5231903297826648
3.524137763539329
3.5238219522871077
3.524453487889332
3.524137763539329
3.524137763539329
3.524137763539329
3.524137763539329
3.524769362704319
3.5238219522871077
3.524137740199876
3.524769362704319
3.5235061410348862
3.5244535747915506
3.5231903297826648
3.5238219522871077
3.5238219522871077
3.5244535747915506
3.524137763539329
3.5238219522871077
3.5238219522871077
3.5228745185304433
3.524137763539329
3.5235061410348862
3.5244535747915506
3.5235061410348862
3.5250851739565405
3.524137740199876
3.524137763539329
3.5231903297826648
3.5244535747915506
3.524769386043772
3.524137740199876
3.524137763539329
3.524137763539329
3.5231903297826648
3.524769386043772
3.5235060541326675
3.5231903297826648
3.5235061410348862
3.524137763539329
3.5250851972959936
3.5235061410348862
3.5235061410348862
3.525400985208762
3.5238219289476547
3.5238219522871077
3.5241376766371104
3.5238219522871077
3.524137763539329
3.525085110393775
3.524137763539329
3.524137763539329
3.524769362704319
3.524137763539329
3.5231903297826648
3.5238219289476547
3.5250851972959936
3.524769386043772
3.5238219522871077
3.524137763539329
3.5235061410348862
3.5250851972959936
3.5244535747915506
3.524137740199876
3.5244535747915506
3.5250851739565405
3.524769386043772
3.5244535747915506
3.524137740199876
3.524769386043772
3.5244535747915506
3.5238219522871077
3.524769386043772
3.5238219522871077
3.5231903297826648
3.524137763539329
3.5235061410348862
3.524769386043772
3.5244535514520976
3.5235061410348862
3.5244535747915506
3.524137763539329
3.5250851739565405
3.5244535747915506
3.524769362704319
3.5244535747915506
3.524769362704319
3.5235061410348862
3.5244535747915506
3.522558707278222
3.523506117695433
3.5238219522871077
3.5235061410348862
3.525085110393775
3.5235061410348862
3.5235061410348862
3.524769386043772
3.5231903297826648
3.5235061410348862
3.5238219522871077
3.5231903297826648
3.5244535747915506
3.5231903297826648
3.5235061410348862
3.5238219522871077
3.524137740199876
3.524769362704319
3.524769386043772
3.5231903297826648
3.5238219522871077
3.524137763539329
3.524137763539329
3.525401008548215
3.524137763539329
3.5244535514520976
3.524137763539329
3.5238219522871077
3.5238219522871077
3.524137763539329
3.5235061410348862
3.5235061410348862
3.524137763539329
3.5238219522871077
3.5244535747915506
3.524137740199876
3.5228745185304433
3.5238219522871077
3.525085110393775
3.5238219522871077
3.5231903297826648
3.5235061410348862
3.5235061410348862
3.524769386043772
3.5235061410348862
3.5250851972959936
3.5244535747915506
3.524137763539329
3.5238219522871077
3.524137740199876
3.524769386043772
3.524137763539329
3.5231903297826648
3.524137763539329
3.5244535747915506
3.5231903297826648
3.5235061410348862
3.5250851739565405
3.5238219522871077
3.524137763539329
3.524769362704319
3.5238219522871077
3.524137763539329
3.5235061410348862
3.5228745185304433
3.524769386043772
3.5244535514520976
3.5244535747915506
3.5244535747915506
3.5244535514520976
3.5235061410348862
3.5244535747915506
3.524769362704319
3.5238219522871077
3.5235061410348862
3.524137740199876
3.524137763539329
3.524137763539329
3.524137763539329
3.5244535747915506
3.5244535747915506
3.5244535514520976
3.5238219522871077
3.5244535514520976
3.524137763539329
3.524137763539329
3.524769362704319
3.5238219522871077
3.5228745185304433
3.5231903297826648
3.5238219522871077
3.5235060541326675
3.524137763539329
3.5238219522871077
3.524137763539329
3.5238219522871077
3.5250851972959936
3.524137763539329
3.5235061410348862
3.5235061410348862
3.5244535514520976
3.5228745185304433
3.524137763539329
3.5254008580832306
3.521927084773779
3.5250851739565405
3.5244535747915506
3.524137763539329
3.524137763539329
3.5244535747915506
3.5238219522871077
3.524137763539329
3.5241376766371104
3.5238219522871077
3.5238219522871077
3.5235061410348862
3.5238219522871077
3.5241376766371104
3.5238219522871077
3.5257168198004365
3.5247692355787876
3.5244535747915506
3.5238219522871077
3.523506117695433
3.5244535747915506
3.5231903297826648
3.5244535514520976
3.5235061410348862
3.5238219289476547
3.5238219522871077
3.524137763539329
3.524137763539329
3.524769386043772
3.5238219522871077
3.5238219289476547
3.524137763539329
3.5244535747915506
3.5222428960260004
3.5235061410348862
3.524137740199876
3.524137740199876
3.5254008580832306
3.524137740199876
3.524769386043772
3.5244535747915506
3.524137740199876
3.5238219522871077
3.5238219289476547
3.5244535747915506
3.5238219522871077
3.523506117695433
3.524137763539329
3.5231903297826648
3.524137763539329
3.524137763539329
3.523506117695433
3.524137763539329
3.524769362704319
3.524769362704319
3.524137763539329
3.524137740199876
3.5235061410348862
3.5238219522871077
3.5254009216459963
3.524137763539329
3.5238219522871077
3.5238219522871077
3.524137763539329
3.5244535747915506
3.5238219522871077
3.5244535747915506
3.524769362704319
3.5244535747915506
3.5238219522871077
3.5235061410348862
3.5244535747915506
3.5235061410348862
3.524137740199876
3.524769386043772
3.5238219522871077
3.5241376766371104
3.524769362704319
3.5238219522871077
3.5257167964609835
3.5235061410348862
3.5235061410348862
3.5238219522871077
3.5244535747915506
3.5231903297826648
3.5250851739565405
3.524137763539329
3.5231903297826648
3.5231903297826648
3.524137763539329
3.524137763539329
3.5228745185304433
3.5250851972959936
3.5244535747915506
3.5235061410348862
3.5250851972959936
3.524453487889332
3.522558707278222
3.5250851739565405
3.5235061410348862
3.5244535747915506
3.524137763539329
3.524137763539329
3.5244535747915506
3.5241376766371104
3.5238219522871077
3.524769362704319
3.5231903297826648
3.5238219522871077
3.5238219289476547
3.524769386043772
3.5238219289476547
3.524769362704319
3.5231903297826648
3.5238219289476547
3.5235061410348862
3.524137763539329
3.523506117695433
3.5244535747915506
3.5244535747915506
3.524769362704319
3.5250851972959936
3.5247692991415533
3.524137763539329
3.5235061410348862
3.522558707278222
3.524137763539329
3.524137763539329
3.525085110393775
3.524137763539329
3.5231903297826648
3.5235061410348862
3.5238219522871077
3.5235061410348862
3.524137763539329
3.5244535514520976
3.5241376766371104
3.5244535747915506
3.5228745185304433
3.524137763539329
3.524769386043772
3.5254008580832306
3.524137763539329
3.5244535747915506
3.523506117695433
3.525401008548215
3.524769362704319
3.524137763539329
3.524137763539329
3.525085110393775
3.5244535747915506
3.5250851972959936
3.524453424326566
3.524137763539329
3.524137763539329
3.5244535747915506
3.5238219522871077
3.5244535747915506
3.5250851972959936
3.522558707278222
3.5241376766371104
3.5228745185304433
3.5250851739565405
3.5231903297826648
3.5231903297826648
3.5244535514520976
3.524769386043772
3.524137763539329
3.5228744316282246
3.5238219522871077
3.525085110393775
3.524137763539329
3.5244535747915506
3.523506117695433
3.524137763539329
3.5244535747915506
3.5247692991415533
3.5244535747915506
3.5238219289476547
3.524137763539329
3.524769386043772
3.5231903297826648
3.524137763539329
3.5238219522871077
3.524453424326566
3.5244535747915506
3.524769362704319
3.524769386043772
3.5235061410348862
3.5235061410348862
3.5244535747915506
3.524137763539329
3.5238219289476547
3.5231903297826648
3.524137763539329
3.5238219289476547
3.524769386043772
3.5244535514520976
3.5247692991415533
3.5244535747915506
3.526348291839895
3.5238219289476547
3.5235061410348862
3.5241376766371104
3.5244535747915506
3.5244535747915506
3.524137763539329
3.5238219522871077
3.5244535747915506
3.5250851739565405
3.5235061410348862
3.524137763539329
3.5244535514520976
3.524137763539329
3.5244535747915506
3.524769386043772
3.5250851972959936
3.5244535747915506
3.5235061410348862
3.524769362704319
3.5241376766371104
3.524137763539329
3.525401008548215
3.525085110393775
3.5250851972959936
3.525400985208762
3.5238219289476547
3.5235061410348862
3.5238219289476547
3.5244535747915506
3.524769386043772
3.524769362704319
3.5235061410348862
3.5244535747915506
3.5235061410348862
3.5231903297826648
3.5238219522871077
3.5235061410348862
3.5244535747915506
3.523506117695433
3.522558707278222
3.5250851972959936
3.524137740199876
3.5244535747915506
3.524769386043772
3.525085110393775
3.5235061410348862
3.5238219522871077
3.5238219522871077
3.5244535747915506
3.524769386043772
3.5231903297826648
3.5231903297826648
3.5238219522871077
3.5228745185304433
3.5235061410348862
3.524137740199876
3.524137740199876
3.5244535747915506
3.5235061410348862
3.5231903297826648
3.525400985208762
3.525085110393775
3.5238219522871077
3.524137763539329
3.5250851739565405
3.524137763539329
3.524769386043772
3.5228745185304433
3.524137763539329
3.5238219522871077
3.5235061410348862
3.5238219522871077
3.524769362704319
3.5244535747915506
3.5250851972959936
3.5244535514520976
3.524137763539329
3.5250851739565405
3.5235061410348862
3.5231903297826648
3.5238219522871077
3.5244535747915506
3.525401008548215
3.5247692991415533
3.5238219522871077
3.5235061410348862
3.5238219522871077
3.524137763539329
3.5250851739565405
3.5244535747915506
3.5257167964609835
3.5235061410348862
3.524769386043772
3.524769362704319
3.524453487889332
3.524137763539329
3.524137740199876
3.524137763539329
3.5238219522871077
3.5235061410348862
3.5238219522871077
3.5231903297826648
3.5235061410348862
3.524137763539329
3.523506117695433
3.524769386043772
3.5235061410348862
3.524769362704319
3.5235061410348862
3.5238219522871077
3.524769362704319
3.5244535747915506
3.524137763539329
3.5231903297826648
3.5244535747915506
3.5238219289476547
3.5238219522871077
3.524769362704319
3.5235061410348862
3.524769386043772
3.5231903297826648
3.524137763539329
3.525716669335452
3.5228745185304433
3.5244535747915506
3.524453487889332
3.5238219522871077
3.524769386043772
3.522558707278222
3.524137763539329
3.5250851739565405
3.5235061410348862
3.5228745185304433
3.524137740199876
3.5231903297826648
3.5235061410348862
3.5235061410348862
3.5238219522871077
3.524769386043772
3.5235061410348862
3.5244535747915506
3.5235061410348862
3.524137763539329
3.524769362704319
3.524769386043772
3.5244535747915506
3.5235061410348862
3.5244535747915506
3.524137740199876
3.5238219522871077
3.5244535747915506
3.5241376766371104
3.524769386043772
3.526032631052658
3.524769362704319
3.5244535747915506
3.5238219289476547
3.524137763539329
3.5235061410348862
3.524137740199876
3.522558707278222
3.524769362704319
3.522558707278222
3.5235061410348862
3.524769362704319
3.5228745185304433
3.5250851972959936
3.5244535747915506
3.5238219522871077
3.524137763539329
3.524137763539329
3.5235061410348862
3.5244535514520976
3.5238219522871077
3.5235061410348862
3.5228745185304433
3.5238219522871077
3.5238219522871077
3.5235060541326675
3.5244535747915506
3.5254008580832306
3.524137763539329
3.5244535747915506
3.524137740199876
3.5250851972959936
3.5235061410348862
3.5244535747915506
3.524769386043772
3.5238219522871077
3.5244535747915506
3.5244535747915506
3.524769386043772
3.5235061410348862
3.524137763539329
3.524137740199876
3.524137763539329
3.524137763539329
3.524769362704319
3.5235061410348862
3.524137763539329
3.524137763539329
3.524137763539329
3.5231903297826648
3.524769386043772
3.524137763539329
3.5238219522871077
3.5235061410348862
3.525716669335452
3.522558707278222
3.5228745185304433
3.5244535747915506
3.524453487889332
3.5238219289476547
3.5231903297826648
3.5238219522871077
3.5235061410348862
3.5231903297826648
3.5238219522871077
3.5235061410348862
3.524137763539329
3.524137763539329
3.5235061410348862
3.524769362704319
3.5244535747915506
3.5244535747915506
3.524453487889332
3.524137763539329
3.524453487889332
3.524769362704319
3.524769386043772
3.524769362704319
3.524137763539329
3.524769386043772
3.5250851739565405
3.5244535747915506
3.525085046831009
3.524137763539329
3.524769386043772
3.524137763539329
3.524769386043772
3.524769386043772
3.523506117695433
3.5244535747915506
3.5244535747915506
3.5231903297826648
3.5238219522871077
3.5247692991415533
3.524137763539329
3.524769386043772
3.525716669335452
3.524769386043772
3.5231903297826648
3.5238219289476547
3.5235061410348862
3.523506117695433
3.5235061410348862
3.5244535747915506
3.5238218018221232
3.5250851739565405
3.5244535747915506
3.524137763539329
3.5244535747915506
3.524769386043772
3.5244535747915506
3.5238219522871077
3.5235061410348862
3.5250851739565405
3.524769362704319
3.5244535514520976
3.5244535514520976
3.524137763539329
3.5244535514520976
3.524769386043772
3.524769362704319
3.5244535514520976
3.5238219522871077
3.524137740199876
3.5244535747915506
3.524137763539329
3.5235061410348862
3.524137763539329
3.524137763539329
3.524453487889332
3.524137763539329
3.524137763539329
3.524137763539329
3.5238219522871077
3.5244535514520976
3.5238219289476547
3.524769386043772
3.525085046831009
3.5244535747915506
3.5238219522871077
3.5231903297826648
3.5244535747915506
3.524137763539329
3.524453487889332
3.5235061410348862
3.5244535747915506
3.524769386043772
3.524137763539329
3.5238219289476547
3.5250851972959936
3.5231903297826648
3.5235061410348862
3.5231903297826648
3.5235061410348862
3.5231903064432117
3.5231903297826648
3.5231903297826648
3.524453487889332
3.5244535747915506
3.5244535514520976
3.5235061410348862
3.5235061410348862
3.5238219289476547
3.5231903297826648
3.524137763539329
3.524769362704319
3.5244535514520976
3.525401008548215
3.524769362704319
3.5257168198004365
3.524137763539329
3.525085110393775
3.525401008548215
3.5250851739565405
3.5235061410348862
3.5238219522871077
3.524137740199876
3.525401008548215
3.5244535747915506
3.5238219289476547
3.5235061410348862
3.5244535747915506
3.5244535747915506
3.5235061410348862
3.5238219289476547
3.524137763539329
3.5244535747915506
3.523821865384889
3.5244535747915506
3.5238219522871077
3.524137763539329
3.524137763539329
3.524137763539329
3.524769386043772
3.524137740199876
3.5235061410348862
3.524137763539329
3.523506117695433
3.524769386043772
3.524769362704319
3.5235061410348862
3.524137763539329
3.524769362704319
3.5238219522871077
3.524769386043772
3.5244535747915506
3.5235061410348862
3.5235061410348862
3.524137740199876
3.5244535747915506
3.5244535747915506
3.524769386043772
3.524769386043772
3.524137763539329
3.524769362704319
3.5241376766371104
3.5235061410348862
3.524769386043772
3.5231903297826648
3.5250851972959936
3.5254009216459963
3.5235061410348862
3.524137763539329
3.524137740199876
3.524137763539329
3.524769362704319
3.522558707278222
3.5244535747915506
3.5241376766371104
3.5244535747915506
3.5244535747915506
3.5235061410348862
3.524769386043772
3.5238219522871077
3.5238219522871077
3.5244535747915506
3.5238219522871077
3.524769386043772
3.5238219522871077
3.5244535514520976
3.5238219522871077
3.5247692355787876
3.5235061410348862
3.5231903297826648
3.524137740199876
3.5244535747915506
3.5244535514520976
3.5238219522871077
3.524137763539329
3.524137763539329
3.5244535747915506
3.524769362704319
3.5244535514520976
3.5257167964609835
3.5231903297826648
3.524137763539329
3.524137763539329
3.5235061410348862
3.5250851972959936
3.5235061410348862
3.524769362704319
3.525085110393775
3.5244535747915506
3.5244535747915506
3.5241376766371104
3.5244535747915506
3.524137763539329
3.525085110393775
3.524137763539329
3.524137763539329
3.5235061410348862
3.5244535747915506
3.5235061410348862
3.5231903297826648
3.5244535747915506
3.5238219522871077
3.5238219522871077
3.5238219289476547
3.5244535747915506
3.5244535747915506
3.522558707278222
3.5231903297826648
3.524137763539329
3.5238219522871077
3.5244535747915506
3.5235061410348862
3.524137763539329
3.524769386043772
3.5238219289476547
3.5238219522871077
3.524137763539329
3.524137740199876
3.5244535747915506
3.5238219289476547
3.5244535747915506
3.524137763539329
3.5238219289476547
3.5238219522871077
3.5231903297826648
3.5231903297826648
3.5250851739565405
3.524769362704319
3.5238219522871077
3.5244535747915506
3.5244535514520976
3.524137763539329
3.524137763539329
3.5238219522871077
3.5238219522871077
3.5235061410348862
3.5244535747915506
3.5238219522871077
3.524453487889332
3.524137763539329
3.524769362704319
3.5238219522871077
3.5244535747915506
3.524137740199876
3.5244535747915506
3.524769362704319
3.5228745185304433
3.5235061410348862
3.5235061410348862
3.524769386043772
3.524137763539329
3.5238219522871077
3.5250851972959936
3.524137763539329
3.524769362704319
3.524137763539329
3.524137740199876
3.524137763539329
3.5250851739565405
3.5228745185304433
3.524769386043772
3.525401008548215
3.524137763539329
3.5238219522871077
3.5244535514520976
3.524137763539329
3.5238219522871077
3.5244535747915506
3.524769386043772
3.5254009216459963
3.5244535747915506
3.5238219522871077
3.524137740199876
3.5238219522871077
3.524137740199876
3.5238219522871077
3.5244535747915506
3.5244535747915506
3.5238219289476547
3.524137763539329
3.5244535514520976
3.524769386043772
3.5244535747915506
3.5231903297826648
3.524769362704319
3.5244535747915506
3.5231903297826648
3.524137763539329
3.5244535747915506
3.5235061410348862
3.5250851972959936
3.5254009216459963
3.524137763539329
3.5244535747915506
3.525085110393775
3.5238219522871077
3.5238219522871077
3.5228745185304433
3.5244535747915506
3.5235061410348862
3.5235061410348862
3.5244535747915506
3.5238219522871077
3.5244535747915506
3.524137763539329
3.5250851739565405
3.5250851972959936
3.5235061410348862
3.5238219289476547
3.5244535747915506
3.5235061410348862
3.524137740199876
3.524137763539329
3.524137740199876
3.5228745185304433
3.5244535514520976
3.5238219522871077
3.524769386043772
3.524769362704319
3.524137763539329
3.5250851972959936
3.524453487889332
3.524137763539329
3.5228745185304433
3.5238219522871077
3.5244535747915506
3.5244535747915506
3.522558707278222
3.5238219522871077
3.524137763539329
3.5244535514520976
3.5235061410348862
3.524137763539329
3.5244535747915506
3.524137763539329
3.5238219522871077
3.524769386043772
3.524769386043772
3.524769386043772
3.5244535747915506
3.5228745185304433
3.5244535514520976
3.525400985208762
3.5244535747915506
3.5238219522871077
3.524137763539329
3.5235061410348862
3.522558707278222
3.524769386043772
3.5238219522871077
3.524769386043772
3.5244535514520976
3.5235061410348862
3.524137763539329
3.524137740199876
3.5235061410348862
3.5235061410348862
3.5238219522871077
3.5250851972959936
3.524769362704319
3.5235061410348862
3.5238219522871077
3.5238219522871077
3.5235061410348862
3.524769362704319
3.5238219289476547
3.5244535747915506
3.524769386043772
3.5241376130743447
3.5244535747915506
3.5235061410348862
3.5235061410348862
3.5238219522871077
3.5244535747915506
3.524769386043772
3.5244535747915506
3.523821865384889
3.5244535747915506
3.5244535514520976
3.526032607713205
3.525400985208762
3.5244535747915506
3.524137763539329
3.526032607713205
3.524769362704319
3.5238219522871077
3.5244535514520976
3.5250851972959936
3.5238219522871077
3.524137740199876
3.5238219522871077
3.5244535747915506
3.523506117695433
3.5238219522871077
3.5244535747915506
3.524137763539329
3.5231903297826648
3.5244535747915506
3.524137763539329
3.524137763539329
3.5228745185304433
3.5231903297826648
3.524769362704319
3.5231903297826648
3.5250851972959936
3.5241376766371104
3.5250851739565405
3.524137763539329
3.524137763539329
3.524769386043772
3.524769362704319
3.5238219522871077
3.524769386043772
3.524137763539329
3.524137763539329
3.524769386043772
3.5235061410348862
3.524137763539329
3.5231903297826648
3.5250851739565405
3.5250851739565405
3.5244535747915506
3.5244535747915506
3.5238219522871077
3.5238219522871077
3.524137763539329
3.5244535514520976
3.524769386043772
3.5238219522871077
3.5235061410348862
3.5238219522871077
3.5238219522871077
3.5241376766371104
3.5250851972959936
3.524137740199876
3.5244535747915506
3.522558707278222
3.5238219289476547
3.5238219522871077
3.524769386043772
3.524453424326566
3.5250851972959936
3.5238219522871077
3.5228745185304433
3.525401008548215
3.5231903297826648
3.5238219522871077
3.5250851739565405
3.524137740199876
3.524137763539329
3.5228745185304433
3.5235061410348862
3.5238219522871077
3.5247692355787876
3.524769362704319
3.5250851739565405
3.524769386043772
3.524137763539329
3.5235061410348862
3.5250851739565405
3.5238219522871077
3.5244535747915506
3.5244535747915506
3.524769362704319
3.5244535747915506
3.5257167964609835
3.5254008580832306
3.524137763539329
3.5235061410348862
3.5238219289476547
3.524137763539329
3.5254009216459963
3.5260324805876735
3.524137763539329
3.523821865384889
3.5244535747915506
3.5238219522871077
3.524453487889332
3.524769386043772
3.5241376766371104
3.5238219522871077
3.5238219522871077
3.5244535747915506
3.524137763539329
3.5238219522871077
3.524769362704319
3.524137763539329
3.524453487889332
3.524137763539329
3.5238219522871077
3.5231903297826648
3.5244535747915506
3.525085110393775
3.524137763539329
3.5244535747915506
3.5241376766371104
3.5244535747915506
3.5235061410348862
3.524137763539329
3.5235061410348862
3.5238219522871077
3.5231903297826648
3.524137763539329
3.5235060541326675
3.524769386043772
3.5238219289476547
3.5244535747915506
3.524137763539329
3.5231903297826648
3.5238219522871077
3.5235061410348862
3.5244535514520976
3.524137763539329
3.5244535747915506
3.525085110393775
3.5235061410348862
3.5244535514520976
3.5235061410348862
3.524769386043772
3.5241376766371104
3.5231903297826648
3.5244535747915506
3.5238219289476547
3.5244535747915506
3.5235061410348862
3.5235061410348862
3.524769386043772
3.5235061410348862
3.5235061410348862
3.5244535747915506
3.5238219522871077
3.524769386043772
3.5231903297826648
3.5238219289476547
3.5235061410348862
3.5238219522871077
3.5247692355787876
3.5250851972959936
3.5238219289476547
3.524137763539329
3.5244535747915506
3.524137740199876
3.524137740199876
3.524137763539329
3.524137763539329
3.524137763539329
3.5244535514520976
3.5238219522871077
3.525400985208762
3.524137740199876
3.524769362704319
3.524137763539329
3.5238219522871077
3.5238219522871077
3.525401008548215
3.5238219522871077
3.5244535747915506
3.524137763539329
3.5244535747915506
3.525401008548215
3.5244535514520976
3.5235061410348862
3.5244535747915506
3.5238219289476547
3.5244535747915506
3.5244535747915506
3.5222428960260004
3.5244535747915506
3.524137763539329
3.5231903297826648
3.524769386043772
3.524453487889332
3.5235061410348862
3.524769386043772
3.524137763539329
3.5235061410348862
3.5235061410348862
3.524137763539329
3.5238219289476547
3.5235061410348862
3.5231903297826648
3.5244535747915506
3.5231903297826648
3.5238219289476547
3.5244535747915506
3.524137763539329
3.522558707278222
3.5250851972959936
3.524769362704319
3.5244535747915506
3.5250851972959936
3.5238219522871077
3.524137740199876
3.524137763539329
3.5238219522871077
3.5238219522871077
3.5250851972959936
3.5238219522871077
3.524137763539329
3.5238219289476547
3.525085110393775
3.5244535747915506
3.5235061410348862
3.5238219289476547
3.5238219522871077
3.524769386043772
3.5250851972959936
3.5238219522871077
3.524769362704319
3.5250851739565405
3.5235061410348862
3.523190242880446
3.524769386043772
3.5231903297826648
3.5244535747915506
3.5235061410348862
3.5238219522871077
3.524769386043772
3.5250851739565405
3.525085046831009
3.524769386043772
3.524137763539329
3.5254009216459963
3.5244535747915506
3.524137740199876
3.5238219522871077
3.525401008548215
3.524137763539329
3.5244535747915506
3.524137763539329
3.524137763539329
3.5235061410348862
3.5244535514520976
3.5244535747915506
3.524137763539329
3.5244535747915506
3.5244535747915506
3.5244535747915506
3.5244535747915506
3.5244535747915506
3.524137763539329
3.5244535747915506
3.5235061410348862
3.524137740199876
3.524137763539329
3.5238219522871077
3.524769386043772
3.5244535747915506
3.5238219289476547
3.5250851972959936
3.5231903064432117
3.5238219522871077
3.5235061410348862
3.524137763539329
3.5231903297826648
3.5231903297826648
3.524769386043772
3.5250851972959936
3.5247692355787876
3.5238219522871077
3.524137763539329
3.5235061410348862
3.5238219522871077
3.5231903297826648
3.5231903297826648
3.5244535747915506
3.5238219289476547
3.524137763539329
3.5238219522871077
3.5244535747915506
3.5238219522871077
3.524137763539329
3.5238219522871077
3.5250851972959936
3.5235061410348862
3.524769386043772
3.524137763539329
3.5228745185304433
3.5238219522871077
3.5241376766371104
3.524137763539329
3.5235061410348862
3.5231903297826648
3.524137763539329
3.5238219522871077
3.524137763539329
3.524137740199876
3.525085046831009
3.5244535747915506
3.5247692355787876
3.5231903297826648
3.5238219522871077
3.5231903297826648
3.5238219522871077
3.5231903297826648
3.523506117695433
3.5244535747915506
3.5250851739565405
3.524137763539329
3.524137763539329
3.524769362704319
3.5238219522871077
3.5244535747915506
3.5250851739565405
3.5244535747915506
3.5254009216459963
3.5241376766371104
3.524137763539329
3.524769362704319
3.5250851972959936
3.5238219522871077
3.5238219289476547
3.5244535747915506
3.5235061410348862
3.523506117695433
3.5238219522871077
3.5238219522871077
3.5244535747915506
3.524137763539329
3.5238219289476547
3.524137763539329
3.5244535747915506
3.5231903297826648
3.524769362704319
3.5250851972959936
3.524769362704319
3.524137763539329
3.5235061410348862
3.524137763539329
3.524137763539329
3.5238219522871077
3.5231903297826648
3.5235061410348862
3.5235061410348862
3.525401008548215
3.5250851739565405
3.5222428960260004
3.524769386043772
3.522558707278222
3.524769386043772
3.524137763539329
3.5238219522871077
3.524137763539329
3.524137763539329
3.524769386043772
3.5235061410348862
3.5231903297826648
3.5238219522871077
3.5238219522871077
3.524769386043772
3.524137763539329
3.5244535747915506
3.5238219522871077
3.524769386043772
3.524769362704319
3.5250851972959936
3.524453487889332
3.5238219522871077
3.524137763539329
3.522558707278222
3.5244535747915506
3.5250851739565405
3.523506117695433
3.524769386043772
3.524453487889332
3.5235061410348862
3.5244535747915506
3.5235061410348862
3.5235061410348862
3.5235061410348862
3.5238219289476547
3.524137763539329
3.5235061410348862
3.5238219522871077
3.524769386043772
3.5231903297826648
3.5238219522871077
3.5238219522871077
3.5235061410348862
3.5250851972959936
3.5231903297826648
3.524137763539329
3.5235061410348862
3.524769386043772
3.5235061410348862
3.524769386043772
3.524137740199876
3.5244535747915506
3.524769386043772
3.5241376766371104
3.5257167964609835
3.524453424326566
3.5235061410348862
3.5235061410348862
3.5244535514520976
3.524769386043772
3.524137763539329
3.5238219289476547
3.524137763539329
3.5235061410348862
3.524137763539329
3.5244535747915506
3.524769362704319
3.5244535514520976
3.5238219522871077
3.524453487889332
3.5238219522871077
3.5235061410348862
3.525085110393775
3.522558707278222
3.5250851972959936
3.5238219289476547
3.5244535747915506
3.524769386043772
3.5238219522871077
3.5257167964609835
3.5241376130743447
3.5235061410348862
3.5244535747915506
3.524137740199876
3.5235061410348862
3.524769362704319
3.5235061410348862
3.524137763539329
3.5244535747915506
3.522558707278222
3.5238219522871077
3.524769386043772
3.5231903297826648
3.5250851972959936
3.5254008580832306
3.5244535747915506
3.524137740199876
3.5231903297826648
3.5231903297826648
3.524769386043772
3.5238219289476547
3.5238219522871077
3.524137763539329
3.5231903297826648
3.524769362704319
3.5250851739565405
3.5231903297826648
3.524769386043772
3.5244535747915506
3.5231903064432117
3.5244535747915506
3.524137763539329
3.5231903297826648
3.5235061410348862
3.524769362704319
3.521927084773779
3.5235061410348862
3.5238219522871077
3.5231903297826648
3.524769386043772
3.5254009216459963
3.5235061410348862
3.5244535514520976
3.5231903297826648
3.524769386043772
3.5235061410348862
3.5235061410348862
3.5244535747915506
3.5244535514520976
3.524769362704319
3.525085110393775
3.524137763539329
3.5250851972959936
3.524137740199876
3.5238219522871077
3.524769386043772
3.5247692991415533
3.5244535747915506
3.5244535747915506
3.523506117695433
3.5244535747915506
3.5244535747915506
3.5244535514520976
3.5238219522871077
3.524769362704319
3.5244535747915506
3.5238219522871077
3.5244535747915506
3.5244535747915506
3.5244535747915506
3.523821865384889
3.5244535747915506
3.5244535747915506
3.5254009216459963
3.5238219522871077
3.5235061410348862
3.5244535747915506
3.5244535747915506
3.5238219289476547
3.524137763539329
3.524769386043772
3.524769362704319
3.5235061410348862
3.5231903297826648
3.524137763539329
3.5238219522871077
3.5238219522871077
3.524769386043772
3.5244535514520976
3.524137763539329
3.524137763539329
3.5244535514520976
3.5244535747915506
3.524769386043772
3.5231903297826648
3.524769386043772
3.5244535747915506
3.5231903297826648
3.5244535747915506
3.5238219522871077
3.525401008548215
3.526032544150439
3.522558707278222
3.524137763539329
3.5247692355787876
3.5235061410348862
3.5238219289476547
3.524137740199876
3.5244535747915506
3.524137740199876
3.5231903297826648
3.524769386043772
3.5244535514520976
3.5244535747915506
3.5238219522871077
3.525085110393775
3.5250851972959936
3.523506117695433
3.524769362704319
3.524769362704319
3.524137763539329
3.524769362704319
3.5222428960260004
3.5244535747915506
3.5238219522871077
3.5241376766371104
3.5244535747915506
3.5238219522871077
3.5244535747915506
3.524769386043772
3.524769362704319
3.5231903297826648
3.5235061410348862
3.5241376766371104
3.525401008548215
3.5244535514520976
3.5238219522871077
3.5244535747915506
3.5231903297826648
3.5244535747915506
3.5238219289476547
3.5235061410348862
3.524137763539329
3.5235061410348862
3.5244535514520976
3.5244535747915506
3.5238219522871077
3.524769362704319
3.524137763539329
3.5238219289476547
3.524769386043772
3.5238219289476547
3.524137763539329
3.5244535747915506
3.524137740199876
3.524769386043772
3.5238219289476547
3.5238219289476547
3.5244535747915506
3.5250851739565405
3.5244535514520976
3.5231903297826648
3.5238219522871077
3.5244535747915506
3.5235061410348862
3.5254009216459963
3.5235061410348862
3.5228745185304433
3.524137763539329
3.5244535747915506
3.5228745185304433
3.524137763539329
3.5244535747915506
3.5235060541326675
3.524137763539329
3.523506117695433
3.524137763539329
3.524769362704319
3.524769362704319
3.5250851972959936
3.5235061410348862
3.5228745185304433
3.524137763539329
3.5250851739565405
3.524137763539329
3.5254008580832306
3.5238219522871077
3.5244535747915506
3.5238219522871077
3.524769362704319
3.524137740199876
3.5238219522871077
3.5238219522871077
3.5238219522871077
3.5238219522871077
3.5250851972959936
3.524453424326566
3.5235061410348862
3.5238219289476547
3.5238219522871077
3.5250851972959936
3.5241376766371104
3.5238219289476547
3.524769386043772
3.5235061410348862
3.5238219522871077
3.525400985208762
3.5241376766371104
3.524137763539329
3.524137763539329
3.5238219522871077
3.5244535747915506
3.5235061410348862
3.5238219289476547
3.5238219522871077
3.5244535747915506
3.524769386043772
3.5244535514520976
3.525085046831009
3.5250851972959936
3.5244535747915506
3.5244535514520976
3.5244535747915506
3.524137740199876
3.524137763539329
3.5244535514520976
3.5235061410348862
3.524137763539329
3.5250851739565405
3.5238219289476547
3.524769362704319
3.524137763539329
3.524137763539329
3.523506117695433
3.524769362704319
3.5235061410348862
3.5238219522871077
3.5238219522871077
3.5238219289476547
3.5238219522871077
3.5235061410348862
3.5250851739565405
3.5235061410348862
3.524137763539329
3.5235061410348862
3.5238219522871077
3.5235061410348862
3.5238219522871077
3.5238219289476547
3.524769386043772
3.524769386043772
3.5231903297826648
3.5238219522871077
3.5257167964609835
3.5238219522871077
3.5238219522871077
3.5244535747915506
3.5238219289476547
3.5244535747915506
3.5244535514520976
3.524453487889332
3.5250851972959936
3.5235061410348862
3.5238219522871077
3.5238219522871077
3.5244535514520976
3.5244535747915506
3.5244535747915506
3.5238219522871077
3.5238219522871077
3.524769386043772
3.5238219522871077
3.524137763539329
3.5250851739565405
3.5250851739565405
3.524137763539329
3.5231903297826648
3.5228745185304433
3.524769386043772
3.5247692355787876
3.524137763539329
3.524769362704319
3.524137763539329
3.5238219522871077
3.524769362704319
3.5238219289476547
3.5228745185304433
3.5257168198004365
3.5235061410348862
3.524769386043772
3.5244535747915506
3.524769362704319
3.524137763539329
3.5235061410348862
3.524137763539329
3.5254009216459963
3.524137740199876
3.524769362704319
3.5235061410348862
3.5231903297826648
3.5244535747915506
3.5235061410348862
3.524769362704319
3.522558707278222
3.5238219522871077
3.5235061410348862
3.524769386043772
3.522558707278222
3.5231903297826648
3.524137763539329
3.5238219289476547
3.5250851972959936
3.5235061410348862
3.524769362704319
3.524769386043772
3.5235061410348862
3.524137763539329
3.524453424326566
3.523506117695433
3.525401008548215
3.5231903297826648
3.5244535747915506
3.524137740199876
3.525085110393775
3.5235061410348862
3.5244535747915506
3.5235061410348862
3.5238219522871077
3.5235061410348862
3.5235061410348862
3.5250851972959936
3.5228745185304433
3.5244535747915506
3.5244535514520976
3.524137740199876
3.5250851972959936
3.524453487889332
3.524137763539329
3.524137763539329
3.5231903297826648
3.5222428960260004
3.524769386043772
3.524137763539329
3.5231903297826648
3.524769362704319
3.5244535747915506
3.5244535514520976
3.5244535514520976
3.524137763539329
3.5244535747915506
3.5250851739565405
3.5231903297826648
3.5231903297826648
3.524137763539329
3.524453487889332
3.5235061410348862
3.5228745185304433
3.524137763539329
3.524137763539329
3.524137763539329
3.524769362704319
3.5238219522871077
3.5244535514520976
3.5231903297826648
3.524769386043772
3.524137740199876
3.5238219522871077
3.524769386043772
3.523506117695433
3.5238219522871077
3.5244535747915506
3.5231903297826648
3.524137763539329
3.524137763539329
3.5235061410348862
3.5238219289476547
3.5228745185304433
3.5244535747915506
3.5244535514520976
3.5231903297826648
3.524769362704319
3.524137763539329
3.524137763539329
3.524137763539329
3.5250851739565405
3.524137763539329
3.524769386043772
3.5235061410348862
3.524137763539329
3.5254009216459963
3.5231903297826648
3.524453487889332
3.525401008548215
3.524769386043772
3.524137740199876
3.524769386043772
3.523506117695433
3.5235061410348862
3.524137763539329
3.5238219289476547
3.5244535747915506
3.5247692355787876
3.5238219522871077
3.524769386043772
3.5231903297826648
3.524769386043772
3.5244535747915506
3.522558707278222
3.524769386043772
3.5244535747915506
3.5238219522871077
3.5238219522871077
3.5238219289476547
3.5231903297826648
3.524137763539329
3.5247692355787876
3.524137763539329
3.5235061410348862
3.5238219289476547
3.5244535747915506
3.524137763539329
3.5244535747915506
3.5250851972959936
3.5231903297826648
3.5238219522871077
3.5238219289476547
3.5238219522871077
3.5250851739565405
3.5231903297826648
3.524769386043772
3.5235061410348862
3.5228745185304433
3.5238219522871077
3.524769386043772
3.524769362704319
3.524137763539329
3.5235061410348862
3.525400985208762
3.524137763539329
3.523821865384889
3.5235061410348862
3.524137740199876
3.522558707278222
3.5238219522871077
3.5231903297826648
3.5238219522871077
3.5244535747915506
3.5231903297826648
3.524769386043772
3.5235061410348862
3.5235061410348862
3.5244535747915506
3.5235061410348862
3.5238219522871077
3.524137763539329
3.524137763539329
3.524137763539329
3.5244535747915506
3.5231903297826648
3.524769386043772
3.5238219522871077
3.524769386043772
3.524769386043772
3.524769172016022
3.5238219522871077
3.5235061410348862
3.5231903297826648
3.5244535747915506
3.5244535514520976
3.5247692991415533
3.525401008548215
3.5235061410348862
3.5244535514520976
3.525401008548215
3.5238219522871077
3.5231903297826648
3.524137763539329
3.5238219522871077
3.524137763539329
3.524137763539329
3.5238219522871077
3.524137763539329
3.524137763539329
3.5247692355787876
3.5250851972959936
3.5231903297826648
3.524137763539329
3.5244535747915506
3.525085046831009
3.524137763539329
3.5235061410348862
3.5235061410348862
3.5244535514520976
3.5235061410348862
3.524137740199876
3.525401008548215
3.524769362704319
3.5244535747915506
3.5244535747915506
3.524453487889332
3.5238219522871077
3.5238219522871077
3.5231903297826648
3.524137763539329
3.5235061410348862
3.5231903297826648
3.524137763539329
3.5235061410348862
3.5235061410348862
3.524769362704319
3.5231903297826648
3.5231903297826648
3.5231903297826648
3.5222428960260004
3.524137763539329
3.5250851739565405
3.524137763539329
3.5244535514520976
3.524769362704319
3.524137763539329
3.524137763539329
3.5244535514520976
3.5244535747915506
3.5231903297826648
3.524137763539329
3.5235061410348862
3.524769386043772
3.525085046831009
3.524137763539329
3.5244535514520976
3.5238219522871077
3.5228745185304433
3.524137763539329
3.5244535747915506
3.5238219522871077
3.5231903297826648
3.5250851739565405
3.5235061410348862
3.522558707278222
3.5231903297826648
3.5238219522871077
3.524769386043772
3.524769386043772
3.5231903297826648
3.5235061410348862
3.5238219522871077
3.5241376130743447
3.5231903297826648
3.5238219522871077
3.5235061410348862
3.524137763539329
3.5238219522871077
3.5235061410348862
3.5250851972959936
3.5244535747915506
3.5231903297826648
3.5235061410348862
3.5244535747915506
3.5238219522871077
3.5244535747915506
3.5235061410348862
3.524137763539329
3.5235061410348862
3.524137763539329
3.524769386043772
3.5238219289476547
3.5228745185304433
3.5244535747915506
3.5235061410348862
3.5244535747915506
3.5231903297826648
3.5238219522871077
3.5238219522871077
3.5244535747915506
3.5244535747915506
3.5250851972959936
3.5244535514520976
3.524137763539329
3.5238219522871077
3.5231903297826648
3.524137763539329
3.5235061410348862
3.5235061410348862
3.5244535514520976
3.5244535747915506
3.5250851972959936
3.5238219289476547
3.5238219522871077
3.524769386043772
3.5231903297826648
3.5235061410348862
3.5228745185304433
3.5244535747915506
3.524137763539329
3.5241376766371104
3.5250851972959936
3.5238219522871077
3.5231903297826648
3.5238219522871077
3.5238219522871077
3.5235061410348862
3.524769386043772
3.5231903297826648
3.5244535747915506
3.5244535747915506
3.5244535747915506
3.525401008548215
3.524137763539329
3.5238219522871077
3.524769362704319
3.523506117695433
3.5244535747915506
3.524769362704319
3.524137763539329
3.524769386043772
3.5235061410348862
3.5238219522871077
3.524137763539329
3.523506117695433
3.5244535747915506
3.523506117695433
3.5244535747915506
3.5235061410348862
3.524137740199876
3.5257167328982177
3.525401008548215
3.5238219522871077
3.524137763539329
3.5235061410348862
3.524137763539329
3.5238219522871077
3.5228745185304433
3.5231903297826648
3.524137763539329
3.5244535514520976
3.5244535747915506
3.524137763539329
3.5231903297826648
3.5235061410348862
3.5231903297826648
3.524137763539329
3.5244535747915506
3.523506117695433
3.5238219522871077
3.5231903297826648
3.524137740199876
3.524137740199876
3.5238219522871077
3.5250851972959936
3.5238219522871077
3.5244535747915506
3.524769386043772
3.522558707278222
3.5254009216459963
3.5235061410348862
3.5238219289476547
3.524769386043772
3.5244535514520976
3.5254009216459963
3.5244535747915506
3.5228745185304433
3.524137763539329
3.524769386043772
3.524137763539329
3.5244535747915506
3.522558683938769
3.525085110393775
3.5254009216459963
3.5238219289476547
3.5235061410348862
3.5238219522871077
3.5235061410348862
3.5238219522871077
3.5244535747915506
3.5231903297826648
3.524769386043772
3.5244535747915506
3.5238219522871077
3.5238219522871077
3.5231903297826648
3.5235061410348862
3.523821865384889
3.5228745185304433
3.5235061410348862
3.524137763539329
3.524137763539329
3.5235061410348862
3.524137763539329
3.524137763539329
3.524453487889332
3.524137763539329
3.524137763539329
3.5235061410348862
3.5238219522871077
3.5244535747915506
3.5238219522871077
3.524769386043772
3.5235061410348862
3.5231903297826648
3.524137763539329
3.524137763539329
3.5231903297826648
3.5235061410348862
3.524137763539329
3.524769362704319
3.5241376766371104
3.524137763539329
3.5238219289476547
3.5244535747915506
3.525085110393775
3.5238219522871077
3.5244535747915506
3.5244535747915506
3.524137740199876
3.5238219522871077
3.5238219522871077
3.5244535747915506
3.5238219522871077
3.5231903297826648
3.524137740199876
3.524137763539329
3.524453424326566
3.5244535514520976
3.524769386043772
3.524137763539329
3.524137740199876
3.524137763539329
3.5238219289476547
3.5250851972959936
3.524769386043772
3.5231903064432117
3.5228745185304433
3.5235061410348862
3.5235061410348862
3.5244535747915506
3.5244535514520976
3.5244535747915506
3.5244535747915506
3.525085110393775
3.524137763539329
3.523506117695433
3.5235061410348862
3.524769386043772
3.524137763539329
3.5235061410348862
3.5238219522871077
3.5235061410348862
3.5244535747915506
3.524137763539329
3.5228745185304433
3.524137763539329
3.5238219289476547
3.5228745185304433
3.5250851972959936
3.5241376766371104
3.5244535514520976
3.5250851972959936
3.5244535514520976
3.5231903297826648
3.524769386043772
3.5231903297826648
3.524769386043772
3.524769386043772
3.5244535747915506
3.524137763539329
3.5250851739565405
3.524769386043772
3.524137763539329
3.524769362704319
3.5244535747915506
3.5244535747915506
3.5235061410348862
3.524769386043772
3.5244535747915506
3.5231903297826648
3.5244535747915506
3.524769362704319
3.5235061410348862
3.524769386043772
3.5238219289476547
3.524769386043772
3.5238219522871077
3.525085046831009
3.5238219522871077
3.5238219522871077
3.524137763539329
3.524137763539329
3.525401008548215
3.524137740199876
3.524137763539329
3.5231903297826648
3.524137740199876
3.5238219289476547
3.5235061410348862
3.5244535514520976
3.5244535747915506
3.525085110393775
3.5231903297826648
3.5250851739565405
3.5238219289476547
3.524769386043772
3.524769386043772
3.5235061410348862
3.5238219522871077
3.5235061410348862
3.5235061410348862
3.524137763539329
3.524137763539329
3.5238219522871077
3.5238219522871077
3.524769362704319
3.524137763539329
3.524137763539329
3.523821865384889
3.5238219522871077
3.5241376766371104
3.5231903297826648
3.5244535747915506
3.524137763539329
3.5235061410348862
3.524769386043772
3.5247692355787876
3.5244535747915506
3.523821865384889
3.5244535514520976
3.524769386043772
3.524137763539329
3.5231903297826648
3.5250851972959936
3.524137740199876
3.524137763539329
3.5238219289476547
3.5244535747915506
3.5250851739565405
3.524137763539329
3.524137763539329
3.5250851972959936
3.5231903064432117
3.5238219522871077
3.5228745185304433
3.525400985208762
3.525400985208762
3.5244535514520976
3.5244535747915506
3.524769386043772
3.523506117695433
3.5244535747915506
3.5238219522871077
3.5238219522871077
3.5238219522871077
3.524769362704319
3.524137763539329
3.5238219522871077
3.5238219289476547
3.5257168198004365
3.524137763539329
3.5238219289476547
3.524137763539329
3.524137740199876
3.522558707278222
3.5228745185304433
3.5238219289476547
3.5250851972959936
3.5238219522871077
3.524137763539329
3.5231903297826648
3.5231903297826648
3.524137763539329
3.524137763539329
3.5241376766371104
3.5244535747915506
3.5222428960260004
3.5231903297826648
3.5238219522871077
3.5238219522871077
3.524137763539329
3.5250851739565405
3.5235061410348862
3.524769386043772
3.5222428960260004
3.5238219522871077
3.524137763539329
3.5235061410348862
3.5244535747915506
3.524137763539329
3.523506117695433
3.522558707278222
3.524769362704319
3.5238219522871077
3.5228745185304433
3.5250851739565405
3.5250851972959936
3.5244535514520976
3.5238219522871077
3.5244535747915506
3.524137763539329
3.524137763539329
3.5231903297826648
3.5231903297826648
3.524769386043772
3.5238219289476547
3.524137763539329
3.5244535747915506
3.524137763539329
3.524769362704319
3.5238219522871077
3.524137763539329
3.524137763539329
3.524453487889332
3.5228745185304433
3.5244535747915506
3.5231903064432117
3.524137763539329
3.524137740199876
3.524137763539329
3.5231903297826648
3.5231903297826648
3.5228745185304433
3.5257168198004365
3.5244535747915506
3.524769386043772
3.5257167328982177
3.524769386043772
3.524769386043772
3.523506117695433
3.524769386043772
3.5235061410348862
3.5238219522871077
3.5244535747915506
3.5235061410348862
3.5244535747915506
3.525401008548215
3.524137763539329
3.524137763539329
3.5231903297826648
3.524769362704319
3.5244535747915506
3.5238219289476547
3.524137763539329
3.524137763539329
3.524137740199876
3.5244535747915506
3.5231903297826648
3.5238219522871077
3.5244535747915506
3.5235061410348862
3.524453487889332
3.524769386043772
3.5228745185304433
3.524769362704319
3.524137763539329
3.524453487889332
3.524769386043772
3.5238219522871077
3.5244535747915506
3.524769386043772
3.5238219522871077
3.5238219289476547
3.5244535747915506
3.5231903297826648
3.5244535747915506
3.5247692355787876
3.524137740199876
3.5250851972959936
3.523506117695433
3.5228745185304433
3.524769386043772
3.524769386043772
3.5244535747915506
3.523506117695433
3.5238219522871077
3.5235061410348862
3.5241376766371104
3.5235061410348862
3.524137763539329
3.5244535514520976
3.524137763539329
3.5228745185304433
3.5231903297826648
3.5235061410348862
3.523506117695433
3.5238219522871077
3.5235061410348862
3.5231903297826648
3.5235061410348862
3.5244535747915506
3.5247692991415533
3.5235061410348862
3.524137763539329
3.5235061410348862
3.5228745185304433
3.524769362704319
3.5235061410348862
3.524769386043772
3.525085046831009
3.5244535747915506
3.5244535747915506
3.5241376766371104
3.524137763539329
3.5235061410348862
3.5231903297826648
3.524769386043772
3.5254009216459963
3.5235061410348862
3.524137763539329
3.524137740199876
3.524137763539329
3.524769362704319
3.524769362704319
3.5250851972959936
3.524769386043772
3.523506117695433
3.5244535747915506
3.5235061410348862
3.524769386043772
3.524137740199876
3.524137740199876
3.5231903297826648
3.5231903297826648
3.5235061410348862
3.5244535747915506
3.5235061410348862
3.5241376766371104
3.5250851972959936
3.5231903297826648
3.5244535747915506
3.524769386043772
3.5244535747915506
3.5235061410348862
3.5257167964609835
3.5231903064432117
3.5235061410348862
3.524769362704319
3.5235061410348862
3.524769386043772
3.5244535747915506
3.5241376766371104
3.524769386043772
3.524137740199876
3.5241376766371104
3.5231903297826648
3.5235061410348862
3.5235061410348862
3.524769386043772
3.5235061410348862
3.5231903297826648
3.524769386043772
3.524769362704319
3.5244535747915506
3.5231903297826648
3.5231903297826648
3.5244535747915506
3.524453487889332
3.523821865384889
3.5238219522871077
3.5250851739565405
3.521927084773779
3.5257167964609835
3.524137763539329
3.5235061410348862
3.5244535514520976
3.524137740199876
3.524137763539329
3.5238219522871077
3.5247692355787876
3.5228745185304433
3.5244535747915506
3.5244535747915506
3.5231903297826648
3.5238219289476547
3.5244535747915506
3.5238219289476547
3.5228744951909903
3.5238219522871077
3.524137763539329
3.524137763539329
3.524769362704319
3.5228745185304433
3.5235061410348862
3.524769386043772
3.524453424326566
3.5231903297826648
3.5238219289476547
3.5238219289476547
3.524137763539329
3.525085110393775
3.5250851739565405
3.524769386043772
3.523506117695433
3.5244535747915506
3.524137763539329
3.524137763539329
3.525401008548215
3.524137763539329
3.524137763539329
3.5250851972959936
3.5235061410348862
3.524137763539329
3.5238219289476547
3.524769362704319
3.524769386043772
3.524769386043772
3.524769362704319
3.5244535747915506
3.523190242880446
3.524137763539329
3.5231903297826648
3.5235061410348862
3.5250851739565405
3.524137763539329
3.5235061410348862
3.525401008548215
3.5235061410348862
3.524769386043772
3.5235061410348862
3.525400985208762
3.5238219522871077
3.523506117695433
3.5238219522871077
3.524769386043772
3.523506117695433
3.5244535747915506
3.5238219522871077
3.5235061410348862
3.5244535747915506
3.5231903064432117
3.5244535747915506
3.524137763539329
3.5244535747915506
3.524137763539329
3.5231903297826648
3.5244535747915506
3.5244535747915506
3.5231903297826648
3.5250851739565405
3.5238219522871077
3.5231903064432117
3.5238219522871077
3.5244535514520976
3.524137763539329
3.524137763539329
3.5231903297826648
3.5250851972959936
3.524769386043772
3.5244535747915506
3.524137763539329
3.5244535747915506
3.525401008548215
3.5244535514520976
3.5231903297826648
3.524769386043772
3.5244535514520976
3.5235061410348862
3.5257168198004365
3.5238219289476547
3.5238219522871077
3.525085110393775
3.5238219289476547
3.524769386043772
3.5238219522871077
3.524137740199876
3.525400985208762
3.5244535747915506
3.5238219522871077
3.5244535514520976
3.524137740199876
3.524137763539329
3.524769362704319
3.524137740199876
3.524137763539329
3.5244535747915506
3.524137763539329
3.5231903297826648
3.524137740199876
3.524137763539329
3.5250851972959936
3.524453424326566
3.524769386043772
3.524137763539329
3.524137763539329
3.5244535747915506
3.524137740199876
3.5238219522871077
3.524137763539329
3.5241376766371104
3.524769386043772
3.5235061410348862
3.5235061410348862
3.524769386043772
3.5244535747915506
3.5257167328982177
3.524769386043772
3.524137740199876
3.5238219522871077
3.5244535747915506
3.524453487889332
3.5244535747915506
3.524137740199876
3.5235061410348862
3.524137763539329
3.5241376766371104
3.5244535747915506
3.5244535747915506
3.5250851739565405
3.524137763539329
3.5231903297826648
3.5235061410348862
3.5235061410348862
3.5238219522871077
3.5238219522871077
3.5238219522871077
3.524137763539329
3.524137763539329
3.5231903297826648
3.525085110393775
3.5244535747915506
3.5238219522871077
3.524137763539329
3.5244535747915506
3.5235061410348862
3.524769386043772
3.5231903297826648
3.522558707278222
3.5238219289476547
3.5238219522871077
3.5238219289476547
3.524769386043772
3.5244535514520976
3.524137763539329
3.524769386043772
3.525085110393775
3.5231903297826648
3.524137763539329
3.5244535514520976
3.524137763539329
3.524137763539329
3.5244535514520976
3.5244535747915506
3.524137763539329
3.524769362704319
3.5250851972959936
3.5238219522871077
3.5228745185304433
3.5235061410348862
3.524769362704319
3.524137763539329
3.524137763539329
3.5254009216459963
3.524137763539329
3.524769386043772
3.5241376766371104
3.5250851972959936
3.5228745185304433
3.5235061410348862
3.524137763539329
3.524137740199876
3.5244535747915506
3.5244535747915506
3.5231903297826648
3.524137763539329
3.524769386043772
3.5238219289476547
3.524137763539329
3.5238219522871077
3.524137763539329
3.5238219522871077
3.5244535747915506
3.524137740199876
3.5238219522871077
3.5247692991415533
3.524137763539329
3.5235061410348862
3.524137763539329
3.5238219289476547
3.5244535747915506
3.524453487889332
3.524769386043772
3.5244535747915506
3.524137740199876
3.5238219522871077
3.524137763539329
3.5244535514520976
3.525400985208762
3.5238219522871077
3.524137740199876
3.5250851972959936
3.5244535747915506
3.5235061410348862
3.524137763539329
3.5238219522871077
3.524137763539329
3.5238219522871077
3.524137763539329
3.524137763539329
3.5244535747915506
3.522558707278222
3.5238219522871077
3.5250851972959936
3.523506117695433
3.5235061410348862
3.5244535747915506
3.524137740199876
3.5235061410348862
3.524769386043772
3.5238219522871077
3.5231903297826648
3.524137763539329
3.5238219289476547
3.524137763539329
3.5244535747915506
3.5235060541326675
3.524137763539329
3.5231903297826648
3.5235061410348862
3.524137763539329
3.5244535747915506
3.524769362704319
3.5250851972959936
3.524769362704319
3.5238219522871077
3.5238219522871077
3.5244535747915506
3.5231903297826648
3.5235061410348862
3.5231903297826648
3.5244535747915506
3.523506117695433
3.5238219289476547
3.524769386043772
3.524137763539329
3.524137763539329
3.5241376766371104
3.5231903297826648
3.5250851972959936
3.5238219289476547
3.5238219522871077
3.5250851739565405
3.524137763539329
3.524769386043772
3.5244535747915506
3.524137763539329
3.5238219522871077
3.525400985208762
3.5238219289476547
3.5250851972959936
3.524137763539329
3.524137763539329
3.5238219522871077
3.524769362704319
3.5238219522871077
3.5241376766371104
3.5231903297826648
3.5244535747915506
3.5247692355787876
3.5231903297826648
3.525400985208762
3.5238219289476547
3.524137763539329
3.5238219522871077
3.5228745185304433
3.5244535747915506
3.5231903297826648
3.5238219522871077
3.5250851739565405
3.524769362704319
3.5250851739565405
3.5228745185304433
3.5231903297826648
3.524137763539329
3.5231903064432117
3.5235061410348862
3.5231903297826648
3.524137763539329
3.5244535747915506
3.524137763539329
3.5238218018221232
3.524137763539329
3.524137740199876
3.5235061410348862
3.524769362704319
3.524453487889332
3.5244535747915506
3.524769362704319
3.522558707278222
3.5238219522871077
3.5235061410348862
3.5238219522871077
3.5244535514520976
3.524137763539329
3.524137763539329
3.5238219289476547
3.5228745185304433
3.5244535747915506
3.5250851739565405
3.5235061410348862
3.5231903297826648
3.524137763539329
3.5235061410348862
3.5247692355787876
3.5235061410348862
3.5238219522871077
3.5235061410348862
3.5238219522871077
3.524137763539329
3.5238219522871077
3.524769386043772
3.5235061410348862
3.524137763539329
3.5238219522871077
3.5235061410348862
3.5235061410348862
3.524137763539329
3.5231903297826648
3.5228745185304433
3.524769386043772
3.5254009216459963
3.5228745185304433
3.5247692991415533
3.5235061410348862
3.5231903297826648
3.524137740199876
3.524769386043772
3.524769386043772
3.5235059905699018
3.5238219522871077
3.524769386043772
3.5235061410348862
3.524769386043772
3.5238219289476547
3.5238219522871077
3.5238219522871077
3.5238219289476547
3.5238219522871077
3.5238219289476547
3.524137763539329
3.524137763539329
3.5238219289476547
3.526032607713205
3.5238219522871077
3.5238219289476547
3.5244535747915506
3.524137740199876
3.5235061410348862
3.5250851972959936
3.5238219522871077
3.5244535747915506
3.524137763539329
3.524453487889332
3.5244535747915506
3.5241376766371104
3.5244535514520976
3.524137763539329
3.523821865384889
3.5231903297826648
3.525400985208762
3.5235060541326675
3.524137763539329
3.524137763539329
3.524137763539329
3.5244535747915506
3.5244535747915506
3.5238219522871077
3.524769386043772
3.5244535514520976
3.5244535514520976
3.525085046831009
3.5235061410348862
3.5250851972959936
3.5238219522871077
3.5244535747915506
3.5238219522871077
3.5244535747915506
3.5238219522871077
3.524137763539329
3.5238219522871077
3.524769386043772
3.524137763539329
3.5235061410348862
3.525401008548215
3.524137740199876
3.524137763539329
3.5231903297826648
3.524137740199876
3.524137763539329
3.524137740199876
3.524137763539329
3.5244535747915506
3.5247692355787876
3.5244535514520976
3.5244535747915506
3.5247692991415533
3.5244535747915506
3.5238219522871077
3.524137740199876
3.5228745185304433
3.5244535747915506
3.5228744951909903
3.524137763539329
3.5241376766371104
3.524137763539329
3.5244535747915506
3.5235061410348862
3.524769386043772
3.5244535747915506
3.5228745185304433
3.5250851972959936
3.5244535747915506
3.5235061410348862
3.524769386043772
3.523506117695433
3.5254009216459963
3.524137763539329
3.524769362704319
3.524769386043772
3.5238219522871077
3.5244535514520976
3.5244535514520976
3.524769386043772
3.5235061410348862
3.5244535747915506
3.5244535747915506
3.5244535514520976
3.5235061410348862
3.5235061410348862
3.524137740199876
3.5231903297826648
3.524769362704319
3.5238219522871077
3.5238219522871077
3.5247692991415533
3.5244535747915506
3.5238219522871077
3.524769386043772
3.5250851972959936
3.5238219522871077
3.5231903297826648
3.5228745185304433
3.524137763539329
3.5238219522871077
3.524769386043772
3.524137763539329
3.5235061410348862
3.525400985208762
3.524453487889332
3.5244535747915506
3.5244535747915506
3.524137740199876
3.5238219522871077
3.524769362704319
3.522558707278222
3.5244535747915506
3.5238219522871077
3.5228745185304433
3.524137763539329
3.525716669335452
3.5238219522871077
3.524769386043772
3.523506117695433
3.5244535747915506
3.5238219522871077
3.5228745185304433
3.5250851972959936
3.5238219522871077
3.5231903064432117
3.524769362704319
3.5238219522871077
3.5238219522871077
3.5250851972959936
3.5244535747915506
3.5250851739565405
3.5244535747915506
3.5235060541326675
3.5244535747915506
3.5238219522871077
3.524137763539329
3.5238219522871077
3.524769362704319
3.5235061410348862
3.5244535747915506
3.5241376766371104
3.524137740199876
3.524769386043772
3.524769386043772
3.524137763539329
3.524137763539329
3.524137763539329
3.5235061410348862
3.5238219289476547
3.5235061410348862
3.524137763539329
3.5238219522871077
3.5238219522871077
3.5235061410348862
3.524137740199876
3.5238219522871077
3.524137763539329
3.523506117695433
3.5235061410348862
3.5238219289476547
3.524137763539329
3.524769386043772
3.524137763539329
3.5250851739565405
3.5250851739565405
3.5238219522871077
3.5238219522871077
3.524137740199876
3.5238219522871077
3.5238219289476547
3.5238219289476547
3.524769386043772
3.522558707278222
3.5244535514520976
3.5244535747915506
3.524769386043772
3.5228745185304433
3.5228745185304433
3.524453487889332
3.524137763539329
3.5250851972959936
3.5235061410348862
3.524137763539329
3.5244535514520976
3.525085110393775
3.5238219522871077
3.524137740199876
3.5250851972959936
3.5238219522871077
3.524137763539329
3.5244535747915506
3.524769362704319
3.524137763539329
3.525400985208762
3.523821865384889
3.525401008548215
3.5235061410348862
3.5235061410348862
3.524137763539329
3.524137740199876
3.5238219522871077
3.5235061410348862
3.524137763539329
3.525401008548215
3.5235061410348862
3.5244535747915506
3.5244535747915506
3.525085110393775
3.5250851972959936
3.5235061410348862
3.524137763539329
3.524769386043772
3.524137740199876
3.5244535747915506
3.524137763539329
3.5235061410348862
3.5244535747915506
3.5241376130743447
3.524137763539329
3.524769386043772
3.522558683938769
3.5228745185304433
3.5244535747915506
3.5235061410348862
3.524137763539329
3.5241376766371104
3.5257167964609835
3.5244535747915506
3.5235061410348862
3.5235061410348862
3.5241376766371104
3.524137763539329
3.5244535747915506
3.524137763539329
3.5238219522871077
3.5247692991415533
3.5228744951909903
3.524137763539329
3.525085110393775
3.5238219289476547
3.524137763539329
3.5238219289476547
3.524137763539329
3.524769386043772
3.5228745185304433
3.5244535747915506
3.5244535747915506
3.523506117695433
3.524769386043772
3.5228745185304433
3.524137763539329
3.5231903297826648
3.524453487889332
3.5244535747915506
3.5235061410348862
3.5244535747915506
3.5250851739565405
3.5247692355787876
3.5238219522871077
3.5235061410348862
3.524137740199876
3.5235061410348862
3.5231903297826648
3.5235061410348862
3.5235061410348862
3.5238219522871077
3.5244535747915506
3.5244535747915506
3.5238219522871077
3.5238219522871077
3.5235061410348862
3.524137763539329
3.5235061410348862
3.5244535514520976
3.5250851972959936
3.5238219522871077
3.524769362704319
3.5250851972959936
3.5244535747915506
3.524137763539329
3.5238219522871077
3.5247692355787876
3.5244535747915506
3.5257167964609835
3.5238219289476547
3.524769386043772
3.524137740199876
3.524137763539329
3.5235061410348862
3.524137740199876
3.524137763539329
3.5244535514520976
3.5238219289476547
3.5244535747915506
3.524769386043772
3.5238219522871077
3.524137763539329
3.5235061410348862
3.524769362704319
3.524769386043772
3.524769362704319
3.5238219522871077
3.5235061410348862
3.524137763539329
3.5238219522871077
3.524769362704319
3.5238219522871077
3.5250851972959936
3.5238219522871077
3.5250851739565405
3.524769386043772
3.5235061410348862
3.5228745185304433
3.5244535747915506
3.524769172016022
3.5244535747915506
3.5231903297826648
3.524453487889332
3.524769386043772
3.523506117695433
3.524137763539329
3.524769386043772
3.5244535747915506
3.5235061410348862
3.524137763539329
3.5238219289476547
3.5244535747915506
3.5238219522871077
3.5235061410348862
3.5235061410348862
3.524137763539329
3.524137740199876
3.524137763539329
3.524769362704319
3.5235061410348862
3.524769386043772
3.5238219522871077
3.524137740199876
3.524769386043772
3.524137763539329
3.524137763539329
3.524769386043772
3.5231903297826648
3.524769386043772
3.5235061410348862
3.5231903297826648
3.524769362704319
3.5235061410348862
3.524137763539329
3.524137763539329
3.524137740199876
3.5257167328982177
3.5250851739565405
3.5235061410348862
3.5238219522871077
3.5244535747915506
3.523506117695433
3.525401008548215
3.524137763539329
3.5231903064432117
3.524137763539329
3.524453487889332
3.5235061410348862
3.5250851972959936
3.5235061410348862
3.5231903297826648
3.524137763539329
3.524137763539329
3.524137763539329
3.5244535747915506
3.5235061410348862
3.524137763539329
3.5231903297826648
3.5235061410348862
3.5231903297826648
3.524137763539329
3.525085110393775
3.525401008548215
3.524769386043772
3.5244535747915506
3.524769386043772
3.5235061410348862
3.5244535747915506
3.5244535747915506
3.5231903297826648
3.5244535514520976
3.524769386043772
3.524137740199876
3.5235061410348862
3.5235061410348862
3.5231903297826648
3.524769362704319
3.5250851972959936
3.524137740199876
3.5250851972959936
3.525400985208762
3.524137763539329
3.5238219522871077
3.5235061410348862
3.524137763539329
3.5238219522871077
3.524137740199876
3.5231903297826648
3.524769386043772
3.5231903297826648
3.525401008548215
3.5228745185304433
3.5238219522871077
3.5244535747915506
3.524137740199876
3.524769362704319
3.524453424326566
3.524769362704319
3.5244535747915506
3.524769362704319
3.524137763539329
3.524137763539329
3.5241376766371104
3.524137763539329
3.5231903297826648
3.524137763539329
3.5250851739565405
3.5244535747915506
3.525400985208762
3.5250851972959936
3.5241376766371104
3.5244535747915506
3.5238219522871077
3.524137740199876
3.5244535747915506
3.5238219522871077
3.523506117695433
3.524769386043772
3.523506117695433
3.5231903297826648
3.5235061410348862
3.5238219522871077
3.524137763539329
3.5238219289476547
3.5238219522871077
3.5250851972959936
3.5238219522871077
3.5231903297826648
3.524769386043772
3.5238219289476547
3.5250851739565405
3.5244535747915506
3.5238219522871077
3.5238219522871077
3.523821865384889
3.5250851739565405
3.524137763539329
3.5228745185304433
3.5235061410348862
3.524769362704319
3.5235061410348862
3.524769386043772
3.5247692355787876
3.5235061410348862
3.524137763539329
3.525085110393775
3.524769386043772
3.5235061410348862
3.5244535514520976
3.524137763539329
3.525085110393775
3.524769386043772
3.5231903297826648
3.5250851739565405
3.524769386043772
3.5235061410348862
3.5231903297826648
3.5250851972959936
3.524137740199876
3.5238219522871077
3.524137763539329
3.524769386043772
3.524137763539329
3.5235061410348862
3.5235061410348862
3.524137763539329
3.5247692355787876
3.524137763539329
3.5247692991415533
3.5235061410348862
3.5238219522871077
3.5238219522871077
3.5231903297826648
3.5244535747915506
3.5238219289476547
3.5250851972959936
3.5241376766371104
3.524769386043772
3.524769386043772
3.5244535747915506
3.5235061410348862
3.5250851972959936
3.5238219289476547
3.5244535747915506
3.5235061410348862
3.524769362704319
3.5228745185304433
3.5244535514520976
3.524769362704319
3.524769386043772
3.5250851739565405
3.5238219522871077
3.524769362704319
3.522558707278222
3.5244535747915506
3.5231903297826648
3.5228745185304433
3.524137763539329
3.5231903297826648
3.5238219522871077
3.5244535747915506
3.524137740199876
3.5228745185304433
3.5231903297826648
3.524137763539329
3.524769386043772
3.524769386043772
3.5238219522871077
3.5244535747915506
3.5244535514520976
3.5238219522871077
3.524769362704319
3.5238219289476547
3.524137763539329
3.5250851972959936
3.5235061410348862
3.524769386043772
3.5247692355787876
3.5235061410348862
3.5244535747915506
3.524769362704319
3.524137763539329
3.5250851972959936
3.522558707278222
3.5235061410348862
3.524137740199876
3.5231903297826648
3.5238219522871077
3.524769362704319
3.5228745185304433
3.5250851972959936
3.524453424326566
3.524769386043772
3.525085110393775
3.524137763539329
3.524769386043772
3.524137763539329
3.5250851739565405
3.5244535747915506
3.524453487889332
3.524769386043772
3.5228745185304433
3.524137763539329
3.5231903297826648
3.5238219522871077
3.5231903297826648
3.5244535747915506
3.524137763539329
3.5235061410348862
3.524137763539329
3.5244535747915506
3.5244535747915506
3.5231903297826648
3.523506117695433
3.524769386043772
3.5235061410348862
3.5244535514520976
3.524769386043772
3.524137763539329
3.5235061410348862
3.5244535747915506
3.5250851739565405
3.5244535747915506
3.5244535747915506
3.524769362704319
3.5235061410348862
3.5244535747915506
3.5235061410348862
3.5235061410348862
3.5238219522871077
3.5244535747915506
3.5244535747915506
3.5238219522871077
3.5247692355787876
3.5244535747915506
3.524769362704319
3.5250851972959936
3.524769386043772
3.5238219522871077
3.524137763539329
3.5250851972959936
3.5238219289476547
3.524769386043772
3.5238219289476547
3.5244535747915506
3.524769386043772
3.5244535747915506
3.5238219522871077
3.5250851972959936
3.5241376766371104
3.524137763539329
3.5238219522871077
3.525085110393775
3.5238219522871077
3.5247692991415533
3.5238219522871077
3.5238219522871077
3.524769386043772
3.5231903297826648
3.524137763539329
3.5244535514520976
3.5244535747915506
3.524137763539329
3.5235061410348862
3.524137763539329
3.524137763539329
3.5238219522871077
3.523506117695433
3.5244535747915506
3.5244535747915506
3.5257167328982177
3.5238219289476547
3.524453424326566
3.524137763539329
3.5250851972959936
3.5241376766371104
3.524137763539329
3.5244535747915506
3.524137763539329
3.524137763539329
3.5238219522871077
3.5235061410348862
3.524137763539329
3.5231903297826648
3.5235061410348862
3.5244535747915506
3.524453424326566
3.524137763539329
3.524769362704319
3.525085110393775
3.5238219522871077
3.5235061410348862
3.5231903297826648
3.5244535747915506
3.5231903297826648
3.524769362704319
3.5231903297826648
3.5244535514520976
3.524769386043772
3.5238219522871077
3.5238219289476547
3.5244535747915506
3.5235061410348862
3.5244535747915506
3.524769386043772
3.524137763539329
3.524769386043772
3.5244535747915506
3.524137740199876
3.5250851972959936
3.5244535514520976
3.524137763539329
3.524769386043772
3.5244535514520976
3.5244535747915506
3.5238219522871077
3.5244535514520976
3.5250851972959936
3.5254009216459963
3.524137763539329
3.524769386043772
3.524769386043772
3.5257168198004365
3.524769386043772
3.524137763539329
3.5250851972959936
3.5235061410348862
3.524137763539329
3.5244535747915506
3.5238219522871077
3.5244535747915506
3.5238219289476547
3.5231903297826648
3.525401008548215
3.5238219289476547
3.5238219522871077
3.525401008548215
3.524769362704319
3.524137763539329
3.5244535747915506
3.5244535747915506
3.524769386043772
3.5250851739565405
3.5244535747915506
3.5244535747915506
3.5244535747915506
3.525401008548215
3.524137763539329
3.5244535747915506
3.524769386043772
3.525085110393775
3.5244535747915506
3.5238219522871077
3.5250851972959936
3.524769386043772
3.524769386043772
3.524137763539329
3.5244535747915506
3.5244535747915506
3.524769386043772
3.5244535747915506
3.5238219522871077
3.524769386043772
3.5238219522871077
3.5244535514520976
3.5244535747915506
3.524137763539329
3.5244535747915506
3.524769386043772
3.524137763539329
3.5250851972959936
3.5228745185304433
3.524769362704319
3.5250851972959936
3.5244535514520976
3.5244535514520976
3.524137763539329
3.524137763539329
3.5244535747915506
3.5250851972959936
3.525085110393775
3.5244535747915506
3.525400985208762
3.524769386043772
3.5250851972959936
3.5235061410348862
3.5244535747915506
3.524769386043772
3.5241376766371104
3.525401008548215
3.5238219522871077
3.5250851972959936
3.524769386043772
3.524769362704319
3.524137763539329
3.5244535747915506
3.5244535747915506
3.5244535747915506
3.5244535747915506
3.524137763539329
3.5244535747915506
3.5244535514520976
3.524769386043772
3.524769386043772
3.5250851739565405
3.524137763539329
3.524137763539329
3.524137763539329
3.524137763539329
3.524137763539329
3.524769386043772
3.5250851972959936
3.5250851972959936
3.524769386043772
3.5250851972959936
3.525400985208762
3.524769386043772
3.524769386043772
3.5244535747915506
3.5257167964609835
3.5238219289476547
3.5257168198004365
3.5238219522871077
3.524769386043772
3.5235061410348862
3.5244535747915506
3.524137763539329
3.5250851972959936
3.524137740199876
3.524769362704319
3.5250851972959936
3.5250851972959936
3.5244535747915506
3.5244535514520976
3.5250851972959936
3.524769386043772
3.5241376766371104
3.524769386043772
3.524769386043772
3.5244535747915506
3.524769386043772
3.524137763539329
3.5244535747915506
3.524769386043772
3.524137763539329
3.525401008548215
3.5235061410348862
3.5254009216459963
3.5244535747915506
3.524137763539329
3.524137763539329
3.5244535747915506
3.524453487889332
3.5244535747915506
3.524137763539329
3.524137763539329
3.524769386043772
3.524769386043772
3.5250851972959936
3.5250851739565405
3.525401008548215
3.524769362704319
3.527295852722091
3.5235061410348862
3.524769386043772
3.5250851972959936
3.5257167964609835
3.524769386043772
3.5250851972959936
3.5241376130743447
3.5244535747915506
3.5228745185304433
3.5244535747915506
3.524137763539329
3.5244535514520976
3.5250851739565405
3.5250851972959936
3.5250851739565405
3.524137740199876
3.524769386043772
3.5235061410348862
3.524137763539329
3.524769386043772
3.524769386043772
3.5244535747915506
3.524769386043772
3.5238219289476547
3.522558707278222
3.5235061410348862
3.5238219522871077
3.5250851972959936
3.5235061410348862
3.525400985208762
3.525401008548215
3.525085110393775
3.524769386043772
3.5244535747915506
3.524137763539329
3.524137763539329
3.5254009216459963
3.5250851739565405
3.5250851972959936
3.5238219522871077
3.524769386043772
3.5257168198004365
3.524137740199876
3.5244535514520976
3.5244535747915506
3.5244535747915506
3.525401008548215
3.524769362704319
3.5257167328982177
3.5244535747915506
3.5238219522871077
3.5235061410348862
3.524137763539329
3.5250851739565405
3.524137740199876
3.5257168198004365
3.525085110393775
3.525401008548215
3.522558707278222
3.5238219522871077
3.5244535747915506
3.5244535747915506
3.5231903297826648
3.5244535747915506
3.5244535747915506
3.5244535747915506
3.524769386043772
3.5244535747915506
3.5250851972959936
3.524137763539329
3.5235061410348862
3.5244535747915506
3.524769386043772
3.5257167964609835
3.524769362704319
3.524769386043772
3.524137763539329
3.5244535747915506
3.524769386043772
3.524769386043772
3.525401008548215
3.5238219522871077
3.525716669335452
3.524137763539329
3.5235061410348862
3.5238219522871077
3.5250851972959936
3.524137763539329
3.5244535747915506
3.524137763539329
3.524769362704319
3.524769386043772
3.524137763539329
3.5263483554026607
3.524453487889332
3.524769362704319
3.524769386043772
3.525085110393775
3.524137740199876
3.525401008548215
3.5250851739565405
3.525401008548215
3.5235061410348862
3.5235061410348862
3.524769386043772
3.5250851739565405
3.524137763539329
3.5244535747915506
3.5244535747915506
3.524769386043772
3.524137763539329
3.5250851739565405
3.5250851972959936
3.525716669335452
3.524137763539329
3.525401008548215
3.524769386043772
3.5244535747915506
3.525716669335452
3.524137763539329
3.5244535747915506
3.524769386043772
3.524769362704319
3.525401008548215
3.524769386043772
3.524137763539329
3.5244535747915506
3.5244535747915506
3.5250851972959936
3.524137763539329
3.5244535514520976
3.5244535747915506
3.524137763539329
3.525400985208762
3.5244535747915506
3.5235061410348862
3.5244535747915506
3.5257167964609835
3.524769362704319
3.524137763539329
3.5250851739565405
3.524769386043772
3.5244535747915506
3.524137763539329
3.524769386043772
3.5257167964609835
3.5244535747915506
3.5235061410348862
3.5238219522871077
3.5250851972959936
3.525085110393775
3.5250851739565405
3.525401008548215
3.5244535514520976
3.524769386043772
3.5250851972959936
3.525400985208762
3.5244535747915506
3.524137740199876
3.524137763539329
3.524769386043772
3.524453487889332
3.5250851972959936
3.5244535514520976
3.524137763539329
3.524769386043772
3.524453487889332
3.5250851739565405
3.5250851739565405
3.5244535514520976
3.5257167964609835
3.524769386043772
3.5238219522871077
3.5244535747915506
3.5250851739565405
3.524137763539329
3.5244535747915506
3.5244535747915506
3.524769386043772
3.524137763539329
3.5244535747915506
3.5244535747915506
3.524769362704319
3.525401008548215
3.5238219522871077
3.5244535747915506
3.5250851972959936
3.5238219522871077
3.524137740199876
3.525401008548215
3.524769362704319
3.5257167964609835
3.524769362704319
3.524769362704319
3.524769386043772
3.525400985208762
3.5250851739565405
3.524769386043772
3.524137763539329
3.5238219522871077
3.524769386043772
3.524769386043772
3.5257168198004365
3.5244535514520976
3.524769386043772
3.5250851972959936
3.524769362704319
3.524769362704319
3.5238219522871077
3.525085110393775
3.524769386043772
3.5244535747915506
3.5244535747915506
3.5244535747915506
3.524769386043772
3.5244535747915506
3.524769386043772
3.5231903297826648
3.5244535747915506
3.5250851972959936
3.5250851739565405
3.5244535747915506
3.5244535747915506
3.524137763539329
3.5250851972959936
3.525085110393775
3.5235061410348862
3.5244535747915506
3.5254009216459963
3.5235061410348862
3.524769362704319
3.5247692991415533
3.5244535747915506
3.5238219522871077
3.5235061410348862
3.5238219522871077
3.524137763539329
3.5244535747915506
3.525401008548215
3.524769362704319
3.524769362704319
3.5244535747915506
3.524137763539329
3.5263484189654264
3.524137763539329
3.5238219522871077
3.5244535747915506
3.5250851739565405
3.524137763539329
3.5238219522871077
3.5244535747915506
3.524137763539329
3.524137763539329
3.5244535514520976
3.5235061410348862
3.5250851972959936
3.525400985208762
3.5244535747915506
3.5238219522871077
3.5238219522871077
3.524137763539329
3.524769386043772
3.5250851972959936
3.5238219522871077
3.524769386043772
3.525085110393775
3.524769386043772
3.5250851739565405
3.525400985208762
3.5244535747915506
3.5244535747915506
3.524769386043772
3.524137763539329
3.5241376766371104
3.524137763539329
3.524137763539329
3.524769362704319
3.5244535747915506
3.525401008548215
3.5231903297826648
3.5235061410348862
3.5244535747915506
3.524769386043772
3.5238219522871077
3.525085110393775
3.524137763539329
3.5238219522871077
3.5250851739565405
3.5250851739565405
3.524137763539329
3.5238219289476547
3.5238219522871077
3.524137763539329
3.524453487889332
3.5244535747915506
3.5250851739565405
3.5238219522871077
3.5250851972959936
3.524453487889332
3.5231903297826648
3.525401008548215
3.5254008580832306
3.5231903297826648
3.5250851972959936
3.5235061410348862
3.524137763539329
3.524137763539329
3.5228745185304433
3.5257168198004365
3.524769386043772
3.5254009216459963
3.5250851972959936
3.5235061410348862
3.524769362704319
3.5235061410348862
3.5250851739565405
3.5235061410348862
3.525401008548215
3.5254008580832306
3.524137763539329
3.525401008548215
3.5244535747915506
3.524769386043772
3.524769386043772
3.5238219522871077
3.524769386043772
3.5238219522871077
3.5235061410348862
3.525401008548215
3.5250851972959936
3.524769386043772
3.524137763539329
3.5231903297826648
3.524769386043772
3.524769386043772
3.524769362704319
3.5235061410348862
3.525401008548215
3.5244535747915506
3.5250851972959936
3.524137763539329
3.5238219522871077
3.5250851972959936
3.525085110393775
3.5238219522871077
3.5250851739565405
3.524769386043772
3.524769386043772
3.525400985208762
3.525085110393775
3.5257168198004365
3.523821865384889
3.5244535747915506
3.5244535747915506
3.5260324805876735
3.524769362704319
3.5250851739565405
3.5238219289476547
3.524137763539329
3.5244535514520976
3.524769362704319
3.524769386043772
3.5244535747915506
3.525401008548215
3.524137763539329
3.5244535747915506
3.524769386043772
3.5254009216459963
3.525400985208762
3.524769386043772
3.5231903297826648
3.5244535747915506
3.5238219522871077
3.524137763539329
3.5244535747915506
3.5250851739565405
3.5238219522871077
3.5250851972959936
3.5231903297826648
3.524769386043772
3.524137763539329
3.5250851739565405
3.5244535747915506
3.524137763539329
3.524137763539329
3.524137763539329
3.5238219522871077
3.5238219522871077
3.524137763539329
3.5235061410348862
3.5257167964609835
3.5231903297826648
3.5238219522871077
3.5250851972959936
3.524769362704319
3.5235061410348862
3.5244535747915506
3.524769362704319
3.5250851972959936
3.5244535747915506
3.5235061410348862
3.5244535747915506
3.5231903297826648
3.524137763539329
3.5250851972959936
3.525085046831009
3.524769386043772
3.525401008548215
3.524769386043772
3.5244535747915506
3.5235061410348862
3.524137763539329
3.5257167964609835
3.5247692991415533
3.525085110393775
3.525401008548215
3.524137740199876
3.524137763539329
3.5244535747915506
3.524137763539329
3.5244535747915506
3.524769362704319
3.5238219522871077
3.5257168198004365
3.524453487889332
3.5244535747915506
3.5254009216459963
3.524137763539329
3.524769386043772
3.5244535747915506
3.5244535747915506
3.5250851972959936
3.524769362704319
3.5244535747915506
3.524769362704319
3.5244535747915506
3.5250851739565405
3.5244535747915506
3.5238219522871077
3.5244535747915506
3.525085110393775
3.524137763539329
3.524137763539329
3.524453487889332
3.5250851972959936
3.5244535747915506
3.524769362704319
3.524769386043772
3.5228745185304433
3.5231903297826648
3.5244535747915506
3.524769386043772
3.5250851972959936
3.5257168198004365
3.524769386043772
3.524769386043772
3.5250851739565405
3.525085110393775
3.524769362704319
3.5254009216459963
3.524137763539329
3.524769362704319
3.5235061410348862
3.524769386043772
3.5238219522871077
3.5235061410348862
3.524137763539329
3.5244535747915506
3.5257167328982177
3.5257167964609835
3.524137763539329
3.525401008548215
3.5231903297826648
3.524137763539329
3.524769386043772
3.5250851972959936
3.5238219522871077
3.5244535747915506
3.525400985208762
3.5244535747915506
3.524769362704319
3.524769386043772
3.525401008548215
3.525400985208762
3.524769386043772
3.5244535747915506
3.524769386043772
3.5250851972959936
3.5244535747915506
3.524137763539329
3.524137763539329
3.524769362704319
3.5238219522871077
3.524137763539329
3.524769386043772
3.5244535747915506
3.5250851972959936
3.524137740199876
3.524769386043772
3.5244535747915506
3.524137763539329
3.524769386043772
3.5244535747915506
3.5257167964609835
3.524769386043772
3.5235061410348862
3.5244535514520976
3.5244535747915506
3.5250851739565405
3.524769362704319
3.5244535747915506
3.5244535747915506
3.525401008548215
3.5244535747915506
3.523506117695433
3.5244535747915506
3.524769386043772
3.525085110393775
3.524137763539329
3.5250851739565405
3.5235061410348862
3.525401008548215
3.5244535514520976
3.524769386043772
3.5244535747915506
3.5254008580832306
3.5244535747915506
3.524769386043772
3.524137763539329
3.5250851972959936
3.5257168198004365
3.5231903297826648
3.5238219522871077
3.5235061410348862
3.524137763539329
3.5250851972959936
3.5238219522871077
3.524137763539329
3.5250851972959936
3.5241376766371104
3.5250851972959936
3.5244535747915506
3.5238219522871077
3.5244535747915506
3.524769386043772
3.5244535747915506
3.524769386043772
3.5244535747915506
3.5238219289476547
3.524769386043772
3.524769362704319
3.524137763539329
3.5250851972959936
3.525401008548215
3.525400985208762
3.5257168198004365
3.524769362704319
3.5244535747915506
3.5228745185304433
3.5247692355787876
3.5244535747915506
3.5231903297826648
3.5238219522871077
3.524137763539329
3.524769386043772
3.524769362704319
3.524769386043772
3.524137740199876
3.5250851972959936
3.5244535747915506
3.524769362704319
3.5238219522871077
3.525401008548215
3.525400985208762
3.5241376766371104
3.5244535747915506
3.524769362704319
3.524769386043772
3.5250851972959936
3.5231903297826648
3.5231903297826648
3.524769386043772
3.524453487889332
3.524769362704319
3.524137763539329
3.524769362704319
3.5244535747915506
3.524769386043772
3.525400985208762
3.524769386043772
3.524137763539329
3.525085046831009
3.5235061410348862
3.524137740199876
3.5250851739565405
3.5250851972959936
3.5238219289476547
3.5238219522871077
3.5254009216459963
3.524137763539329
3.5244535747915506
3.5244535747915506
3.5238219522871077
3.525401008548215
3.5235061410348862
3.524769386043772
3.524769362704319
3.5235061410348862
3.524137763539329
3.5244535514520976
3.524769386043772
3.5244535747915506
3.5235061410348862
3.5238219522871077
3.5254009216459963
3.523506117695433
3.524769386043772
3.524137763539329
3.525401008548215
3.524137763539329
3.524137763539329
3.5244535747915506
3.5238219522871077
3.524137740199876
3.5238219522871077
3.524769386043772
3.5250851972959936
3.5250851739565405
3.525400985208762
3.524137763539329
3.524137763539329
3.5228745185304433
3.5250851972959936
3.5244535747915506
3.524137763539329
3.524137763539329
3.524137740199876
3.5244535747915506
3.5244535747915506
3.5238219522871077
3.524769386043772
3.524137763539329
3.525401008548215
3.5244535747915506
3.524137763539329
3.524769386043772
3.5257168198004365
3.524137763539329
3.5244535747915506
3.524769362704319
3.524769386043772
3.524769362704319
3.5238219289476547
3.5244535747915506
3.525401008548215
3.524137763539329
3.5250851972959936
3.5238219522871077
3.5238219522871077
3.524769362704319
3.5235061410348862
3.5250851972959936
3.5244535747915506
3.5244535747915506
3.524769362704319
3.5244535747915506
3.524769386043772
3.524769362704319
3.524137763539329
3.5238219522871077
3.5250851972959936
3.526032544150439
3.5238219522871077
3.5244535747915506
3.5244535747915506
3.5244535747915506
3.524769386043772
3.5257168198004365
3.525085110393775
3.5244535747915506
3.5244535747915506
3.5250851739565405
3.5244535747915506
3.5238219522871077
3.5244535747915506
3.5244535747915506
3.5254009216459963
3.525085110393775
3.524769386043772
3.524769362704319
3.5250851972959936
3.5244535747915506
3.5235061410348862
3.525401008548215
3.5244535747915506
3.525085110393775
3.5244535747915506
3.5231903297826648
3.524769386043772
3.5257168198004365
3.5244535747915506
3.524769386043772
3.5238219522871077
3.524769362704319
3.525401008548215
3.525400985208762
3.524137763539329
3.524769386043772
3.5250851739565405
3.525400985208762
3.5244535747915506
3.525085110393775
3.524137763539329
3.5244535747915506
3.5238219522871077
3.5244535747915506
3.5254009216459963
3.5238219289476547
3.5250851972959936
3.5244535747915506
3.5244535747915506
3.525400985208762
3.524769362704319
3.5250851972959936
3.526032607713205
3.5231903297826648
3.524769386043772
3.524453487889332
3.524769386043772
3.525401008548215
3.524137763539329
3.524137763539329
3.525085110393775
3.5238219522871077
3.524137763539329
3.524769386043772
3.5244535747915506
3.5257168198004365
3.524137763539329
3.5244535747915506
3.525401008548215
3.5244535747915506
3.524137763539329
3.525401008548215
3.5244535514520976
3.5238219522871077
3.5244535514520976
3.524137763539329
3.525401008548215
3.5244535747915506
3.525400985208762
3.524769386043772
3.524137740199876
3.5244535747915506
3.524137763539329
3.524769386043772
3.5244535747915506
3.5257167964609835
3.525400985208762
3.5250851972959936
3.5244535747915506
3.5235061410348862
3.524137763539329
3.524769386043772
3.5244535747915506
3.5250851972959936
3.524769362704319
3.5244535747915506
3.525401008548215
3.524137740199876
3.524137763539329
3.525400985208762
3.524137763539329
3.5244535747915506
3.524137763539329
3.524137763539329
3.5244535747915506
3.525400985208762
3.5254008580832306
3.525401008548215
3.524769386043772
3.5244535514520976
3.5250851972959936
3.5231903297826648
3.524769386043772
3.5244535747915506
3.524137740199876
3.525401008548215
3.5254009216459963
3.5250851739565405
3.5244535747915506
3.524769362704319
3.524769386043772
3.5250851972959936
3.5247692355787876
3.5250851972959936
3.524137763539329
3.525085110393775
3.5247692991415533
3.5244535747915506
3.5238219289476547
3.5238219522871077
3.5238219522871077
3.524137740199876
3.524769386043772
3.524769386043772
3.525400985208762
3.524769386043772
3.525400985208762
3.524137740199876
3.525401008548215
3.5238219522871077
3.5231903297826648
3.5244535747915506
3.524769386043772
3.525400985208762
3.524769386043772
3.5247692355787876
3.5244535747915506
3.5238219522871077
3.5244535747915506
3.5254009216459963
3.524769362704319
3.524769386043772
3.524137763539329
3.523821865384889
3.5238219289476547
3.525401008548215
3.525401008548215
3.5238219522871077
3.5250851972959936
3.5238219522871077
3.524137763539329
3.524137763539329
3.5250851739565405
3.5250851972959936
3.525401008548215
3.5250851739565405
3.525401008548215
3.5228745185304433
3.524769386043772
3.5244535747915506
3.524137763539329
3.5244535514520976
3.524769386043772
3.5241376766371104
3.5257168198004365
3.5231903297826648
3.524137763539329
3.524769386043772
3.5235061410348862
3.525401008548215
3.5244535747915506
3.524137763539329
3.5257168198004365
3.524769362704319
3.524769386043772
3.524769386043772
3.524137763539329
3.524769386043772
3.524769386043772
3.525085110393775
3.524137763539329
3.5244535747915506
3.524769362704319
3.524769386043772
3.5244535747915506
3.5250851739565405
3.5244535747915506
3.5238219522871077
3.5244535747915506
3.524769386043772
3.524137763539329
3.5244535747915506
3.524137763539329
3.524769386043772
3.524769386043772
3.5250851739565405
3.5238219522871077
3.5250851739565405
3.5238219522871077
3.525401008548215
3.5244535747915506
3.5250851972959936
3.5244535747915506
3.524137740199876
3.5244535747915506
3.5250851972959936
3.5244535747915506
3.524769386043772
3.5250851739565405
3.5250851739565405
3.526032631052658
3.524769362704319
3.5244535747915506
3.5250851972959936
3.5244535747915506
3.5244535747915506
3.524769362704319
3.5235061410348862
3.5238219522871077
3.5231903297826648
3.5244535747915506
3.5238219522871077
3.5244535747915506
3.5238219522871077
3.5244535514520976
3.5235061410348862
3.5228745185304433
3.524137763539329
3.5244535747915506
3.5238219522871077
3.524769386043772
3.524769386043772
3.524137763539329
3.5244535747915506
3.524137763539329
3.5235061410348862
3.524137763539329
3.5235061410348862
3.524137763539329
3.524769362704319
3.5235061410348862
3.525401008548215
3.524137763539329
3.5228745185304433
3.5244535747915506
3.524769386043772
3.5244535747915506
3.5254009216459963
3.5238219522871077
3.5238219522871077
3.5250851739565405
3.5244535747915506
3.524769386043772
3.5244535747915506
3.525400985208762
3.5244535747915506
3.5250851739565405
3.5250851972959936
3.5238219522871077
3.5238219522871077
3.524769386043772
3.5250851739565405
3.524769386043772
3.525400985208762
3.524137763539329
3.5244535747915506
3.524137763539329
3.524769386043772
3.525401008548215
3.524769386043772
3.524137763539329
3.5244535747915506
3.5244535747915506
3.524769386043772
3.525085110393775
3.524769362704319
3.5228745185304433
3.5241376766371104
3.5244535747915506
3.5244535747915506
3.5238219522871077
3.5250851972959936
3.5250851739565405
3.5235061410348862
3.5244535747915506
3.5250851972959936
3.524137763539329
3.5244535747915506
3.5238219289476547
3.5244535747915506
3.524769386043772
3.5244535514520976
3.525401008548215
3.524137763539329
3.524137763539329
3.525401008548215
3.525400985208762
3.524137763539329
3.5244535747915506
3.524137740199876
3.524769386043772
3.524453487889332
3.524137763539329
3.525400985208762
3.524137763539329
3.5235061410348862
3.524769386043772
3.524769362704319
3.525401008548215
3.524769362704319
3.524769362704319
3.524769386043772
3.524769362704319
3.524137763539329
3.524769386043772
3.525085046831009
3.524769386043772
3.524769386043772
3.5244535747915506
3.5250851739565405
3.524137763539329
3.5235061410348862
3.524137763539329
3.5244535747915506
3.5238219522871077
3.5250851972959936
3.524137763539329
3.525400985208762
3.5238219522871077
3.5238219522871077
3.525401008548215
3.5254008580832306
3.5231903297826648
3.525401008548215
3.524137763539329
3.5244535747915506
3.524769386043772
3.524137740199876
3.524137763539329
3.5257167328982177
3.524137763539329
3.525401008548215
3.524769386043772
3.524137763539329
3.5235061410348862
3.524769362704319
3.524137763539329
3.5250851739565405
3.5247692355787876
3.524769386043772
3.524769386043772
3.524769362704319
3.5244535747915506
3.525400985208762
3.5235061410348862
3.525401008548215
3.5238219289476547
3.5231903297826648
3.524769386043772
3.5250851739565405
3.5244535747915506
3.5244535747915506
3.5231903297826648
3.524769386043772
3.524769362704319
3.5235061410348862
3.524137763539329
3.524137740199876
3.524137763539329
3.5238219522871077
3.5250851739565405
3.524137740199876
3.526032631052658
3.524769362704319
3.524769386043772
3.5244535747915506
3.525401008548215
3.524137763539329
3.525400985208762
3.5244535747915506
3.5244535747915506
3.5235061410348862
3.5241376766371104
3.524137763539329
3.524137740199876
3.5235061410348862
3.5244535747915506
3.524769362704319
3.5244535747915506
3.525401008548215
3.524137740199876
3.5231903297826648
3.524769386043772
3.5250851739565405
3.5250851972959936
3.5244535747915506
3.5235061410348862
3.5244535747915506
3.525400985208762
3.5235061410348862
3.524769386043772
3.524769362704319
3.5250851739565405
3.5244535747915506
3.5244535747915506
3.5244535747915506
3.5238219522871077
3.524453487889332
3.5244535747915506
3.5244535747915506
3.5244535747915506
3.524769386043772
3.524769386043772
3.524769386043772
3.5244535747915506
3.5238219289476547
3.524769386043772
3.524769386043772
3.524769362704319
3.525401008548215
3.5244535747915506
3.524769362704319
3.5244535747915506
3.524137763539329
3.5238219289476547
3.524769386043772
3.5238219522871077
3.5235061410348862
3.5238219522871077
3.5254009216459963
3.525401008548215
3.5238219289476547
3.524137763539329
3.5244535747915506
3.524137740199876
3.525401008548215
3.5238219522871077
3.524137763539329
3.524769386043772
3.525085110393775
3.5235061410348862
3.524769386043772
3.5250851972959936
3.5244535747915506
3.5250851739565405
3.5250851972959936
3.5244535747915506
3.5244535747915506
3.524769386043772
3.524137763539329
3.5244535747915506
3.524769362704319
3.5250851972959936
3.524769386043772
3.524769386043772
3.5257167964609835
3.524137763539329
3.5257167328982177
3.525085110393775
3.524137763539329
3.524769386043772
3.524769386043772
3.5250851972959936
3.5254009216459963
3.5250851739565405
3.524137763539329
3.524137740199876
3.524769386043772
3.5238219522871077
3.5250851739565405
3.524769386043772
3.524769362704319
3.5231903297826648
3.524137763539329
3.524137763539329
3.524137763539329
3.524769362704319
3.5244535747915506
3.5235061410348862
3.5250851739565405
3.5231903297826648
3.5247692991415533
3.524137763539329
3.524137763539329
3.524137740199876
3.5228745185304433
3.526032631052658
3.5244535747915506
3.5244535747915506
3.5254009216459963
3.524769386043772
3.5231903297826648
3.524769362704319
3.524769386043772
3.5250851972959936
3.524137763539329
3.5244535747915506
3.525716669335452
3.5250851972959936
3.5250851972959936
3.524453487889332
3.524769386043772
3.524137763539329
3.524137763539329
3.5250851972959936
3.5238219522871077
3.524137763539329
3.5250851739565405
3.5250851739565405
3.5244535747915506
3.5238219289476547
3.5238219522871077
3.5250851972959936
3.524137763539329
3.5244535747915506
3.525085110393775
3.524453487889332
3.5250851972959936
3.5238219522871077
3.524453487889332
3.5250851972959936
3.5254008580832306
3.524137763539329
3.524769386043772
3.524137763539329
3.5238219522871077
3.524137763539329
3.5238219289476547
3.5238219522871077
3.524137740199876
3.5244535747915506
3.5238219522871077
3.524137763539329
3.524769386043772
3.5244535747915506
3.5235061410348862
3.5238219522871077
3.524137763539329
3.524769386043772
3.5244535747915506
3.5250851972959936
3.525085110393775
3.5250851972959936
3.524769362704319
3.524769386043772
3.524137763539329
3.5250851739565405
3.5250851972959936
3.524769362704319
3.5238219522871077
3.5250851972959936
3.524137763539329
3.5250851972959936
3.5244535747915506
3.524137763539329
3.525401008548215
3.5238219522871077
3.524137740199876
3.5250851972959936
3.524769362704319
3.5250851972959936
3.5250851739565405
3.5238219289476547
3.526032607713205
3.525401008548215
3.5241376766371104
3.524137763539329
3.5244535514520976
3.524137763539329
3.5235061410348862
3.5244535747915506
3.5250851739565405
3.525401008548215
3.524137763539329
3.524137763539329
3.524769362704319
3.525401008548215
3.5250851972959936
3.524769386043772
3.5244535747915506
3.5250851972959936
3.524769362704319
3.5257167328982177
3.525400985208762
3.5238219522871077
3.5244535747915506
3.524453487889332
3.524137763539329
3.525401008548215
3.5254009216459963
3.5231903297826648
3.5257168198004365
3.5250851739565405
3.5244535747915506
3.525401008548215
3.5231903297826648
3.524137763539329
3.524137763539329
3.524769386043772
3.5257168198004365
3.5250851739565405
3.526664166654882
3.524137763539329
3.524769386043772
3.5244535747915506
3.5238219522871077
3.5238219522871077
3.524137763539329
3.525401008548215
3.524453424326566
3.524137763539329
3.5231903297826648
3.524137763539329
3.5244535747915506
3.525401008548215
3.5238219522871077
3.5238219522871077
3.5244535747915506
3.5250851739565405
3.524137763539329
3.5250851739565405
3.5244535747915506
3.5244535747915506
3.5235061410348862
3.524769386043772
3.5254009216459963
3.526032631052658
3.524137763539329
3.5244535747915506
3.524137763539329
3.525400985208762
3.524769362704319
3.5244535747915506
3.525401008548215
3.522558707278222
3.5235061410348862
3.5250851972959936
3.5238219289476547
3.5250851972959936
3.5250851972959936
3.5238219522871077
3.5250851972959936
3.524137763539329
3.524769386043772
3.5250851972959936
3.524769386043772
3.5244535747915506
3.5238219522871077
3.5250851972959936
3.5244535747915506
3.5244535747915506
3.5254009216459963
3.5244535514520976
3.524769386043772
3.524769386043772
3.5235061410348862
3.5250851972959936
3.5244535747915506
3.5238219522871077
3.5244535747915506
3.5250851739565405
3.5235061410348862
3.5250851972959936
3.525401008548215
3.5244535747915506
3.5244535747915506
3.524453487889332
3.525400985208762
3.5250851739565405
3.5244535747915506
3.524769386043772
3.524769362704319
3.5238219522871077
3.524769362704319
3.524137763539329
3.5257168198004365
3.524769362704319
3.5257167328982177
3.524769386043772
3.524769386043772
3.5244535747915506
3.5257168198004365
3.5250851739565405
3.5238219522871077
3.524769386043772
3.5235061410348862
3.524769386043772
3.524769386043772
3.5228745185304433
3.524769386043772
3.525085110393775
3.5244535747915506
3.5250851972959936
3.5238219522871077
3.5244535747915506
3.5244535747915506
3.5244535747915506
3.524137763539329
3.5231903297826648
3.524769386043772
3.5250851972959936
3.5254008580832306
3.5250851972959936
3.5244535747915506
3.5244535747915506
3.524769386043772
3.524137763539329
3.524769386043772
3.5250851972959936
3.5235061410348862
3.524769386043772
3.5250851739565405
3.524137763539329
3.5235061410348862
3.5244535747915506
3.524137763539329
3.525401008548215
3.5254009216459963
3.524769386043772
3.5244535747915506
3.5254009216459963
3.5250851739565405
3.5250851739565405
3.5238219522871077
3.524769386043772
3.5254008580832306
3.5257168198004365
3.5250851739565405
3.5238219522871077
3.524769386043772
3.5244535747915506
3.524137763539329
3.525401008548215
3.524137740199876
3.525400985208762
3.524137763539329
3.524769386043772
3.524137763539329
3.5250851739565405
3.5238219522871077
3.5250851739565405
3.524769386043772
3.5244535747915506
3.5263483554026607
3.5244535747915506
3.524769386043772
3.524769386043772
3.5250851972959936
3.525401008548215
3.5254009216459963
3.524769386043772
3.5244535747915506
3.5235061410348862
3.524769386043772
3.524137763539329
3.524137763539329
3.5238219522871077
3.524137763539329
3.524137763539329
3.525716669335452
3.524137763539329
3.524769386043772
3.5235061410348862
3.5238219522871077
3.524769386043772
3.5247692991415533
3.5250851972959936
3.524137763539329
3.5244535747915506
3.524137740199876
3.5250851972959936
3.524137763539329
3.524769362704319
3.524769362704319
3.5235061410348862
3.5244535747915506
3.5244535747915506
3.5244535747915506
3.524137763539329
3.524137763539329
3.5250851739565405
3.5238219522871077
3.525401008548215
3.524137763539329
3.5250851972959936
3.524137763539329
3.524769362704319
3.524769386043772
3.5250851972959936
3.5235061410348862
3.5244535747915506
3.5238219522871077
3.5244535747915506
3.525401008548215
3.5238219522871077
3.5235061410348862
3.525401008548215
3.5247692991415533
3.5235061410348862
3.5238219522871077
3.524137763539329
3.5244535747915506
3.5254008580832306
3.5263484189654264
3.5244535747915506
3.5247692991415533
3.524769386043772
3.524769362704319
3.524137740199876
3.5238219522871077
3.524769386043772
3.5244535747915506
3.5250851739565405
3.5244535514520976
3.5250851972959936
3.5250851739565405
3.5238219289476547
3.5238219522871077
3.524769386043772
3.5250851972959936
3.524137763539329
3.523506117695433
3.5250851972959936
3.524137763539329
3.5244535747915506
3.5235061410348862
3.524137763539329
3.524137763539329
3.526032631052658
3.524137763539329
3.5238219522871077
3.5244535747915506
3.524137740199876
3.525401008548215
3.524137763539329
3.5244535747915506
3.5238219522871077
3.5244535747915506
3.5244535514520976
3.524137763539329
3.524137740199876
3.5231903297826648
3.524137763539329
3.524137763539329
3.525401008548215
3.524769386043772
3.524453424326566
3.5250851972959936
3.5250851972959936
3.524137763539329
3.524769386043772
3.5238219522871077
3.524137763539329
3.5250851972959936
3.524769386043772
3.524137740199876
3.524137763539329
3.524137740199876
3.525401008548215
3.524769386043772
3.524769362704319
3.524769362704319
3.524769362704319
3.5244535514520976
3.5250851972959936
3.525400985208762
3.5244535747915506
3.5244535747915506
3.5250851739565405
3.522558707278222
3.524137763539329
3.5238219522871077
3.5231903297826648
3.524137763539329
3.524769362704319
3.524137763539329
3.524769386043772
3.525401008548215
3.5244535747915506
3.5238219522871077
3.524137740199876
3.524137763539329
3.524137763539329
3.5244535747915506
3.524137763539329
3.5244535747915506
3.525400985208762
3.5250851972959936
3.5250851739565405
3.525401008548215
3.525400985208762
3.5235061410348862
3.524769362704319
3.5238219522871077
3.524137763539329
3.5244535747915506
3.5250851739565405
3.5231903297826648
3.524769386043772
3.5254009216459963
3.524769386043772
3.5235061410348862
3.5244535747915506
3.524769386043772
3.5250851972959936
3.524453487889332
3.5238219522871077
3.5250851972959936
3.5235061410348862
3.524769386043772
3.524137763539329
3.5222428960260004
3.5244535747915506
3.524769386043772
3.5238219522871077
3.5244535747915506
3.5244535747915506
3.524137763539329
3.524769386043772
3.5250851739565405
3.5238219522871077
3.524137763539329
3.524453487889332
3.525400985208762
3.5244535747915506
3.5257167964609835
3.522558707278222
3.5244535747915506
3.5250851972959936
3.5244535747915506
3.524453487889332
3.5254009216459963
3.5235061410348862
3.5250851739565405
3.5244535747915506
3.5254009216459963
3.5235061410348862
3.5250851972959936
3.525085110393775
3.5250851739565405
3.5235061410348862
3.5257168198004365
3.5244535747915506
3.5244535514520976
3.524137763539329
3.5244535747915506
3.5244535747915506
3.5238219522871077
3.5244535747915506
3.524137763539329
3.5238219522871077
3.526032544150439
3.524769386043772
3.524769386043772
3.524453424326566
3.524137763539329
3.5238219522871077
3.5244535514520976
3.525401008548215
3.5231903064432117
3.5250851972959936
3.5244535747915506
3.5228745185304433
3.524137763539329
3.5250851739565405
3.5250851972959936
3.524769386043772
3.5250851739565405
3.524769386043772
3.5250851739565405
3.524769362704319
3.525400985208762
3.5250851739565405
3.524137763539329
3.5238219522871077
3.524137763539329
3.5257167964609835
3.5250851972959936
3.5235061410348862
3.524769386043772
3.524137763539329
3.524137763539329
3.5244535747915506
3.5250851972959936
3.5257168198004365
3.5238219522871077
3.524137740199876
3.525401008548215
3.5238219522871077
3.524769362704319
3.5250851972959936
3.524137763539329
3.5250851972959936
3.5238219522871077
3.5244535747915506
3.5250851972959936
3.524137763539329
3.524769386043772
3.524769362704319
3.5244535747915506
3.524137763539329
3.524769362704319
3.524769386043772
3.525400985208762
3.5244535747915506
3.5244535747915506
3.524769386043772
3.5244535747915506
3.524769386043772
3.524137740199876
3.5250851972959936
3.524769362704319
3.524137763539329
3.5238219522871077
3.5241376766371104
3.5250851739565405
3.524769386043772
3.5238219289476547
3.5250851972959936
3.524769386043772
3.5250851739565405
3.524769386043772
3.5244535747915506
3.5250851739565405
3.525401008548215
3.5244535747915506
3.524137763539329
3.5244535747915506
3.5244535747915506
3.5244535747915506
3.525400985208762
3.524137763539329
3.525401008548215
3.524769362704319
3.5244535747915506
3.524137740199876
3.5244535514520976
3.524769386043772
3.524137763539329
3.5238219522871077
3.525401008548215
3.524769362704319
3.524137763539329
3.5244535747915506
3.524137763539329
3.524137763539329
3.5244535514520976
3.524769362704319
3.524137763539329
3.524137740199876
3.5244535747915506
3.5244535747915506
3.5244535747915506
3.524769386043772
3.524137763539329
3.5244535747915506
3.524769386043772
3.5244535514520976
3.5250851972959936
3.524137740199876
3.5244535747915506
3.5238219522871077
3.5238219522871077
3.524769386043772
3.524137740199876
3.524137740199876
3.525401008548215
3.524137763539329
3.5238219289476547
3.5244535747915506
3.524769386043772
3.5238219522871077
3.5235061410348862
3.5254008580832306
3.524137763539329
3.5244535747915506
3.5250851972959936
3.524769362704319
3.524769386043772
3.5250851972959936
3.5257168198004365
3.5244535514520976
3.525401008548215
3.524137763539329
3.524453487889332
3.524137763539329
3.525400985208762
3.5238219522871077
3.5257168198004365
3.524453487889332
3.5250851739565405
3.524769386043772
3.5238219289476547
3.5244535747915506
3.5257167964609835
3.5244535747915506
3.5250851972959936
3.5244535747915506
3.5238219289476547
3.524769386043772
3.5238219522871077
3.5244535747915506
3.5244535747915506
3.5238219522871077
3.5238219289476547
3.524769386043772
3.5238219289476547
3.5231903297826648
3.524769386043772
3.5235061410348862
3.524769362704319
3.524137740199876
3.524769362704319
3.524769386043772
3.525400985208762
3.5244535747915506
3.5250851972959936
3.5235061410348862
3.5244535747915506
3.5250851972959936
3.524769362704319
3.5250851972959936
3.5250851972959936
3.5238219289476547
3.5244535747915506
3.524769386043772
3.524769386043772
3.524769386043772
3.5244535747915506
3.5244535747915506
3.5250851972959936
3.524769362704319
3.5250851972959936
3.5244535747915506
3.5250851739565405
3.524137763539329
3.5235061410348862
3.5250851739565405
3.5244535747915506
3.524769362704319
3.524769386043772
3.524137763539329
3.5250851739565405
3.524769386043772
3.524769362704319
3.524137763539329
3.5244535747915506
3.524769362704319
3.524137763539329
3.524769386043772
3.524137763539329
3.524769362704319
3.5238219522871077
3.524769386043772
3.524137763539329
3.5250851972959936
3.5238219522871077
3.5250851972959936
3.525401008548215
3.524769362704319
3.5250851972959936
3.5244535747915506
3.524769362704319
3.5238219522871077
3.524769362704319
3.524137763539329
3.524137763539329
3.524137763539329
3.5238219522871077
3.5250851739565405
3.5228745185304433
3.5250851739565405
3.524769386043772
3.5238219522871077
3.524769386043772
3.5244535514520976
3.5250851739565405
3.5244535747915506
3.525400985208762
3.525085046831009
3.5238219522871077
3.5238219522871077
3.5235061410348862
3.524137763539329
3.5238219522871077
3.524137763539329
3.5238219289476547
3.5254009216459963
3.525401008548215
3.524137740199876
3.5244535747915506
3.524769386043772
3.5244535747915506
3.5238219522871077
3.524137763539329
3.524769362704319
3.5244535747915506
3.525400985208762
3.5257167328982177
3.526032607713205
3.5238219289476547
3.5244535747915506
3.524769386043772
3.525085110393775
3.526032607713205
3.5241376766371104
3.524769386043772
3.524769386043772
3.5235061410348862
3.5244535747915506
3.524137763539329
3.525401008548215
3.5250851972959936
3.5244535747915506
3.524769386043772
3.525085110393775
3.524769362704319
3.524137763539329
3.5244535747915506
3.5244535747915506
3.5238219522871077
3.5260324805876735
3.525401008548215
3.5238219522871077
3.524769386043772
3.524769386043772
3.524137763539329
3.5250851739565405
3.524769386043772
3.5238219522871077
3.524137763539329
3.524137740199876
3.5231903297826648
3.524769362704319
3.524769362704319
3.5235061410348862
3.5250851972959936
3.524137740199876
3.5244535747915506
3.5238219522871077
3.5244535514520976
3.524769386043772
3.524769386043772
3.525401008548215
3.524137763539329
3.5235061410348862
3.5244535747915506
3.524769362704319
3.5250851972959936
3.525401008548215
3.524137763539329
3.524769386043772
3.525400985208762
3.525400985208762
3.5257168198004365
3.5244535514520976
3.524137763539329
3.5238219522871077
3.524769386043772
3.5244535747915506
3.524137763539329
3.524137763539329
3.5244535747915506
3.5257167964609835
3.5257168198004365
3.5250851739565405
3.525085110393775
3.526032607713205
3.5241376766371104
3.524137763539329
3.5244535747915506
3.525085110393775
3.5244535747915506
3.524769362704319
3.524137763539329
3.5257168198004365
3.524769362704319
3.524769386043772
3.524769362704319
3.5257167964609835
3.525401008548215
3.5235061410348862
3.5244535747915506
3.5244535747915506
3.5238219289476547
3.524769386043772
3.524769362704319
3.524137763539329
3.524769362704319
3.5238219522871077
3.5244535747915506
3.525401008548215
3.5250851739565405
3.524769386043772
3.524137763539329
3.5238219522871077
3.524769386043772
3.5254008580832306
3.5244535747915506
3.5244535747915506
3.524137740199876
3.5222428960260004
3.524137763539329
3.5244535747915506
3.5238219522871077
3.5241376766371104
3.524137763539329
3.5250851972959936
3.5238219289476547
3.5238219522871077
3.524769362704319
3.5235061410348862
3.524137763539329
3.5250851739565405
3.524137763539329
3.5250851739565405
3.5235061410348862
3.5257168198004365
3.5228745185304433
3.5235061410348862
3.5244535747915506
3.524769362704319
3.5244535747915506
3.5235061410348862
3.524137763539329
3.524769386043772
3.5238219522871077
3.5244535747915506
3.524137763539329
3.5254009216459963
3.524137763539329
3.5244535747915506
3.5244535747915506
3.525401008548215
3.5244535747915506
3.5250851739565405
3.5231903297826648
3.5238219289476547
3.524137763539329
3.5235061410348862
3.5235061410348862
3.5244535747915506
3.524769362704319
3.5244535747915506
3.5250851739565405
3.524769362704319
3.5244535747915506
3.524769386043772
3.5235061410348862
3.5250851972959936
3.524137763539329
3.5257167964609835
3.5244535747915506
3.5244535514520976
3.524769362704319
3.5238219522871077
3.5238219522871077
3.525085110393775
3.5250851972959936
3.524769386043772
3.5244535747915506
3.5250851972959936
3.5231903297826648
3.5244535747915506
3.525401008548215
3.524453424326566
3.524137763539329
3.524137763539329
3.5238219522871077
3.5244535747915506
3.5238219522871077
3.524769386043772
3.526032631052658
3.524137763539329
3.524137763539329
3.525401008548215
3.5235061410348862
3.5250851972959936
3.524769386043772
3.524769386043772
3.5250851972959936
3.5257167964609835
3.5244535747915506
3.524137763539329
3.524453487889332
3.5250851972959936
3.5244535747915506
3.524137740199876
3.5238219522871077
3.524769386043772
3.5250851972959936
3.5250851972959936
3.5244535514520976
3.5244535747915506
3.5250851972959936
3.524137740199876
3.524769386043772
3.5238219522871077
3.5254008580832306
3.524769386043772
3.5238219522871077
3.5250851972959936
3.5250851972959936
3.524769386043772
3.5238219289476547
3.5244535747915506
3.5244535747915506
3.5228745185304433
3.524769386043772
3.5244535747915506
3.5250851972959936
3.524769386043772
3.526032607713205
3.5235061410348862
3.5257168198004365
3.5235061410348862
3.524137740199876
3.5244535747915506
3.524769386043772
3.5238219522871077
3.5250851972959936
3.5244535747915506
3.5244535747915506
3.524769362704319
3.524769362704319
3.524137763539329
3.5228745185304433
3.524137763539329
3.5244535747915506
3.524769386043772
3.525085110393775
3.524769386043772
3.524137740199876
3.524137763539329
3.525401008548215
3.524137763539329
3.526032631052658
3.524137740199876
3.5235061410348862
3.5244535747915506
3.524137763539329
3.524137763539329
3.524769386043772
3.524769386043772
3.5250851972959936
3.5244535747915506
3.524137740199876
3.526032631052658
3.524137763539329
3.5250851972959936
3.525400985208762
3.524769386043772
3.524769386043772
3.5244535747915506
3.5238219522871077
3.524769386043772
3.524769362704319
3.5238219522871077
3.5238219522871077
3.524137763539329
3.524769386043772
3.5244535747915506
3.5238219522871077
3.5250851972959936
3.524769362704319
3.524769386043772
3.5250851739565405
3.5244535747915506
3.5238219522871077
3.525085110393775
3.5244535747915506
3.5244535747915506
3.524137763539329
3.5238219522871077
3.5244535747915506
3.5244535514520976
3.526032607713205
3.525716669335452
3.524137763539329
3.5244535747915506
3.5254009216459963
3.5257168198004365
3.524769386043772
3.524769386043772
3.524137763539329
3.5254009216459963
3.5244535747915506
3.524769386043772
3.5228745185304433
3.5244535747915506
3.5250851972959936
3.525085110393775
3.5250851739565405
3.524137763539329
3.524769386043772
3.5250851972959936
3.524137740199876
3.5244535747915506
3.524137763539329
3.5235061410348862
3.5244535747915506
3.524137763539329
3.5238219522871077
3.524137763539329
3.5235061410348862
3.524769386043772
3.5244535514520976
3.5231903297826648
3.524137763539329
3.5244535514520976
3.525401008548215
3.5244535747915506
3.524453487889332
3.524769386043772
3.5254008580832306
3.5254009216459963
3.524769386043772
3.5247692991415533
3.524769386043772
3.5238219522871077
3.524137763539329
3.5250851972959936
3.525085110393775
3.5238219522871077
3.5257167964609835
3.524137763539329
3.5250851972959936
3.524769362704319
3.524769386043772
3.526032631052658
3.525400985208762
3.5238219522871077
3.5244535747915506
3.5244535514520976
3.524769386043772
3.5250851739565405
3.5254009216459963
3.524769386043772
3.5247692991415533
3.524137763539329
3.5244535747915506
3.524137763539329
3.5250851972959936
3.524769386043772
3.5250851739565405
3.5244535747915506
3.5250851739565405
3.524137763539329
3.5244535747915506
3.525401008548215
3.5244535747915506
3.5235061410348862
3.524137740199876
3.5244535747915506
3.5254008580832306
3.5244535747915506
3.5250851972959936
3.524137763539329
3.5238219522871077
3.524769386043772
3.5235061410348862
3.524137763539329
3.525085110393775
3.5254009216459963
3.5250851739565405
3.524137763539329
3.5244535747915506
3.5244535747915506
3.5235061410348862
3.5250851972959936
3.524137763539329
3.5244535514520976
3.5244535747915506
3.523821865384889
3.524137763539329
3.525401008548215
3.524453487889332
3.5228745185304433
3.5244535747915506
3.5231903297826648
3.524137763539329
3.525400985208762
3.5250851739565405
3.5244535747915506
3.524137763539329
3.5244535747915506
3.525401008548215
3.524137763539329
3.524137763539329
3.5257167964609835
3.524769362704319
3.524769386043772
3.524137763539329
3.5244535747915506
3.5244535747915506
3.5235061410348862
3.5250851972959936
3.524137763539329
3.5244535747915506
3.524769386043772
3.525400985208762
3.5244535747915506
3.5244535747915506
3.5244535514520976
3.5257168198004365
3.5250851972959936
3.524769362704319
3.5244535747915506
3.5250851972959936
3.524769362704319
3.524137763539329
3.5235061410348862
3.5250851972959936
3.5244535514520976
3.524137740199876
3.524769362704319
3.524769386043772
3.525401008548215
3.524769362704319
3.5250851972959936
3.5260324805876735
3.524137763539329
3.525401008548215
3.524769362704319
3.524137763539329
3.5238219522871077
3.524769386043772
3.525401008548215
3.5244535747915506
3.5244535747915506
3.524769386043772
3.524137763539329
3.5235061410348862
3.524769386043772
3.5244535747915506
3.524137763539329
3.524769386043772
3.5244535747915506
3.525401008548215
3.524769386043772
3.5235061410348862
3.524137763539329
3.524769362704319
3.524137763539329
3.525401008548215
3.524769362704319
3.5238219522871077
3.5257168198004365
3.524137763539329
3.524137763539329
3.5263484189654264
3.5254009216459963
3.524769386043772
3.5244535747915506
3.5235061410348862
3.524769386043772
3.524137763539329
3.5238219522871077
3.5235061410348862
3.524137763539329
3.524137740199876
3.524769386043772
3.524137763539329
3.5244535747915506
3.5244535747915506
3.524137740199876
3.524137763539329
3.524137763539329
3.5238219522871077
3.5250851972959936
3.5257168198004365
3.524137740199876
3.524137763539329
3.5244535747915506
3.524453424326566
3.5250851972959936
3.5231903297826648
3.524453487889332
3.5244535747915506
3.5250851972959936
3.524769362704319
3.5244535747915506
3.5250851739565405
3.5244535747915506
3.5238219522871077
3.5238219289476547
3.524769386043772
3.524137763539329
3.5244535514520976
3.525400985208762
3.524137763539329
3.524769386043772
3.5244535747915506
3.524769362704319
3.5247692991415533
3.5244535747915506
3.5238219522871077
3.524769386043772
3.5244535747915506
3.5235061410348862
3.5250851972959936
3.5244535514520976
3.5228745185304433
3.524769386043772
3.5235061410348862
3.5244535747915506
3.5250851972959936
3.524769386043772
3.524769386043772
3.5238219522871077
3.5244535747915506
3.5244535747915506
3.524769362704319
3.524137763539329
3.524769386043772
3.524137763539329
3.525401008548215
3.5244535747915506
3.524137763539329
3.525401008548215
3.5235061410348862
3.5238219522871077
3.524769386043772
3.5244535747915506
3.5244535747915506
3.5244535747915506
3.5238219522871077
3.5250851972959936
3.524769386043772
3.524769386043772
3.5244535747915506
3.5254009216459963
3.5244535747915506
3.5263484189654264
3.5231903064432117
3.5250851972959936
3.5250851739565405
3.524137763539329
3.525401008548215
3.524137763539329
3.5238219522871077
3.5244535747915506
3.5241376766371104
3.5238219522871077
3.5244535514520976
3.5244535747915506
3.524769386043772
3.5244535747915506
3.524137763539329
3.5250851972959936
3.524137763539329
3.524137763539329
3.5244535514520976
3.5244535747915506
3.524137763539329
3.5250851739565405
3.524769386043772
3.525401008548215
3.524137763539329
3.524137763539329
3.5254009216459963
3.5244535747915506
3.5231903297826648
3.5250851739565405
3.524137763539329
3.524769386043772
3.524137763539329
3.524769386043772
3.5235061410348862
3.5250851972959936
3.524769362704319
3.5231903297826648
3.5250851972959936
3.5244535514520976
3.524769362704319
3.5244535747915506
3.524769362704319
3.524769386043772
3.5257167964609835
3.5247692991415533
3.524137763539329
3.5250851739565405
3.525716669335452
3.524137763539329
3.5235061410348862
3.524137763539329
3.5244535747915506
3.5235061410348862
3.5250851972959936
3.5235061410348862
3.5238219522871077
3.525401008548215
3.5238219522871077
3.5250851972959936
3.5244535747915506
3.5235060541326675
3.524769386043772
3.524769362704319
3.5244535747915506
3.525401008548215
3.524769362704319
3.5257168198004365
3.5244535747915506
3.525400985208762
3.5238219522871077
3.5244535747915506
3.524137763539329
3.524769386043772
3.5244535747915506
3.524137763539329
3.524137763539329
3.5244535514520976
3.5257168198004365
3.525400985208762
3.5244535747915506
3.5244535747915506
3.524137740199876
3.524137763539329
3.5250851739565405
3.524137763539329
3.5244535747915506
3.524769362704319
3.5244535747915506
3.525400985208762
3.524769362704319
3.524769386043772
3.5238219522871077
3.525085110393775
3.524137763539329
3.526032607713205
3.524769362704319
3.5257168198004365
3.5250851739565405
3.5250851972959936
3.5244535747915506
3.5235061410348862
3.5238219522871077
3.524769386043772
3.5238219522871077
3.5244535747915506
3.5231903297826648
3.5231903297826648
3.5244535747915506
3.524769362704319
3.5257167328982177
3.5238219522871077
3.5241376766371104
3.524137763539329
3.5244535747915506
3.5238219522871077
3.5235061410348862
3.5238219522871077
3.5250851739565405
3.524137763539329
3.524453487889332
3.5238219522871077
3.525401008548215
3.524137740199876
3.524769386043772
3.524769362704319
3.524137763539329
3.5244535747915506
3.5244535747915506
3.524137763539329
3.524137763539329
3.5244535514520976
3.5238219522871077
3.524769386043772
3.5244535747915506
3.5250851739565405
3.5250851972959936
3.523506117695433
3.5244535747915506
3.5244535747915506
3.524137763539329
3.524137763539329
3.524769362704319
3.524137763539329
3.524769386043772
3.5257167964609835
3.5244535514520976
3.5250851972959936
3.524769362704319
3.524137763539329
3.526032631052658
3.524769362704319
3.5244535747915506
3.524137763539329
3.524769362704319
3.524137763539329
3.524769386043772
3.5244535514520976
3.524137763539329
3.524137763539329
3.5244535747915506
3.5250851972959936
3.5250851972959936
3.524137763539329
3.524769386043772
3.5250851739565405
3.5257167328982177
3.524137763539329
3.524769362704319
3.524769386043772
3.524769386043772
3.5247692355787876
3.5254008580832306
3.5244535747915506
3.524137763539329
3.5244535514520976
3.5250851972959936
3.5257168198004365
3.524137763539329
3.5244535747915506
3.524453487889332
3.5244535747915506
3.524769362704319
3.5244535747915506
3.524137763539329
3.524769386043772
3.5238219522871077
3.5257168198004365
3.5247692991415533
3.5238219522871077
3.5250851739565405
3.524137763539329
3.524769386043772
3.5244535514520976
3.5241376766371104
3.5244535747915506
3.5244535747915506
3.524137763539329
3.5244535747915506
3.524137740199876
3.5231903297826648
3.526032607713205
3.5244535747915506
3.525716669335452
3.5250851972959936
3.523506117695433
3.524769386043772
3.5250851972959936
3.5244535747915506
3.524137763539329
3.524137763539329
3.5235061410348862
3.5244535747915506
3.524137763539329
3.5235061410348862
3.524137763539329
3.5244535747915506
3.5250851972959936
3.5231903297826648
3.5244535747915506
3.525401008548215
3.5238219522871077
3.5235061410348862
3.524769362704319
3.5250851972959936
3.5238219522871077
3.524769386043772
3.5235061410348862
3.5244535747915506
3.5241376766371104
3.5244535747915506
3.524769386043772
3.524137763539329
3.5250851972959936
3.5244535514520976
3.5250851739565405
3.524769386043772
3.5238219289476547
3.524137763539329
3.524769362704319
3.524137763539329
3.524769386043772
3.525400985208762
3.524137763539329
3.524769386043772
3.525085110393775
3.5250851972959936
3.524137763539329
3.5228745185304433
3.525085110393775
3.5238219522871077
3.5231903297826648
3.5228745185304433
3.5238219522871077
3.5235061410348862
3.5244535747915506
3.524769362704319
3.5244535747915506
3.5250851739565405
3.5247692991415533
3.524137763539329
3.524769386043772
3.5228745185304433
3.524137763539329
3.524137763539329
3.524769386043772
3.5244535747915506
3.526032607713205
3.5238219522871077
3.5244535514520976
3.5238219522871077
3.524769386043772
3.5238219522871077
3.5244535747915506
3.5241376766371104
3.525085110393775
3.525401008548215
3.5238219522871077
3.524137763539329
3.525085110393775
3.5250851739565405
3.524769386043772
3.5250851739565405
3.5250851739565405
3.5244535747915506
3.524769172016022
3.524769386043772
3.5250851972959936
3.5244535514520976
3.524137763539329
3.5250851739565405
3.5238219522871077
3.5244535747915506
3.5238219289476547
3.5238219522871077
3.525400985208762
3.524769386043772
3.525401008548215
3.524137763539329
3.524137763539329
3.525401008548215
3.524769362704319
3.524137763539329
3.5250851972959936
3.524137763539329
3.5244535747915506
3.524769386043772
3.525085110393775
3.5250851972959936
3.5244535747915506
3.5228745185304433
3.524769386043772
3.524137763539329
3.524137763539329
3.524137763539329
3.5244535747915506
3.5244535747915506
3.5231903297826648
3.5238219522871077
3.5244535747915506
3.524769386043772
3.524137763539329
3.524137763539329
3.5244535747915506
3.5238219522871077
3.524769386043772
3.5241376766371104
3.5250851972959936
3.524137763539329
3.524137763539329
3.524137763539329
3.524769386043772
3.5235061410348862
3.525401008548215
3.525085046831009
3.5235061410348862
3.5231903297826648
3.5244535747915506
3.5263484189654264
3.524769386043772
3.5238219522871077
3.5244535747915506
3.5257167964609835
3.5250851972959936
3.524137763539329
3.524769386043772
3.5235061410348862
3.5254009216459963
3.5257167328982177
3.524769386043772
3.5257167964609835
3.524769386043772
3.5235061410348862
3.5231903297826648
3.524137763539329
3.525401008548215
3.524137763539329
3.5244535747915506
3.5250851972959936
3.5235061410348862
3.524769386043772
3.5250851972959936
3.5244535747915506
3.524769386043772
3.524769386043772
3.524137763539329
3.524769386043772
3.5241376766371104
3.5250851739565405
3.5244535747915506
3.524137763539329
3.5238219522871077
3.525400985208762
3.524769362704319
3.5244535747915506
3.524769386043772
3.5235061410348862
3.5244535747915506
3.525401008548215
3.5254009216459963
3.524769362704319
3.5238219522871077
3.524137763539329
3.5244535747915506
3.5244535747915506
3.5244535747915506
3.524769386043772
3.5244535747915506
3.5250851972959936
3.5238219522871077
3.5238219522871077
3.5244535747915506
3.5238219522871077
3.5247692355787876
3.5235061410348862
3.524769386043772
3.524769386043772
3.5238219522871077
3.524769386043772
3.5250851739565405
3.524769386043772
3.524769362704319
3.5231903297826648
3.5250851972959936
3.5244535747915506
3.524137740199876
3.5250851972959936
3.5250851739565405
3.5238219522871077
3.524137763539329
3.524769386043772
3.524137763539329
3.5238219522871077
3.524769386043772
3.5235061410348862
3.524137763539329
3.524137763539329
3.523821865384889
3.5241376766371104
3.5250851972959936
3.524137763539329
3.5244535747915506
3.5250851739565405
3.5244535747915506
3.525400985208762
3.526032631052658
3.524453424326566
3.5250851972959936
3.5244535747915506
3.5250851739565405
3.5257168198004365
3.524769362704319
3.524137740199876
3.5238219522871077
3.5244535747915506
3.524137763539329
3.5250851972959936
3.525400985208762
3.5244535747915506
3.524137763539329
3.5250851972959936
3.524769386043772
3.524137763539329
3.5257167328982177
3.524769386043772
3.5244535747915506
3.5244535747915506
3.524769386043772
3.524769386043772
3.524137763539329
3.525401008548215
3.5250851972959936
3.5244535514520976
3.5238219522871077
3.525400985208762
3.524769386043772
3.5238219522871077
3.5238219522871077
3.5244535747915506
3.5244535747915506
3.524137763539329
3.524137763539329
3.525400985208762
3.524769386043772
3.524769386043772
3.5250851972959936
3.5244535747915506
3.5235061410348862
3.5254009216459963
3.5235061410348862
3.5238219522871077
3.524769362704319
3.525085110393775
3.5244535514520976
3.524137763539329
3.524137763539329
3.5257167964609835
3.5244535747915506
3.5244535747915506
3.5250851739565405
3.5250851972959936
3.5238219522871077
3.5238219522871077
3.525401008548215
3.524137763539329
3.5238219522871077
3.525401008548215
3.5244535747915506
3.5238219522871077
3.524769386043772
3.524453487889332
3.524769386043772
3.5228745185304433
3.524137740199876
3.524769386043772
3.524137763539329
3.5238219522871077
3.525401008548215
3.5244535747915506
3.524769386043772
3.5238219522871077
3.5241376766371104
3.525401008548215
3.5250851972959936
3.5238219522871077
3.5244535747915506
3.5250851739565405
3.5250851972959936
3.524137763539329
3.525400985208762
3.526032607713205
3.525400985208762
3.524137740199876
3.5250851972959936
3.5250851739565405
3.524769386043772
3.5250851972959936
3.525400985208762
3.524137763539329
3.5235061410348862
3.5244535747915506
3.5250851972959936
3.5235061410348862
3.524769386043772
3.5244535747915506
3.524453487889332
3.5250851972959936
3.5238219522871077
3.524769362704319
3.525400985208762
3.524769362704319
3.5238219522871077
3.525401008548215
3.5235061410348862
3.5235061410348862
3.524137763539329
3.524137763539329
3.5244535747915506
3.5250851972959936
3.5244535747915506
3.5257168198004365
3.5244535747915506
3.5238219522871077
3.5235061410348862
3.524137763539329
3.5244535747915506
3.5235061410348862
3.524769386043772
3.525401008548215
3.5244535514520976
3.525401008548215
3.5250851739565405
3.5238219522871077
3.5257167328982177
3.5238219289476547
3.5250851739565405
3.5257168198004365
3.5231903297826648
3.5250851972959936
3.524769362704319
3.5250851739565405
3.525401008548215
3.5250851739565405
3.526032607713205
3.524769386043772
3.524769362704319
3.525401008548215
3.5250851739565405
3.5238219522871077
3.524769386043772
3.5244535514520976
3.524137763539329
3.524769386043772
3.5235061410348862
3.5257167328982177
3.5250851739565405
3.525401008548215
3.5238219522871077
3.524769362704319
3.524137740199876
3.5238219522871077
3.5250851739565405
3.5254009216459963
3.524137763539329
3.5244535747915506
3.5244535747915506
3.525400985208762
3.5244535747915506
3.5257167964609835
3.5250851972959936
3.524137763539329
3.5238219522871077
3.5250851739565405
3.5235061410348862
3.5250851972959936
3.5244535747915506
3.525401008548215
3.525401008548215
3.5238219289476547
3.524769386043772
3.524137763539329
3.524137763539329
3.524769386043772
3.525400985208762
3.5250851972959936
3.525401008548215
3.5238219289476547
3.525401008548215
3.5244535747915506
3.5250851972959936
3.524137763539329
3.5254009216459963
3.5235061410348862
3.525401008548215
3.5244535514520976
3.5250851972959936
3.5244535747915506
3.524769386043772
3.5244535747915506
3.526032607713205
3.5231903297826648
3.524769386043772
3.5244535747915506
3.5238219289476547
3.5250851972959936
3.5244535747915506
3.524769362704319
3.5244535747915506
3.524769386043772
3.524137740199876
3.5250851972959936
3.5244535747915506
3.5235061410348862
3.524769386043772
3.5244535747915506
3.524769386043772
3.5250851972959936
3.5250851739565405
3.524137763539329
3.5244535514520976
3.524769386043772
3.5250851972959936
3.524137763539329
3.524137763539329
3.524769386043772
3.5244535514520976
3.525401008548215
3.525401008548215
3.5231903297826648
3.5244535747915506
3.5244535747915506
3.5244535747915506
3.5235061410348862
3.5250851739565405
3.5250851739565405
3.524769386043772
3.524137740199876
3.524137763539329
3.524769386043772
3.525400985208762
3.5244535747915506
3.524769386043772
3.5247692991415533
3.524137763539329
3.5238219289476547
3.524137763539329
3.524137763539329
3.5250851739565405
3.524769386043772
3.5250851972959936
3.524137763539329
3.524769386043772
3.5257168198004365
3.5238219289476547
3.5250851972959936
3.524137740199876
3.525400985208762
3.524769386043772
3.5254009216459963
3.524769362704319
3.524769386043772
3.525085110393775
3.5244535747915506
3.5244535747915506
3.524137763539329
3.524137763539329
3.5250851972959936
3.524769386043772
3.5244535747915506
3.5250851972959936
3.525085110393775
3.524769386043772
3.5244535747915506
3.524137763539329
3.5244535747915506
3.524769386043772
3.5238219522871077
3.525401008548215
3.5244535747915506
3.5238219522871077
3.525401008548215
3.5250851739565405
3.525401008548215
3.526032607713205
3.5257167964609835
3.5250851739565405
3.524769386043772
3.5250851739565405
3.5238219522871077
3.525401008548215
3.524769362704319
3.5250851739565405
3.5244535747915506
3.524137740199876
3.525401008548215
3.5238219522871077
3.5238218018221232
3.5244535747915506
3.5235061410348862
3.524769362704319
3.525401008548215
3.524137763539329
3.524769386043772
3.5257168198004365
3.5238219289476547
3.5257168198004365
3.5244535747915506
3.5244535747915506
3.5250851972959936
3.525401008548215
3.5235061410348862
3.5257168198004365
3.524769362704319
3.5244535747915506
3.524769386043772
3.524769386043772
3.5244535747915506
3.5254009216459963
3.524137763539329
3.5238219522871077
3.5235061410348862
3.525400985208762
3.5231903297826648
3.5257167964609835
3.524137763539329
3.5244535747915506
3.5238219522871077
3.5244535747915506
3.5238219522871077
3.524769386043772
3.524769386043772
3.524769386043772
3.5250851972959936
3.524769386043772
3.524769362704319
3.525401008548215
3.5250851972959936
3.525401008548215
3.5244535747915506
3.525400985208762
3.524769362704319
3.5244535514520976
3.5238219522871077
3.526032631052658
3.524769362704319
3.5250851972959936
3.524137763539329
3.524137763539329
3.524769386043772
3.524137763539329
3.5250851972959936
3.5250851972959936
3.5235061410348862
3.524137763539329
3.524137763539329
3.524137763539329
3.5238219522871077
3.5250851739565405
3.524137763539329
3.5235061410348862
3.5244535747915506
3.524769386043772
3.5241376766371104
3.525401008548215
3.5244535747915506
3.524769362704319
3.524769386043772
3.5244535747915506
3.5254009216459963
3.524769386043772
3.524769386043772
3.524137763539329
3.524137740199876
3.5244535514520976
3.5244535747915506
3.5244535514520976
3.5238219522871077
3.526032544150439
3.524769386043772
3.524769386043772
3.524769386043772
3.5244535747915506
3.5257168198004365
3.5250851739565405
3.5238219522871077
3.524769386043772
3.5241376766371104
3.525401008548215
3.525085110393775
3.5235061410348862
3.5263484189654264
3.524769362704319
3.5244535514520976
3.525401008548215
3.524769362704319
3.5250851972959936
3.5244535747915506
3.5257167328982177
3.524137763539329
3.524769386043772
3.5247692991415533
3.5244535747915506
3.524769362704319
3.524769386043772
3.5244535747915506
3.5250851739565405
3.5244535747915506
3.5244535747915506
3.5238219522871077
3.524137763539329
3.524137763539329
3.524769362704319
3.525401008548215
3.524769362704319
3.5257167964609835
3.5257168198004365
3.524137763539329
3.524137763539329
3.5244535747915506
3.524769362704319
3.5244535747915506
3.524137763539329
3.524137763539329
3.5257168198004365
3.524769362704319
3.5244535747915506
3.525400985208762
3.525400985208762
3.524769386043772
3.5244535747915506
3.525085110393775
3.5250851972959936
3.5235061410348862
3.5244535514520976
3.5244535747915506
3.5244535747915506
3.524137763539329
3.524769362704319
3.5238219522871077
3.5244535747915506
3.524769362704319
3.5235061410348862
3.524769386043772
3.524453487889332
3.5238219522871077
3.5250851972959936
3.524137740199876
3.5250851972959936
3.524137763539329
3.5231903064432117
3.5250851972959936
3.5238219289476547
3.524769362704319
3.5238219522871077
3.5235061410348862
3.524769386043772
3.524769386043772
3.525085046831009
3.5250851972959936
3.525401008548215
3.5238219522871077
3.5244535747915506
3.525401008548215
3.524137763539329
3.5244535747915506
3.525400985208762
3.524137740199876
3.5244535747915506
3.5238219522871077
3.524137763539329
3.524137763539329
3.5244535747915506
3.5250851972959936
3.524137763539329
3.5250851739565405
3.5254009216459963
3.5244535747915506
3.524769362704319
3.5244535747915506
3.5244535747915506
3.524769362704319
3.5250851972959936
3.524769386043772
3.524769362704319
3.524137763539329
3.5254009216459963
3.5228745185304433
3.524769386043772
3.5238219522871077
3.5250851739565405
3.524769386043772
3.524137763539329
3.525085046831009
3.524137763539329
3.524769386043772
3.524769362704319
3.5250851972959936
3.525400985208762
3.524137763539329
3.524137763539329
3.5254008580832306
3.524769386043772
3.5238219522871077
3.524137763539329
3.525401008548215
3.5250851739565405
3.5250851972959936
3.5238219522871077
3.524137763539329
3.524137763539329
3.5244535747915506
3.5244535514520976
3.524137763539329
3.5244535747915506
3.524769362704319
3.524137763539329
3.524769386043772
3.5238219289476547
3.524769386043772
3.5244535747915506
3.5244535747915506
3.5235061410348862
3.5250851739565405
3.525401008548215
3.524769386043772
3.524769386043772
3.5254009216459963
3.5238219522871077
3.524137763539329
3.524769386043772
3.5250851972959936
3.5247692991415533
3.5231903297826648
3.5244535747915506
3.5238219522871077
3.5244535747915506
3.5244535747915506
3.524137763539329
3.524769386043772
3.5250851972959936
3.524769362704319
3.5244535747915506
3.524769386043772
3.5241376130743447
3.524769386043772
3.525085110393775
3.524769362704319
3.524769386043772
3.524137740199876
3.5235061410348862
3.5238219522871077
3.524769362704319
3.524137763539329
3.5250851972959936
3.5244535514520976
3.5244535747915506
3.5244535747915506
3.5238219289476547
3.5244535747915506
3.5235061410348862
3.5244535514520976
3.524137763539329
3.5250851739565405
3.5244535747915506
3.524769386043772
3.5244535747915506
3.5244535747915506
3.524769386043772
3.5244535747915506
3.5250851972959936
3.5244535747915506
3.524769386043772
3.521927084773779
3.524137740199876
3.5244535747915506
3.524769386043772
3.5244535514520976
3.524769386043772
3.524137740199876
3.524137763539329
3.5238219522871077
3.5238219522871077
3.524137763539329
3.524769386043772
3.524453487889332
3.524769386043772
3.524137763539329
3.5235061410348862
3.5235061410348862
3.5238219289476547
3.5244535747915506
3.5244535747915506
3.524137763539329
3.5238219522871077
3.5244535514520976
3.5238219522871077
3.524769386043772
3.524453424326566
3.5235061410348862
3.524137763539329
3.5241376766371104
3.5244535747915506
3.5238219522871077
3.5244535514520976
3.5250851972959936
3.524769362704319
3.524137763539329
3.5250851972959936
3.5244535747915506
3.5238219522871077
3.5250851739565405
3.524137763539329
3.5244535747915506
3.5244535747915506
3.5235061410348862
3.5244535747915506
3.525400985208762
3.524769386043772
3.524769362704319
3.524769386043772
3.524769362704319
3.5231903297826648
3.5250851739565405
3.5244535747915506
3.5244535514520976
3.524769386043772
3.524137740199876
3.5238219522871077
3.5250851972959936
3.524769362704319
3.5250851972959936
3.5250851739565405
3.5238219522871077
3.524137763539329
3.524137763539329
3.5250851972959936
3.5250851972959936
3.525085046831009
3.524137763539329
3.524769362704319
3.524137740199876
3.5257167964609835
3.5244535747915506
3.524137763539329
3.5250851972959936
3.524769386043772
3.5250851972959936
3.5231903297826648
3.5254008580832306
3.5250851972959936
3.524769362704319
3.524137763539329
3.5244535747915506
3.5247692991415533
3.5238219522871077
3.5244535747915506
3.5244535514520976
3.5244535747915506
3.524769386043772
3.524137763539329
3.525401008548215
3.5247692355787876
3.5254009216459963
3.5250851972959936
3.524137763539329
3.5244535747915506
3.5244535747915506
3.5254009216459963
3.5235061410348862
3.5250851739565405
3.5244535747915506
3.524769386043772
3.5238219522871077
3.5235061410348862
3.524137763539329
3.5244535514520976
3.524769386043772
3.5250851739565405
3.525085110393775
3.525401008548215
3.5250851739565405
3.5231903297826648
3.525401008548215
3.5238219522871077
3.5250851739565405
3.5250851739565405
3.524769386043772
3.5244535747915506
3.5238219522871077
3.5235061410348862
3.5231903297826648
3.524137763539329
3.524769386043772
3.524769362704319
3.525401008548215
3.5250851972959936
3.524769362704319
3.525400985208762
3.524769386043772
3.5231903297826648
3.524769386043772
3.5250851972959936
3.5238219522871077
3.524769386043772
3.524137763539329
3.5244535747915506
3.5250851972959936
3.5238219522871077
3.524137763539329
3.5254009216459963
3.5250851972959936
3.525401008548215
3.5250851972959936
3.524769386043772
3.524769386043772
3.524453487889332
3.5235061410348862
3.5238219522871077
3.524137763539329
3.5244535747915506
3.5250851972959936
3.524769362704319
3.5250851972959936
3.5250851972959936
3.524137763539329
3.525401008548215
3.524769386043772
3.524137740199876
3.5244535747915506
3.5250851972959936
3.5238219522871077
3.5250851972959936
3.524769362704319
3.524769362704319
3.524137763539329
3.5238219522871077
3.524137763539329
3.525401008548215
3.5254008580832306
3.5244535747915506
3.524137763539329
3.5247692991415533
3.525401008548215
3.5241376766371104
3.5244535747915506
3.524137763539329
3.524769362704319
3.5250851972959936
3.524769386043772
3.524137763539329
3.524137763539329
3.5244535747915506
3.5244535747915506
3.5244535747915506
3.5244535747915506
3.524137740199876
3.5244535747915506
3.524137740199876
3.524137763539329
3.524769386043772
3.522558707278222
3.5244535747915506
3.525401008548215
3.524137763539329
3.524137740199876
3.5238219522871077
3.524769362704319
3.5238219522871077
3.525400985208762
3.5244535747915506
3.5244535514520976
3.524137763539329
3.524769362704319
3.5244535514520976
3.5244535747915506
3.524137763539329
3.5238219522871077
3.524137763539329
3.5244535747915506
3.5238219522871077
3.5257167964609835
3.5244535514520976
3.524769386043772
3.5250851972959936
3.525401008548215
3.5238219522871077
3.5238219522871077
3.5238219289476547
3.524137763539329
3.5257167328982177
3.524137763539329
3.5244535747915506
3.524769362704319
3.5250851739565405
3.524137763539329
3.5235061410348862
3.524769386043772
3.524137763539329
3.524137763539329
3.524769386043772
3.5238219522871077
3.524769386043772
3.524137763539329
3.524769386043772
3.524769386043772
3.5238219522871077
3.524137763539329
3.5250851739565405
3.5244535747915506
3.5238219522871077
3.524137763539329
3.5257167328982177
3.525085110393775
3.524137763539329
3.524137763539329
3.5238219522871077
3.5244535747915506
3.524769362704319
3.5250851972959936
3.5250851972959936
3.5244535747915506
3.524769386043772
3.5235061410348862
3.524137763539329
3.524769386043772
3.524769386043772
3.524137763539329
3.5235061410348862
3.5247692991415533
3.5250851972959936
3.524137763539329
3.524137763539329
3.5250851972959936
3.525085110393775
3.5257167964609835
3.5235061410348862
3.5238219522871077
3.5244535747915506
3.524769386043772
3.5235061410348862
3.524769386043772
3.5247692355787876
3.524137763539329
3.525400985208762
3.5235061410348862
3.5238219522871077
3.5257168198004365
3.5250851739565405
3.5244535747915506
3.524769362704319
3.524137763539329
3.5257167964609835
3.5244535747915506
3.5238219522871077
3.524769386043772
3.524769386043772
3.525401008548215
3.524769386043772
3.524769386043772
3.524769386043772
3.5244535514520976
3.5250851972959936
3.5244535747915506
3.5238219289476547
3.524137763539329
3.5244535514520976
3.5235061410348862
3.5250851739565405
3.5235061410348862
3.5244535747915506
3.524769362704319
3.5250851739565405
3.5238219522871077
3.5244535747915506
3.5250851739565405
3.5238219522871077
3.5244535514520976
3.5244535747915506
3.5250851739565405
3.5254008580832306
3.522558707278222
3.5235061410348862
3.5244535747915506
3.524137763539329
3.5250851972959936
3.525401008548215
3.5250851739565405
3.524769362704319
3.5238219522871077
3.5244535747915506
3.5250851972959936
3.5244535747915506
3.524769362704319
3.524769386043772
3.524137763539329
3.524137740199876
3.5250851972959936
3.5244535747915506
3.5238219522871077
3.524769386043772
3.524769386043772
3.5244535514520976
3.524137763539329
3.524769362704319
3.5238219522871077
3.5250851739565405
3.5244535747915506
3.5244535747915506
3.5244535747915506
3.524769362704319
3.5257167964609835
3.5238219289476547
3.524137763539329
3.524769386043772
3.525401008548215
3.524769386043772
3.525400985208762
3.5238219289476547
3.5250851972959936
3.5244535747915506
3.5238219289476547
3.524137763539329
3.5250851739565405
3.524769386043772
3.524137763539329
3.524769362704319
3.524137763539329
3.5244535514520976
3.5244535747915506
3.526032544150439
3.5244535514520976
3.5257168198004365
3.5244535747915506
3.524769362704319
3.525401008548215
3.5244535747915506
3.524137763539329
3.5244535747915506
3.5244535514520976
3.5244535747915506
3.524137763539329
3.5244535747915506
3.524769386043772
3.5238219289476547
3.5235061410348862
3.524137763539329
3.5244535747915506
3.525400985208762
3.524769386043772
3.5238219289476547
3.524769386043772
3.524769386043772
3.5244535747915506
3.5250851972959936
3.524769386043772
3.5238219522871077
3.5231903297826648
3.5250851739565405
3.525401008548215
3.524769386043772
3.524769362704319
3.5244535747915506
3.5254009216459963
3.524137763539329
3.5244535747915506
3.5257167964609835
3.524769362704319
3.5257168198004365
3.5244535747915506
3.524769386043772
3.5244535747915506
3.5250851739565405
3.5244535747915506
3.525400985208762
3.5257167964609835
3.525401008548215
3.524769386043772
3.5238219289476547
3.524137763539329
3.524769386043772
3.524769362704319
3.5244535747915506
3.524137763539329
3.525085110393775
3.5250851972959936
3.5244535514520976
3.5238219522871077
3.524769386043772
3.5235061410348862
3.524769386043772
3.524137763539329
3.5244535747915506
3.5235061410348862
3.5235061410348862
3.5228745185304433
3.525401008548215
3.524137763539329
3.524769386043772
3.524137763539329
3.5250851739565405
3.5250851739565405
3.526032607713205
3.524769386043772
3.5244535747915506
3.5244535747915506
3.525401008548215
3.5244535514520976
3.524769386043772
3.524453487889332
3.524769386043772
3.524137763539329
3.524769362704319
3.524769386043772
3.5228745185304433
3.524137763539329
3.5244535747915506
3.5238219522871077
3.524769386043772
3.524769386043772
3.5247692991415533
3.5250851972959936
3.5250851972959936
3.5257167964609835
3.5244535747915506
3.5238219522871077
3.524137763539329
3.524137763539329
3.525400985208762
3.5244535747915506
3.5250851972959936
3.524769386043772
3.524769362704319
3.524769386043772
3.524137763539329
3.5250851739565405
3.5250851972959936
3.525085110393775
3.524769362704319
3.524769386043772
3.5235061410348862
3.5244535747915506
3.5231903297826648
3.5250851972959936
3.5244535747915506
3.5257167964609835
3.5238219522871077
3.524769386043772
3.5244535514520976
3.524769362704319
3.5244535747915506
3.524769386043772
3.5244535747915506
3.5244535747915506
3.5244535514520976
3.5244535747915506
3.5244535747915506
3.524769386043772
3.5244535747915506
3.524137740199876
3.5250851972959936
3.524769386043772
3.5244535747915506
3.525401008548215
3.5244535747915506
3.525400985208762
3.5244535514520976
3.5250851739565405
3.524769362704319
3.5244535747915506
3.5254008580832306
3.524769386043772
3.524137763539329
3.525085110393775
3.525401008548215
3.5250851739565405
3.5238219289476547
3.525401008548215
3.524769386043772
3.5231903297826648
3.5238219522871077
3.525401008548215
3.525400985208762
3.5244535747915506
3.524137763539329
3.524769386043772
3.524769386043772
3.5231903297826648
3.5244535747915506
3.5244535747915506
3.5238219522871077
3.524137763539329
3.524769386043772
3.5250851972959936
3.5235061410348862
3.5244535514520976
3.524769386043772
3.5247692991415533
3.524137763539329
3.525401008548215
3.524137763539329
3.524769386043772
3.5235061410348862
3.5241376766371104
3.5238219522871077
3.5244535747915506
3.524137763539329
3.5244535747915506
3.5244535747915506
3.5250851972959936
3.525401008548215
3.524769362704319
3.524137763539329
3.5238219522871077
3.525400985208762
3.524137763539329
3.525085110393775
3.5250851739565405
3.5238219522871077
3.524137740199876
3.524137763539329
3.524769386043772
3.5244535747915506
3.5244535747915506
3.524137763539329
3.5247692991415533
3.524137763539329
3.5238219522871077
3.524769386043772
3.524769386043772
3.5238219522871077
3.5244535747915506
3.5244535747915506
3.5231903297826648
3.525401008548215
3.5250851739565405
3.524769386043772
3.525400985208762
3.5250851739565405
3.524769386043772
3.5244535514520976
3.524769386043772
3.526032631052658
3.5254009216459963
3.5244535747915506
3.5244535747915506
3.525401008548215
3.5257168198004365
3.5250851972959936
3.524769386043772
3.524137763539329
3.524137740199876
3.5257167328982177
3.5254009216459963
3.5244535747915506
3.5250851972959936
3.5238219522871077
3.5244535747915506
3.5250851972959936
3.5231903297826648
3.5244535747915506
3.5244535747915506
3.525085110393775
3.5235061410348862
3.5244535747915506
3.5244535747915506
3.5238219522871077
3.5238219522871077
3.5244535747915506
3.525085110393775
3.524137763539329
3.5244535747915506
3.5244535747915506
3.526032631052658
3.524769386043772
3.524769386043772
3.524137763539329
3.5244535747915506
3.524769386043772
3.524769386043772
3.524769386043772
3.5250851972959936
3.524137763539329
3.524769386043772
3.524137763539329
3.5244535747915506
3.5231903297826648
3.5250851972959936
3.5244535747915506
3.524769386043772
3.5244535747915506
3.5244535747915506
3.524137763539329
3.5257168198004365
3.524769362704319
3.524769386043772
3.524769386043772
3.5235061410348862
3.524769386043772
3.524137740199876
3.5238219522871077
3.5250851972959936
3.5238219522871077
3.524769386043772
3.524769386043772
3.5238219289476547
3.524769386043772
3.5244535747915506
3.524137763539329
3.5250851972959936
3.524769362704319
3.5244535747915506
3.524769386043772
3.5250851739565405
3.524769386043772
3.525401008548215
3.5254009216459963
3.524769386043772
3.5250851972959936
3.5263484189654264
3.5244535747915506
3.524769386043772
3.525400985208762
3.524137763539329
3.524769362704319
3.5235061410348862
3.5244535747915506
3.5260324805876735
3.5244535747915506
3.5244535747915506
3.5238219522871077
3.524769386043772
3.5250851739565405
3.525085046831009
3.524769386043772
3.524137763539329
3.5244535514520976
3.5244535747915506
3.5238219522871077
3.524769386043772
3.524769386043772
3.5241376766371104
3.5244535747915506
3.5244535747915506
3.525085110393775
3.524769386043772
3.5244535747915506
3.5244535747915506
3.5257168198004365
3.5231903297826648
3.524769362704319
3.5250851972959936
3.5231903297826648
3.5250851972959936
3.524769386043772
3.524137763539329
3.524137763539329
3.5250851972959936
3.5235061410348862
3.5250851972959936
3.524769362704319
3.524769386043772
3.524137763539329
3.5250851739565405
3.524769362704319
3.5235061410348862
3.5228745185304433
3.5244535514520976
3.524769386043772
3.5238219522871077
3.5257167964609835
3.5238219522871077
3.524137763539329
3.5250851739565405
3.524137763539329
3.5238219289476547
3.5257167964609835
3.525085110393775
3.5235061410348862
3.5235061410348862
3.524137763539329
3.524137763539329
3.524769386043772
3.5250851739565405
3.524453487889332
3.5244535747915506
3.5241376766371104
3.526664166654882
3.5250851972959936
3.5244535747915506
3.5250851739565405
3.5244535747915506
3.524137763539329
3.524137763539329
3.524769386043772
3.5244535747915506
3.525400985208762
3.524769386043772
3.5244535747915506
3.525401008548215
3.5244535747915506
3.5235061410348862
3.524769386043772
3.524769386043772
3.5244535747915506
3.524769386043772
3.524769386043772
3.5260324805876735
3.524137763539329
3.5244535747915506
3.524769386043772
3.524137763539329
3.524453487889332
3.5244535747915506
3.524769386043772
3.5250851739565405
3.5244535747915506
3.5257168198004365
3.524769362704319
3.525401008548215
3.5238219522871077
3.5244535747915506
3.5244535747915506
3.5244535747915506
3.5250851972959936
3.524137763539329
3.5244535514520976
3.5238219522871077
3.5238219522871077
3.5250851739565405
3.524769386043772
3.5250851739565405
3.5244535747915506
3.5244535747915506
3.523821865384889
3.524137763539329
3.524769362704319
3.524137763539329
3.5244535747915506
3.5244535747915506
3.5244535747915506
3.5250851972959936
3.524453424326566
3.525401008548215
3.524769362704319
3.524769386043772
3.524137763539329
3.524769386043772
3.524769386043772
3.524137763539329
3.524137740199876
3.5257167964609835
3.5238219289476547
3.5235061410348862
3.5244535747915506
3.526032607713205
3.524137763539329
3.525401008548215
3.5238219289476547
3.525400985208762
3.524137740199876
3.5250851739565405
3.525401008548215
3.5250851739565405
3.5238219522871077
3.5250851972959936
3.524137763539329
3.525401008548215
3.524769386043772
3.524769362704319
3.5244535747915506
3.5238219289476547
3.5244535747915506
3.5235061410348862
3.524769362704319
3.5244535747915506
3.5244535514520976
3.524137763539329
3.5244535747915506
3.5244535747915506
3.5238219522871077
3.5244535747915506
3.5244535514520976
3.524769386043772
3.525400985208762
3.524137763539329
3.5244535747915506
3.5244535747915506
3.5250851972959936
3.5244535747915506
3.5244535747915506
3.526032607713205
3.524769386043772
3.525401008548215
3.525401008548215
3.5238219522871077
3.524137763539329
3.5250851972959936
3.524769386043772
3.524769386043772
3.5238219522871077
3.5250851972959936
3.5250851739565405
3.5244535747915506
3.5250851972959936
3.5257167328982177
3.5244535747915506
3.5244535747915506
3.525085110393775
3.524769386043772
3.5254009216459963
3.524769362704319
3.5238219522871077
3.524137763539329
3.5235061410348862
3.5238219522871077
3.5257167328982177
3.5244535747915506
3.5250851739565405
3.524137740199876
3.524137763539329
3.524769386043772
3.524769362704319
3.5238219522871077
3.5244535747915506
3.524769362704319
3.524137763539329
3.5244535747915506
3.5250851972959936
3.5235061410348862
3.5235061410348862
3.525401008548215
3.5244535514520976
3.524137763539329
3.5244535747915506
3.524137763539329
3.524769386043772
3.524769386043772
3.5238219289476547
3.5244535747915506
3.525716669335452
3.5244535514520976
3.524137763539329
3.5257167964609835
3.524769362704319
3.5244535747915506
3.524769362704319
3.525400985208762
3.5241376766371104
3.5235061410348862
3.525401008548215
3.524137740199876
3.5235061410348862
3.524137763539329
3.5238219289476547
3.5235061410348862
3.524137763539329
3.524137763539329
3.524769386043772
3.525085046831009
3.5250851739565405
3.525401008548215
3.5238219289476547
3.524137763539329
3.524137763539329
3.5244535747915506
3.524769386043772
3.524769386043772
3.524137740199876
3.5244535747915506
3.5238219522871077
3.5235061410348862
3.524769362704319
3.5250851739565405
3.5244535747915506
3.524137763539329
3.524137763539329
3.525401008548215
3.5244535747915506
3.524137740199876
3.5235061410348862
3.524769386043772
3.524769386043772
3.524769386043772
3.5244535747915506
3.524137740199876
3.525400985208762
3.5244535514520976
3.5235061410348862
3.5257168198004365
3.5231903297826648
3.524769362704319
3.5250851972959936
3.5244535514520976
3.5244535747915506
3.524137763539329
3.5238219522871077
3.524137763539329
3.5244535747915506
3.5244535747915506
3.5244535747915506
3.5231903297826648
3.5250851972959936
3.524137763539329
3.5244535747915506
3.524137763539329
3.5250851739565405
3.522558707278222
3.5250851972959936
3.524137740199876
3.5250851972959936
3.5250851972959936
3.524769362704319
3.5238219522871077
3.5244535514520976
3.524769386043772
3.5235061410348862
3.5238219522871077
3.524137763539329
3.524137763539329
3.525085046831009
3.524137763539329
3.5244535747915506
3.525400985208762
3.5238219522871077
3.524137763539329
3.5238219289476547
3.5250851972959936
3.5244535747915506
3.524453487889332
3.524769386043772
3.524769362704319
3.5244535747915506
3.525400985208762
3.525085046831009
3.5244535747915506
3.525401008548215
3.524137763539329
3.524769362704319
3.5235061410348862
3.5250851739565405
3.5231903297826648
3.5238219289476547
3.524453487889332
3.5250851972959936
3.5244535747915506
3.5247692355787876
3.5250851972959936
3.524769386043772
3.5244535514520976
3.524769386043772
3.5247692991415533
3.5250851739565405
3.524137763539329
3.523506117695433
3.5235061410348862
3.5235061410348862
3.5235061410348862
3.5244535747915506
3.5244535747915506
3.5244535747915506
3.524137763539329
3.524769362704319
3.524137763539329
3.524137763539329
3.5250851739565405
3.524769386043772
3.5235061410348862
3.525085110393775
3.5257168198004365
3.524137740199876
3.5244535747915506
3.5250851972959936
3.5257167964609835
3.5231903297826648
3.5238219522871077
3.5244535747915506
3.524137763539329
3.524769362704319
3.5254009216459963
3.5257167964609835
3.524769362704319
3.524769386043772
3.525085110393775
3.5250851739565405
3.525401008548215
3.5244535747915506
3.524137763539329
3.526032607713205
3.5244535747915506
3.524137763539329
3.5238219522871077
3.5244535747915506
3.524769386043772
3.5235061410348862
3.524137763539329
3.524137763539329
3.5257167328982177
3.5238219522871077
3.5244535747915506
3.5238219522871077
3.524769386043772
3.525400985208762
3.5228745185304433
3.5250851972959936
3.524137763539329
3.5238219522871077
3.5244535747915506
3.5241376766371104
3.5250851972959936
3.5250851972959936
3.5235061410348862
3.524769386043772
3.5250851739565405
3.524137740199876
3.5244535747915506
3.5244535747915506
3.5244535747915506
3.5238219289476547
3.524769386043772
3.524769386043772
3.5254009216459963
3.525401008548215
3.524453424326566
3.524769386043772
3.5244535747915506
3.5250851972959936
3.524769362704319
3.524769386043772
3.524769386043772
3.524769386043772
3.5244535747915506
3.5235061410348862
3.524769386043772
3.524769362704319
3.5250851972959936
3.5250851739565405
3.524137763539329
3.5250851739565405
3.524137740199876
3.524137763539329
3.524137763539329
3.5254009216459963
3.524137763539329
3.524769362704319
3.5244535747915506
3.5238219522871077
3.5257167964609835
3.524769386043772
3.524137763539329
3.524453487889332
3.5244535747915506
3.5244535747915506
3.524769362704319
3.525400985208762
3.5244535747915506
3.524769386043772
3.524769362704319
3.5247692991415533
3.5257168198004365
3.524137763539329
3.5244535747915506
3.5244535747915506
3.5244535747915506
3.5238219522871077
3.5250851739565405
3.5231903297826648
3.5244535747915506
3.5244535514520976
3.525400985208762
3.525401008548215
3.5244535514520976
3.524769386043772
3.5238219522871077
3.5250851739565405
3.5228745185304433
3.525085110393775
3.5238219522871077
3.5244535747915506
3.5254009216459963
3.5244535747915506
3.5250851972959936
3.524769386043772
3.524769386043772
3.5250851972959936
3.5238219522871077
3.5250851972959936
3.5238219289476547
3.524137763539329
3.524137740199876
3.5244535514520976
3.5250851972959936
3.524453487889332
3.524137763539329
3.524769386043772
3.5250851739565405
3.524137763539329
3.525085110393775
3.524769362704319
3.5244535747915506
3.5250851739565405
3.525401008548215
3.524137740199876
3.524453487889332
3.5244535747915506
3.5244535747915506
3.524769362704319
3.5238219522871077
3.5250851739565405
3.5250851739565405
3.5250851972959936
3.5244535747915506
3.5231903297826648
3.524137763539329
3.5244535747915506
3.5238219522871077
3.524137740199876
3.5238219522871077
3.524769386043772
3.5250851739565405
3.525085110393775
3.5250851972959936
3.5228745185304433
3.5238219522871077
3.525085110393775
3.5235061410348862
3.5250851972959936
3.524137763539329
3.5250851739565405
3.524769386043772
3.523506117695433
3.524137763539329
3.525085110393775
3.5244535747915506
3.524137763539329
3.5244535747915506
3.5250851972959936
3.524769386043772
3.5231903297826648
3.524137763539329
3.5244535747915506
3.524769386043772
3.524769386043772
3.524769386043772
3.5228745185304433
3.5244535747915506
3.5257167964609835
3.5238219289476547
3.5244535747915506
3.5231903297826648
3.5250851739565405
3.522558707278222
3.5250851972959936
3.5257167964609835
3.5244535747915506
3.5247692991415533
3.5231903297826648
3.524769386043772
3.524137763539329
3.524769362704319
3.524137763539329
3.5238219289476547
3.524769386043772
3.524769386043772
3.5238219289476547
3.5250851972959936
3.524137763539329
3.5250851739565405
3.5238219522871077
3.5244535747915506
3.524769362704319
3.5244535747915506
3.524453487889332
3.5244535747915506
3.5244535747915506
3.524137763539329
3.524137763539329
3.5244535514520976
3.5244535747915506
3.524769386043772
3.524769386043772
3.5250851739565405
3.524769386043772
3.524769362704319
3.5250851972959936
3.524769386043772
3.524769362704319
3.5244535747915506
3.524769386043772
3.5250851972959936
3.5244535747915506
3.524769386043772
3.5238219522871077
3.5238219522871077
3.5244535747915506
3.5244535747915506
3.5235061410348862
3.524769386043772
3.5254009216459963
3.524137763539329
3.525401008548215
3.5250851739565405
3.5238219522871077
3.524769362704319
3.5231903297826648
3.5250851739565405
3.524137763539329
3.5250851972959936
3.525401008548215
3.524137740199876
3.524769386043772
3.5231903297826648
3.524137763539329
3.5244535747915506
3.524769386043772
3.5238219522871077
3.5244535747915506
3.524137763539329
3.5244535747915506
3.524769386043772
3.524137763539329
3.5250851739565405
3.5244535747915506
3.524137740199876
3.5235061410348862
3.5250851972959936
3.5244535747915506
3.5244535747915506
3.524137763539329
3.524453424326566
3.524137763539329
3.5250851739565405
3.5231903297826648
3.5238219522871077
3.5250851739565405
3.5238219522871077
3.5244535747915506
3.5244535747915506
3.5238219522871077
3.5250851972959936
3.524137740199876
3.524769386043772
3.524769386043772
3.524137763539329
3.5250851972959936
3.524137740199876
3.5244535747915506
3.524769386043772
3.5254009216459963
3.5244535747915506
3.5250851972959936
3.524137763539329
3.5250851739565405
3.5244535747915506
3.5244535747915506
3.524137763539329
3.526032607713205
3.5235061410348862
3.524769386043772
3.524137763539329
3.5250851739565405
3.525401008548215
3.5244535747915506
3.524137763539329
3.524137763539329
3.524137740199876
3.5250851972959936
3.524769386043772
3.524137763539329
3.5250851972959936
3.524137740199876
3.5244535747915506
3.5257168198004365
3.5250851739565405
3.5235061410348862
3.524769362704319
3.524769386043772
3.524769386043772
3.5244535747915506
3.524137763539329
3.524769386043772
3.524769386043772
3.524769386043772
3.525085110393775
3.5238219522871077
3.525400985208762
3.5235061410348862
3.5238219522871077
3.5244535747915506
3.524137763539329
3.525401008548215
3.5244535514520976
3.524769386043772
3.5244535747915506
3.524137763539329
3.524769386043772
3.525400985208762
3.5250851739565405
3.5238219522871077
3.524137763539329
3.5238219522871077
3.524769386043772
3.524137763539329
3.5250851972959936
3.5238219289476547
3.524769386043772
3.525716669335452
3.525085110393775
3.524137763539329
3.524453487889332
3.524137763539329
3.525401008548215
3.5241376766371104
3.524769386043772
3.5250851739565405
3.524769386043772
3.524769386043772
3.5244535747915506
3.524137763539329
3.524769386043772
3.5235061410348862
3.524769386043772
3.5238219522871077
3.524137763539329
3.5244535747915506
3.5244535747915506
3.524137763539329
3.5238219522871077
3.5244535514520976
3.5231903297826648
3.5244535747915506
3.5231903297826648
3.5244535747915506
3.524137763539329
3.5244535747915506
3.5244535747915506
3.524137763539329
3.5254009216459963
3.524769386043772
3.524769362704319
3.5244535747915506
3.524769386043772
3.5244535747915506
3.5244535747915506
3.5254009216459963
3.5244535747915506
3.524769386043772
3.5238219522871077
3.5244535747915506
3.5250851739565405
3.5254008580832306
3.525401008548215
3.5250851739565405
3.5244535747915506
3.524137763539329
3.5238219522871077
3.5244535747915506
3.524137763539329
3.524137763539329
3.525401008548215
3.5238219522871077
3.5250851972959936
3.525401008548215
3.525085046831009
3.5238219522871077
3.5250851739565405
3.524137740199876
3.526032631052658
3.525400985208762
3.524137763539329
3.524137763539329
3.5228745185304433
3.5235061410348862
3.5238219522871077
3.5244535747915506
3.5244535747915506
3.5257168198004365
3.5231903297826648
3.524137763539329
3.524769386043772
3.524769386043772
3.5238219522871077
3.5244535747915506
3.5250851739565405
3.5244535747915506
3.524769362704319
3.5238219522871077
3.525401008548215
3.524137763539329
3.524769386043772
3.524137763539329
3.5260324170249078
3.524137763539329
3.524769386043772
3.524137763539329
3.5244535747915506
3.5244535747915506
3.524769386043772
3.5244535747915506
3.524769362704319
3.524769386043772
3.5244535747915506
3.5244535747915506
3.525400985208762
3.5244535747915506
3.524137763539329
3.5244535747915506
3.5244535747915506
3.524769386043772
3.5238219522871077
3.5238219522871077
3.5238219289476547
3.524137763539329
3.5247692355787876
3.525400985208762
3.5250851972959936
3.524137763539329
3.5244535514520976
3.524769386043772
3.5238219522871077
3.5244535747915506
3.525401008548215
3.524137763539329
3.5235061410348862
3.5244535747915506
3.5244535747915506
3.524769386043772
3.525716669335452
3.524137740199876
3.524137763539329
3.5231903297826648
3.5244535747915506
3.5250851972959936
3.5238219289476547
3.5238219522871077
3.524769386043772
3.5254008580832306
3.5244535747915506
3.524769362704319
3.5250851972959936
3.524769386043772
3.5235061410348862
3.524769386043772
3.5250851972959936
3.5231903297826648
3.524137763539329
3.5238219522871077
3.5238219522871077
3.525401008548215
3.5250851972959936
3.524453487889332
3.524769386043772
3.5244535747915506
3.524137763539329
3.5244535747915506
3.524769362704319
3.5250851972959936
3.5244535747915506
3.5250851739565405
3.5235061410348862
3.5238219522871077
3.524137740199876
3.524137763539329
3.5250851972959936
3.524769386043772
3.5235061410348862
3.5250851972959936
3.524769362704319
3.524137763539329
3.5244535747915506
3.525085046831009
3.5244535747915506
3.5235061410348862
3.525400985208762
3.5244535747915506
3.5235061410348862
3.5238219522871077
3.524769386043772
3.524453424326566
3.5244535747915506
3.5244535747915506
3.524769386043772
3.524137763539329
3.5247692991415533
3.5250851972959936
3.5257168198004365
3.5254008580832306
3.524137763539329
3.524769386043772
3.525085110393775
3.5244535747915506
3.5244535747915506
3.5250851739565405
3.524769386043772
3.524769362704319
3.526032607713205
3.525085110393775
3.524137763539329
3.5244535747915506
3.5244535747915506
3.524137763539329
3.5250851972959936
3.5235061410348862
3.524137763539329
3.525400985208762
3.524137763539329
3.526032631052658
3.524769362704319
3.524769362704319
3.525400985208762
3.5254009216459963
3.5250851972959936
3.5250851972959936
3.5250851972959936
3.5238219522871077
3.524769386043772
3.524137763539329
3.5238219522871077
3.5238219522871077
3.5244535747915506
3.5250851972959936
3.525400985208762
3.524137763539329
3.5231903297826648
3.5235061410348862
3.5244535747915506
3.5235061410348862
3.524769362704319
3.524137763539329
3.5238219522871077
3.524137763539329
3.5231903297826648
3.5228745185304433
3.524769386043772
3.5247692991415533
3.5250851739565405
3.5238219522871077
3.5254009216459963
3.5250851972959936
3.524769362704319
3.5244535747915506
3.524769386043772
3.524137763539329
3.524769362704319
3.5250851739565405
3.5244535747915506
3.5238219522871077
3.524137763539329
3.5250851972959936
3.5257168198004365
3.5238219522871077
3.5244535747915506
3.5235061410348862
3.5244535514520976
3.5244535747915506
3.524137763539329
3.524769386043772
3.5250851739565405
3.5235061410348862
3.524769386043772
3.5250851739565405
3.5244535747915506
3.5257168198004365
3.5244535747915506
3.524769386043772
3.524769386043772
3.522558707278222
3.5250851972959936
3.525400985208762
3.5250851972959936
3.524137763539329
3.5244535514520976
3.525401008548215
3.5235061410348862
3.5238219522871077
3.524769386043772
3.524137763539329
3.524137763539329
3.524769386043772
3.5244535747915506
3.524137763539329
3.524769362704319
3.524137763539329
3.5257168198004365
3.5250851739565405
3.5244535747915506
3.525400985208762
3.524769362704319
3.5244535747915506
3.526032607713205
3.5244535514520976
3.524769386043772
3.5254009216459963
3.5238219522871077
3.524137763539329
3.5257167328982177
3.5250851972959936
3.524137763539329
3.525400985208762
3.5244535747915506
3.524137763539329
3.524137763539329
3.5238219522871077
3.524137763539329
3.5244535747915506
3.5250851972959936
3.5244535747915506
3.5263484189654264
3.5250851739565405
3.5244535747915506
3.524137763539329
3.5244535514520976
3.524769386043772
3.524769386043772
3.524769386043772
3.5250851972959936
3.5247692991415533
3.5244535747915506
3.5244535747915506
3.5257167964609835
3.5244535747915506
3.5238219522871077
3.524137740199876
3.524137763539329
3.524769362704319
3.524769386043772
3.524769386043772
3.5244535747915506
3.5244535747915506
3.5238219522871077
3.5250851739565405
3.524769386043772
3.5250851972959936
3.5244535747915506
3.524769386043772
3.5238219522871077
3.5250851739565405
3.524769386043772
3.524137740199876
3.5235061410348862
3.524769386043772
3.5250851739565405
3.5238219522871077
3.524137763539329
3.525085110393775
3.524137763539329
3.5250851972959936
3.524769362704319
3.5238219522871077
3.5244535747915506
3.525401008548215
3.524137763539329
3.5238219289476547
3.524769386043772
3.524769386043772
3.524137763539329
3.5244535747915506
3.5244535747915506
3.524137763539329
3.5244535747915506
3.5238219522871077
3.524769386043772
3.5250851972959936
3.525085046831009
3.5231903297826648
3.5257168198004365
3.5238219522871077
3.524137763539329
3.5244535747915506
3.524769362704319
3.5244535747915506
3.524769386043772
3.5244535747915506
3.524137763539329
3.525085046831009
3.5244535747915506
3.525401008548215
3.5257167964609835
3.5244535747915506
3.524137763539329
3.524453487889332
3.5250851972959936
3.525085046831009
3.5235061410348862
3.5244535747915506
3.524769386043772
3.524137763539329
3.5250851972959936
3.524137740199876
3.524769362704319
3.5250851972959936
3.524137763539329
3.524137763539329
3.5250851739565405
3.5241376766371104
3.5238219522871077
3.524769386043772
3.5241376766371104
3.5235061410348862
3.524769386043772
3.525400985208762
3.524769386043772
3.524137763539329
3.524137763539329
3.5244535747915506
3.5250851739565405
3.5250851739565405
3.525401008548215
3.5235061410348862
3.524769362704319
3.525401008548215
3.524769362704319
3.5250851972959936
3.5244535747915506
3.524769362704319
3.5244535747915506
3.5244535747915506
3.524137763539329
3.524137763539329
3.524769362704319
3.5250851739565405
3.5250851972959936
3.5244535747915506
3.524769386043772
3.5250851972959936
3.5244535747915506
3.5244535747915506
3.5244535747915506
3.524137740199876
3.523506117695433
3.524137763539329
3.5238219289476547
3.524769386043772
3.525401008548215
3.524137740199876
3.5244535747915506
3.524769362704319
3.524769386043772
3.524137763539329
3.5247692991415533
3.524137763539329
3.5250851972959936
3.5238219522871077
3.5244535747915506
3.5238219522871077
3.524137763539329
3.5250851972959936
3.525085110393775
3.525401008548215
3.525085110393775
3.5228745185304433
3.525401008548215
3.5250851739565405
3.5244535747915506
3.5244535747915506
3.524769362704319
3.524137763539329
3.5244535747915506
3.525716669335452
3.525400985208762
3.5238219522871077
3.5244535747915506
3.524769386043772
3.524137763539329
3.524137763539329
3.524769386043772
3.524769362704319
3.5250851972959936
3.525401008548215
3.5235061410348862
3.524769386043772
3.5244535514520976
3.5238219522871077
3.5228745185304433
3.5257167328982177
3.5257167964609835
3.524769386043772
3.524769386043772
3.5244535747915506
3.524137763539329
3.524769386043772
3.5250851972959936
3.5250851739565405
3.5250851739565405
3.524769362704319
3.5244535747915506
3.5244535747915506
3.5244535747915506
3.524769386043772
3.5238219522871077
3.524137763539329
3.5257167328982177
3.524137763539329
3.5244535747915506
3.5244535747915506
3.5238219289476547
3.5238219522871077
3.525401008548215
3.5244535747915506
3.524769386043772
3.524137763539329
3.5257167964609835
3.5244535747915506
3.5241376766371104
3.524137763539329
3.5244535747915506
3.524137763539329
3.524137763539329
3.5250851739565405
3.524137763539329
3.5250851972959936
3.524453487889332
3.5235061410348862
3.524137763539329
3.5235061410348862
3.5250851972959936
3.524769386043772
3.524137763539329
3.5244535747915506
3.5241376766371104
3.525401008548215
3.5250851739565405
3.5238219522871077
3.5228745185304433
3.524769386043772
3.524769386043772
3.5250851972959936
3.5244535747915506
3.524769386043772
3.524137763539329
3.5235061410348862
3.5250851972959936
3.525400985208762
3.524137740199876
3.524769386043772
3.524769362704319
3.524137763539329
3.5250851739565405
3.524137763539329
3.5250851972959936
3.5238219522871077
3.524137763539329
3.5238219522871077
3.5244535514520976
3.524769386043772
3.524769386043772
3.524137740199876
3.524769386043772
3.5238219522871077
3.5244535514520976
3.525401008548215
3.524769386043772
3.524137763539329
3.5235061410348862
3.525716669335452
3.5250851972959936
3.525401008548215
3.524137740199876
3.524137763539329
3.5250851972959936
3.524769362704319
3.5250851972959936
3.523821865384889
3.524769386043772
3.524769386043772
3.524769386043772
3.524769386043772
3.524769386043772
3.5241376766371104
3.525401008548215
3.5235061410348862
3.524769386043772
3.5257168198004365
3.5235061410348862
3.524769386043772
3.5238219522871077
3.5244535514520976
3.5235061410348862
3.5250851972959936
3.5250851739565405
3.524769386043772
3.525716669335452
3.524137763539329
3.525401008548215
3.5244535514520976
3.5244535747915506
3.5250851972959936
3.524769386043772
3.525400985208762
3.524137740199876
3.5250851972959936
3.524769386043772
3.5250851972959936
3.5244535514520976
3.524137763539329
3.524769386043772
3.5244535747915506
3.524137763539329
3.5244535747915506
3.524769386043772
3.525401008548215
3.5235061410348862
3.5250851972959936
3.5250851972959936
3.525400985208762
3.524137763539329
3.524137763539329
3.525716669335452
3.5250851972959936
3.5244535747915506
3.524137763539329
3.524137763539329
3.5238219522871077
3.524769386043772
3.5250851972959936
3.5244535514520976
3.5244535747915506
3.524769386043772
3.525085110393775
3.5244535747915506
3.525401008548215
3.524769386043772
3.524769386043772
3.5244535514520976
3.5238219522871077
3.5238219522871077
3.524769362704319
3.524769386043772
3.524769386043772
3.524137763539329
3.524769386043772
3.524769386043772
3.524769362704319
3.5238219522871077
3.5257167328982177
3.5235061410348862
3.5250851972959936
3.524137763539329
3.5238219522871077
3.524769362704319
3.5244535747915506
3.526032607713205
3.5254009216459963
3.5244535747915506
3.524769386043772
3.525400985208762
3.5244535747915506
3.5250851972959936
3.5235061410348862
3.524137740199876
3.524769386043772
3.5250851739565405
3.524769386043772
3.525716669335452
3.5244535747915506
3.5257167964609835
3.524769362704319
3.5228745185304433
3.524769386043772
3.525401008548215
3.525085110393775
3.524769386043772
3.5238219522871077
3.5235061410348862
3.524769386043772
3.5257167964609835
3.524769386043772
3.524769386043772
3.5238219289476547
3.524769386043772
3.5244535747915506
3.5244535747915506
3.5257167964609835
3.524769386043772
3.524769362704319
3.524137763539329
3.5238219522871077
3.525401008548215
3.5254008580832306
3.524137763539329
3.5244535747915506
3.5244535747915506
3.524137763539329
3.5238219522871077
3.5254009216459963
3.524769386043772
3.525400985208762
3.524137763539329
3.524769386043772
3.524769362704319
3.5235061410348862
3.5235061410348862
3.524137763539329
3.524137763539329
3.524137763539329
3.5250851739565405
3.524769386043772
3.524769386043772
3.5250851739565405
3.525401008548215
3.5235061410348862
3.524137763539329
3.5238219522871077
3.524769386043772
3.524769386043772
3.5250851972959936
3.524769362704319
3.5235061410348862
3.5235061410348862
3.5235061410348862
3.5244535747915506
3.525085110393775
3.524453487889332
3.524769386043772
3.5244535747915506
3.524137763539329
3.5244535747915506
3.5250851739565405
3.524769386043772
3.5238219522871077
3.524137763539329
3.524769386043772
3.524137763539329
3.5244535747915506
3.5244535747915506
3.5244535747915506
3.5244535747915506
3.5244535514520976
3.5244535747915506
3.5250851972959936
3.5250851739565405
3.524769386043772
3.5257167964609835
3.523506117695433
3.5250851972959936
3.524769386043772
3.5250851972959936
3.524769362704319
3.524137763539329
3.524769386043772
3.5250851972959936
3.524769362704319
3.524769386043772
3.525401008548215
3.5244535747915506
3.5244535747915506
3.524769386043772
3.526032631052658
3.524769386043772
3.524137763539329
3.524137763539329
3.524137763539329
3.5250851739565405
3.5244535747915506
3.5244535747915506
3.5244535747915506
3.5250851739565405
3.5250851739565405
3.5257167964609835
3.524137763539329
3.524769386043772
3.524137740199876
3.5254009216459963
3.5238219522871077
3.524769362704319
3.5257167964609835
3.524137763539329
3.525401008548215
3.5244535747915506
3.524769386043772
3.524769386043772
3.524137763539329
3.5244535747915506
3.5244535747915506
3.5235061410348862
3.5231903297826648
3.524769386043772
3.5238219289476547
3.524769386043772
3.524769386043772
3.5235060541326675
3.525401008548215
3.5250851739565405
3.5250851972959936
3.524137763539329
3.5250851739565405
3.5250851972959936
3.524769386043772
3.524137740199876
3.5250851972959936
3.5244535747915506
3.524453487889332
3.5238219522871077
3.524769362704319
3.5250851972959936
3.5244535747915506
3.524137740199876
3.524769386043772
3.5244535747915506
3.5244535514520976
3.5250851972959936
3.524137740199876
3.5250851972959936
3.526032631052658
3.5222428960260004
3.5250851972959936
3.524137763539329
3.524137763539329
3.524137763539329
3.5244535747915506
3.524769386043772
3.524137763539329
3.524137740199876
3.5238219522871077
3.5235061410348862
3.5238219522871077
3.526032631052658
3.524137763539329
3.524769386043772
3.524137763539329
3.5238219522871077
3.524137763539329
3.5257167964609835
3.5244535747915506
3.524137763539329
3.5238219522871077
3.5238219522871077
3.524769386043772
3.523821865384889
3.5238219522871077
3.5250851972959936
3.5250851739565405
3.524137763539329
3.5250851972959936
3.5244535747915506
3.5244535747915506
3.5244535747915506
3.5231903297826648
3.5244535747915506
3.5238219289476547
3.5250851972959936
3.5244535747915506
3.5244535747915506
3.525401008548215
3.524769386043772
3.523506117695433
3.524137763539329
3.5231903297826648
3.5250851972959936
3.524769386043772
3.5235061410348862
3.5238219522871077
3.5244535747915506
3.524769362704319
3.5244535747915506
3.526032631052658
3.5231903297826648
3.524769386043772
3.5228745185304433
3.524769362704319
3.525401008548215
3.5241376766371104
3.524769386043772
3.524769386043772
3.526032607713205
3.524769386043772
3.524137763539329
3.524769362704319
3.525401008548215
3.524137763539329
3.524137740199876
3.524769386043772
3.5250851739565405
3.5244535747915506
3.524137763539329
3.524769362704319
3.525085110393775
3.5254009216459963
3.5247692355787876
3.524769386043772
3.5257167328982177
3.524769386043772
3.524137763539329
3.5235061410348862
3.5254009216459963
3.5244535747915506
3.525085110393775
3.524769386043772
3.5235061410348862
3.524137763539329
3.5238219522871077
3.5238219289476547
3.5244535747915506
3.526032631052658
3.523821865384889
3.525085110393775
3.524137763539329
3.524769362704319
3.524137763539329
3.524137763539329
3.5250851739565405
3.524137763539329
3.5244535747915506
3.5254009216459963
3.5231903297826648
3.5238219522871077
3.5244535747915506
3.5244535747915506
3.524453487889332
3.5244535747915506
3.524769386043772
3.5235061410348862
3.524137740199876
3.5244535747915506
3.525085110393775
3.524137763539329
3.524137763539329
3.5244535514520976
3.524137763539329
3.525400985208762
3.5241376766371104
3.524769386043772
3.5244535747915506
3.5244535747915506
3.524769386043772
3.524769386043772
3.524137763539329
3.5244535747915506
3.5250851739565405
3.5238219522871077
3.525401008548215
3.525400985208762
3.524769386043772
3.5250851972959936
3.5235061410348862
3.524769386043772
3.525400985208762
3.5250851972959936
3.524769386043772
3.524769362704319
3.524137763539329
3.525400985208762
3.5244535747915506
3.5244535747915506
3.5250851739565405
3.524769362704319
3.5244535747915506
3.5231903297826648
3.525400985208762
3.5235061410348862
3.5244535747915506
3.5238219522871077
3.5244535514520976
3.525401008548215
3.5228745185304433
3.524769386043772
3.5257168198004365
3.525401008548215
3.5250851739565405
3.525401008548215
3.5244535747915506
3.5250851739565405
3.5250851972959936
3.524769362704319
3.5231903297826648
3.5238219522871077
3.5231903297826648
3.5244535747915506
3.5238219522871077
3.5247692991415533
3.525401008548215
3.525085110393775
3.524137763539329
3.5244535747915506
3.5235061410348862
3.5257168198004365
3.524769362704319
3.5244535747915506
3.524769386043772
3.5250851972959936
3.524769386043772
3.5244535747915506
3.5244535747915506
3.524137763539329
3.5244535747915506
3.5250851739565405
3.524769386043772
3.524137740199876
3.5250851972959936
3.5235061410348862
3.5250851739565405
3.525401008548215
3.524137763539329
3.5235061410348862
3.525401008548215
3.524769362704319
3.524137763539329
3.5244535747915506
3.525401008548215
3.524769386043772
3.5235061410348862
3.524137763539329
3.5250851972959936
3.524769362704319
3.5250851972959936
3.5238219289476547
3.5244535747915506
3.526032631052658
3.524769362704319
3.5235061410348862
3.525085110393775
3.5235061410348862
3.5250851972959936
3.5250851739565405
3.524769386043772
3.5250851972959936
3.524769362704319
3.525401008548215
3.524769362704319
3.524769386043772
3.524137763539329
3.5231903297826648
3.5244535747915506
3.5238219522871077
3.524769362704319
3.5244535747915506
3.5250851739565405
3.525085110393775
3.525400985208762
3.524137763539329
3.524769386043772
3.5238219522871077
3.5238219289476547
3.5257168198004365
3.5244535747915506
3.524137763539329
3.524769386043772
3.524137763539329
3.5250851972959936
3.5244535747915506
3.5244535514520976
3.5250851972959936
3.5238219522871077
3.5244535747915506
3.5244535747915506
3.524137763539329
3.5238219522871077
3.5257168198004365
3.525400985208762
3.524137763539329
3.524769386043772
3.524137763539329
3.5257167964609835
3.5257167964609835
3.5238219522871077
3.525401008548215
3.5250851972959936
3.5244535747915506
3.525401008548215
3.524137763539329
3.525085110393775
3.5250851972959936
3.5250851739565405
3.5231903297826648
3.524769386043772
3.525400985208762
3.524769386043772
3.525400985208762
3.5238219522871077
3.524137763539329
3.525401008548215
3.524769386043772
3.524137763539329
3.524769386043772
3.524769386043772
3.524769362704319
3.524769386043772
3.524769386043772
3.524769362704319
3.525401008548215
3.5244535747915506
3.5244535747915506
3.5244535747915506
3.525400985208762
3.524769386043772
3.5238219522871077
3.5238219522871077
3.525401008548215
3.5244535747915506
3.5244535747915506
3.525401008548215
3.5244535514520976
3.5238219522871077
3.5244535747915506
3.5238219522871077
3.524769386043772
3.525401008548215
3.524769386043772
3.524137763539329
3.524769362704319
3.5244535747915506
3.5238219522871077
3.524137763539329
3.5244535747915506
3.524137763539329
3.5238219289476547
3.5257168198004365
3.5250851972959936
3.524137763539329
3.525401008548215
3.5235061410348862
3.5238219522871077
3.524137763539329
3.524137763539329
3.524769386043772
3.5244535747915506
3.5247692991415533
3.524769386043772
3.5244535747915506
3.524769362704319
3.524769386043772
3.524137763539329
3.523821865384889
3.522558707278222
3.5247692991415533
3.524137763539329
3.5250851972959936
3.5250851739565405
3.5235061410348862
3.524769386043772
3.5254009216459963
3.5244535747915506
3.5244535747915506
3.524769362704319
3.524137763539329
3.524137740199876
3.5244535747915506
3.524769386043772
3.5228745185304433
3.524769386043772
3.524769362704319
3.5244535747915506
3.5244535747915506
3.5231903297826648
3.524137763539329
3.5257168198004365
3.5244535747915506
3.524137763539329
3.5244535747915506
3.5244535514520976
3.525401008548215
3.5244535747915506
3.5238219522871077
3.5244535747915506
3.524137763539329
3.5235061410348862
3.524769386043772
3.5257168198004365
3.5244535747915506
3.524769386043772
3.524769386043772
3.524769386043772
3.5244535747915506
3.524769386043772
3.524137763539329
3.524769386043772
3.524137763539329
3.526032544150439
3.5238219522871077
3.5238219522871077
3.524137763539329
3.5250851972959936
3.5250851972959936
3.5244535747915506
3.524137740199876
3.5250851972959936
3.524769386043772
3.524769362704319
3.5244535747915506
3.5250851972959936
3.5250851739565405
3.5238219522871077
3.5257167964609835
3.524769362704319
3.524137763539329
3.524769386043772
3.524137763539329
3.525400985208762
3.5235061410348862
3.5244535747915506
3.5250851972959936
3.5235061410348862
3.5235061410348862
3.5244535747915506
3.524769362704319
3.5244535747915506
3.524137763539329
3.525400985208762
3.5244535747915506
3.5244535747915506
3.524769386043772
3.5244535747915506
3.525400985208762
3.524137763539329
3.5244535747915506
3.5244535747915506
3.524769386043772
3.524453487889332
3.5238219522871077
3.5244535747915506
3.5238219522871077
3.5238219522871077
3.5244535747915506
3.5231903297826648
3.524137763539329
3.5250851972959936
3.5244535747915506
3.5244535747915506
3.5244535747915506
3.5250851972959936
3.524769362704319
3.5250851972959936
3.5235061410348862
3.5244535747915506
3.524769386043772
3.524769386043772
3.524137763539329
3.524769386043772
3.524769386043772
3.5238219289476547
3.5244535747915506
3.524137763539329
3.525400985208762
3.524769386043772
3.524137740199876
3.5244535747915506
3.524137740199876
3.5235061410348862
3.525401008548215
3.5244535747915506
3.524769362704319
3.5235061410348862
3.5244535747915506
3.5238219522871077
3.5250851972959936
3.5235061410348862
3.524769386043772
3.525400794520465
3.524769386043772
3.5244535747915506
3.524769362704319
3.524137763539329
3.524137763539329
3.5244535514520976
3.5244535747915506
3.5244535747915506
3.525401008548215
3.524769386043772
3.5235061410348862
3.524769386043772
3.5257167328982177
3.524769362704319
3.5250851972959936
3.5235061410348862
3.524769386043772
3.5244535747915506
3.524137763539329
3.5244535747915506
3.524137763539329
3.524137763539329
3.525401008548215
3.5254009216459963
3.5257168198004365
3.5235061410348862
3.5238219522871077
3.5250851972959936
3.525401008548215
3.5244535514520976
3.524769386043772
3.524769362704319
3.5244535747915506
3.5250851972959936
3.5244535747915506
3.524137763539329
3.524769386043772
3.5238219289476547
3.525401008548215
3.525085110393775
3.5244535747915506
3.5238219522871077
3.5235061410348862
3.5244535747915506
3.5238219522871077
3.524137763539329
3.524769386043772
3.5244535747915506
3.524137763539329
3.5244535747915506
3.524769362704319
3.524769386043772
3.5244535747915506
3.524137740199876
3.5244535747915506
3.5250851739565405
3.5244535747915506
3.5244535747915506
3.525085110393775
3.5250851972959936
3.524769386043772
3.5235061410348862
3.526032631052658
3.5238219522871077
3.524137763539329
3.524137763539329
3.5228745185304433
3.5244535747915506
3.5244535747915506
3.5244535747915506
3.524769386043772
3.524137763539329
3.5235061410348862
3.524769386043772
3.524453487889332
3.5250851972959936
3.525401008548215
3.5228745185304433
3.524769386043772
3.524453487889332
3.5244535747915506
3.5244535747915506
3.5250851972959936
3.5238219522871077
3.525401008548215
3.524453487889332
3.524769386043772
3.524769362704319
3.5238219522871077
3.5244535747915506
3.524769386043772
3.5235061410348862
3.524769386043772
3.5244535514520976
3.5250851739565405
3.5244535747915506
3.525400985208762
3.524769362704319
3.5244535747915506
3.5231903297826648
3.524137763539329
3.5257167328982177
3.524769362704319
3.524769386043772
3.5244535747915506
3.524137763539329
3.5244535747915506
3.524137763539329
3.524769386043772
3.5244535747915506
3.524453487889332
3.524769386043772
3.524769386043772
3.524137763539329
3.525400985208762
3.524769386043772
3.524137763539329
3.5250851972959936
3.524137763539329
3.5244535747915506
3.5250851972959936
3.524137763539329
3.524137763539329
3.5244535747915506
3.524137763539329
3.5244535747915506
3.525401008548215
3.5247692991415533
3.524769386043772
3.5244535747915506
3.5244535747915506
3.524769386043772
3.5247692991415533
3.5250851972959936
3.5250851972959936
3.5238219522871077
3.525401008548215
3.524769386043772
3.5250851972959936
3.5244535747915506
3.5250851739565405
3.524769362704319
3.525401008548215
3.524769362704319
3.524453487889332
3.525401008548215
3.5244535747915506
3.5244535747915506
3.524137763539329
3.524769386043772
3.5244535747915506
3.525401008548215
3.5231903297826648
3.524137763539329
3.524769386043772
3.524137763539329
3.5238219522871077
3.5247692991415533
3.5238219522871077
3.5250851739565405
3.5238219522871077
3.5231903297826648
3.5257168198004365
3.524769362704319
3.525400985208762
3.524769362704319
3.525085046831009
3.524769386043772
3.524769386043772
3.5238219289476547
3.5244535747915506
3.525400985208762
3.5250851739565405
3.524769386043772
3.5244535514520976
3.5250851739565405
3.5250851972959936
3.5250851972959936
3.5254008580832306
3.5244535747915506
3.5247692991415533
3.5250851739565405
3.5231903297826648
3.525085110393775
3.5238219522871077
3.525401008548215
3.525400985208762
3.524769386043772
3.524769386043772
3.524137763539329
3.524137740199876
3.5244535747915506
3.5250851739565405
3.5244535747915506
3.5244535514520976
3.524453487889332
3.5231903297826648
3.5238219522871077
3.5244535747915506
3.5235061410348862
3.5250851739565405
3.5244535747915506
3.5257168198004365
3.524137740199876
3.5257167964609835
3.524137763539329
3.5257167328982177
3.524769386043772
3.5238219522871077
3.524137763539329
3.5263484423048794
3.5235061410348862
3.524769386043772
3.524137763539329
3.525401008548215
3.525400985208762
3.5250851972959936
3.524769386043772
3.5244535747915506
3.5254009216459963
3.524769386043772
3.525085046831009
3.525401008548215
3.5244535747915506
3.524137763539329
3.525401008548215
3.524137763539329
3.5235061410348862
3.525401008548215
3.5254009216459963
3.5250851972959936
3.5250851739565405
3.5238219522871077
3.5244535747915506
3.5238219522871077
3.524453487889332
3.5238219522871077
3.5238219522871077
3.524137763539329
3.524137763539329
3.5254009216459963
3.5244535747915506
3.5250851972959936
3.524453487889332
3.5238219522871077
3.5257167964609835
3.525400985208762
3.524769386043772
3.5235061410348862
3.524769386043772
3.5235061410348862
3.525400985208762
3.524769386043772
3.5238219522871077
3.5250851972959936
3.524769362704319
3.524137763539329
3.5250851972959936
3.524769386043772
3.5241376766371104
3.5238219522871077
3.5250851739565405
3.5231903297826648
3.525401008548215
3.5250851739565405
3.5244535747915506
3.5250851972959936
3.524453424326566
3.5238219522871077
3.5244535514520976
3.5244535747915506
3.524769386043772
3.5244535747915506
3.524769386043772
3.525401008548215
3.5235061410348862
3.524137763539329
3.524769362704319
3.5244535747915506
3.5250851972959936
3.5238219522871077
3.525401008548215
3.524769386043772
3.5235061410348862
3.5235061410348862
3.524137763539329
3.524769362704319
3.5244535747915506
3.5228745185304433
3.5238219522871077
3.5244535747915506
3.5244535514520976
3.5244535747915506
3.5235061410348862
3.524769386043772
3.5250851739565405
3.5228745185304433
3.525400985208762
3.525401008548215
3.5244535747915506
3.524137763539329
3.5231903297826648
3.5235061410348862
3.5257167964609835
3.5244535514520976
3.5238219522871077
3.5250851972959936
3.5238219289476547
3.5244535747915506
3.5238219522871077
3.5244535747915506
3.5244535747915506
3.524769386043772
3.5250851972959936
3.5257168198004365
3.5238219289476547
3.525401008548215
3.524137763539329
3.5244535747915506
3.5257167964609835
3.524137763539329
3.5244535747915506
3.524769386043772
3.5231903297826648
3.5250851972959936
3.5250851739565405
3.5244535747915506
3.5250851972959936
3.5244535747915506
3.524137763539329
3.524137763539329
3.524769386043772
3.525401008548215
3.5244535747915506
3.525400985208762
3.5250851972959936
3.524769386043772
3.5244535747915506
3.5250851972959936
3.5250851739565405
3.524769362704319
3.5244535747915506
3.525401008548215
3.5244535747915506
3.524137763539329
3.5244535747915506
3.524137763539329
3.5238219522871077
3.5244535747915506
3.5244535747915506
3.5244535747915506
3.5244535747915506
3.5235061410348862
3.524769362704319
3.5244535747915506
3.524137763539329
3.5231903297826648
3.5250851972959936
3.5238219522871077
3.5254009216459963
3.5244535747915506
3.524769362704319
3.524137763539329
3.524137763539329
3.5244535747915506
3.524137763539329
3.524769386043772
3.5250851739565405
3.5250851739565405
3.524769386043772
3.524769386043772
3.5250851972959936
3.524137763539329
3.5235061410348862
3.524137763539329
3.5244535747915506
3.5231903297826648
3.5257168198004365
3.525400985208762
3.5250851972959936
3.5250851972959936
3.5238219522871077
3.5263484423048794
3.524137740199876
3.5231903297826648
3.524769386043772
3.525085110393775
3.524769386043772
3.5250851972959936
3.524137763539329
3.524137763539329
3.5238219522871077
3.524769386043772
3.5250851972959936
3.5250851739565405
3.524769386043772
3.5244535747915506
3.524769362704319
3.5235061410348862
3.5244535747915506
3.524137763539329
3.5244535747915506
3.526032631052658
3.524137763539329
3.5250851972959936
3.5238219522871077
3.5244535747915506
3.524137763539329
3.524453487889332
3.524137763539329
3.524137763539329
3.5244535747915506
3.5244535747915506
3.524137763539329
3.5235061410348862
3.524137740199876
3.5238219522871077
3.5254008580832306
3.5238219522871077
3.524769386043772
3.524137763539329
3.5250851972959936
3.525716669335452
3.524769386043772
3.5244535747915506
3.525401008548215
3.524769362704319
3.525401008548215
3.5250851972959936
3.524137763539329
3.5257168198004365
3.5238219522871077
3.524137763539329
3.524137763539329
3.524137763539329
3.5244535747915506
3.525400985208762
3.524769386043772
3.5238219522871077
3.5238219522871077
3.5244535747915506
3.5238219522871077
3.5244535747915506
3.526032607713205
3.525401008548215
3.5235061410348862
3.5244535747915506
3.526032631052658
3.5231903297826648
3.524769386043772
3.524769362704319
3.524769386043772
3.524769386043772
3.5244535514520976
3.524137763539329
3.524769386043772
3.525085046831009
3.5250851972959936
3.5244535747915506
3.5244535747915506
3.524137763539329
3.524769386043772
3.524137763539329
3.5244535747915506
3.5244535514520976
3.5244535747915506
3.5244535747915506
3.5244535747915506
3.524137763539329
3.5250851739565405
3.5238219522871077
3.5263484423048794
3.5250851739565405
3.524137763539329
3.5244535747915506
3.5244535747915506
3.525401008548215
3.524137763539329
3.524137763539329
3.5250851972959936
3.524769362704319
3.5244535514520976
3.524137763539329
3.524137763539329
3.5235061410348862
3.5254009216459963
3.5235061410348862
3.525401008548215
3.5250851739565405
3.524769362704319
3.5244535747915506
3.5228745185304433
3.5238219522871077
3.5250851972959936
3.5244535747915506
3.5250851972959936
3.524137763539329
3.5254008580832306
3.5244535747915506
3.524769362704319
3.524137763539329
3.5244535747915506
3.524137740199876
3.525400985208762
3.5244535747915506
3.5244535747915506
3.5250851972959936
3.5254009216459963
3.524137763539329
3.524137763539329
3.524769362704319
3.524137763539329
3.5228745185304433
3.5238219522871077
3.5235061410348862
3.524769386043772
3.525401008548215
3.525400985208762
3.524453487889332
3.526032631052658
3.524137763539329
3.5244535747915506
3.524137763539329
3.5244535514520976
3.524769386043772
3.5244535747915506
3.524769386043772
3.5244535747915506
3.5231903297826648
3.5250851972959936
3.524769362704319
3.5244535747915506
3.5244535747915506
3.5235061410348862
3.524137763539329
3.5250851972959936
3.524137763539329
3.5244535747915506
3.524137763539329
3.524769386043772
3.5250851972959936
3.5250851972959936
3.524769386043772
3.524769386043772
3.523821865384889
3.5244535747915506
3.524769362704319
3.524453487889332
3.5250851972959936
3.524769362704319
3.526032631052658
3.5238219522871077
3.524769362704319
3.524769386043772
3.524769386043772
3.5244535747915506
3.524769386043772
3.524769362704319
3.5250851972959936
3.524769386043772
3.524769386043772
3.5235061410348862
3.5250851972959936
3.5244535747915506
3.524769386043772
3.5250851739565405
3.5238219522871077
3.525401008548215
3.5257168198004365
3.5244535747915506
3.5250851972959936
3.5244535747915506
3.5250851972959936
3.5250851972959936
3.5244535747915506
3.5263484423048794
3.5257168198004365
3.524769362704319
3.5263484423048794
3.524769362704319
3.524137763539329
3.524769386043772
3.5244535514520976
3.524769386043772
3.5250851972959936
3.524137763539329
3.525401008548215
3.524769362704319
3.5250851972959936
3.525401008548215
3.524769386043772
3.5257168198004365
3.5244535514520976
3.5235061410348862
3.5250851972959936
3.524137740199876
3.524137763539329
3.524769386043772
3.5257167964609835
3.5257168198004365
3.5250851739565405
3.5250851739565405
3.524137763539329
3.5244535747915506
3.5250851972959936
3.526032607713205
3.5244535747915506
3.5257168198004365
3.524769386043772
3.5250851739565405
3.5263484423048794
3.524769362704319
3.524137763539329
3.524137763539329
3.524137763539329
3.5244535747915506
3.5250851972959936
3.524769362704319
3.526032631052658
3.5250851972959936
3.5257167964609835
3.5250851972959936
3.5250851972959936
3.5244535747915506
3.5263484423048794
3.524769386043772
3.5250851972959936
3.524769386043772
3.5257167964609835
3.5244535747915506
3.5250851739565405
3.526032544150439
3.5244535747915506
3.5250851972959936
3.5254008580832306
3.5244535747915506
3.5250851972959936
3.5257168198004365
3.5250851972959936
3.524769386043772
3.5244535747915506
3.5250851972959936
3.525085110393775
3.5244535747915506
3.5250851972959936
3.5244535747915506
3.5238219522871077
3.524137763539329
3.524769386043772
3.524769386043772
3.524769386043772
3.525085046831009
3.524769386043772
3.5257168198004365
3.5244535747915506
3.525401008548215
3.5235061410348862
3.5250851972959936
3.5250851972959936
3.5254008580832306
3.524769362704319
3.525400985208762
3.5250851972959936
3.5250851972959936
3.524769386043772
3.5250851972959936
3.5244535747915506
3.526032607713205
3.525085110393775
3.525401008548215
3.524769386043772
3.5244535747915506
3.5263484423048794
3.524769386043772
3.5244535747915506
3.5250851972959936
3.524769386043772
3.5250851739565405
3.5250851972959936
3.5257167964609835
3.5250851972959936
3.5250851972959936
3.5250851972959936
3.5250851972959936
3.5250851972959936
3.5250851739565405
3.5244535514520976
3.5244535747915506
3.5244535747915506
3.524137763539329
3.5250851972959936
3.524769386043772
3.5250851972959936
3.5257168198004365
3.524137763539329
3.526032631052658
3.5250851972959936
3.525401008548215
3.5250851972959936
3.5244535747915506
3.525401008548215
3.5257168198004365
3.524769386043772
3.525401008548215
3.524137763539329
3.5244535747915506
3.524137763539329
3.524137763539329
3.524769386043772
3.5257168198004365
3.5250851972959936
3.5250851972959936
3.5244535747915506
3.5250851972959936
3.5244535747915506
3.525400985208762
3.524769386043772
3.524137763539329
3.524137763539329
3.526032607713205
3.525401008548215
3.524137763539329
3.5257168198004365
3.525400985208762
3.5238219522871077
3.524137763539329
3.525716669335452
3.524769386043772
3.524769386043772
3.5250851972959936
3.524769386043772
3.5250851972959936
3.524769386043772
3.524137763539329
3.5244535747915506
3.524137763539329
3.5257168198004365
3.525400985208762
3.525401008548215
3.5238219522871077
3.5244535747915506
3.5250851972959936
3.524769386043772
3.524137763539329
3.5257168198004365
3.524769362704319
3.5244535747915506
3.525401008548215
3.524769386043772
3.524769386043772
3.5244535747915506
3.5244535747915506
3.524137763539329
3.5244535747915506
3.525401008548215
3.524769386043772
3.524769362704319
3.5238219522871077
3.5254009216459963
3.5250851972959936
3.525401008548215
3.5238219522871077
3.525401008548215
3.525400985208762
3.5244535747915506
3.5263484189654264
3.5244535514520976
3.526032607713205
3.5250851972959936
3.5257168198004365
3.5250851972959936
3.524137763539329
3.524769386043772
3.525401008548215
3.524137763539329
3.5250851972959936
3.524769386043772
3.524769386043772
3.5238219522871077
3.525400985208762
3.5250851972959936
3.5257168198004365
3.524769362704319
3.5244535747915506
3.5244535747915506
3.5244535747915506
3.5250851972959936
3.524769386043772
3.5250851972959936
3.5250851972959936
3.524769386043772
3.524769386043772
3.5250851972959936
3.526032607713205
3.5250851972959936
3.524137763539329
3.5244535747915506
3.526032631052658
3.524769386043772
3.526032631052658
3.5244535747915506
3.5244535747915506
3.5250851972959936
3.524137763539329
3.525401008548215
3.5250851972959936
3.525400985208762
3.5250851972959936
3.526032631052658
3.5244535747915506
3.5244535747915506
3.5257167964609835
3.5250851739565405
3.526032607713205
3.524137763539329
3.524137740199876
3.524769386043772
3.525401008548215
3.524769386043772
3.524769386043772
3.525085110393775
3.5250851972959936
3.526032631052658
3.5250851739565405
3.5257168198004365
3.5250851972959936
3.524769386043772
3.5250851972959936
3.5244535747915506
3.524137763539329
3.5250851972959936
3.524769386043772
3.524769386043772
3.5250851739565405
3.5244535747915506
3.5244535747915506
3.5250851972959936
3.5244535747915506
3.526032631052658
3.5244535747915506
3.5250851972959936
3.5257168198004365
3.524769386043772
3.525401008548215
3.525401008548215
3.5244535747915506
3.5250851972959936
3.525400985208762
3.5244535747915506
3.526032607713205
3.5250851972959936
3.5244535747915506
3.525400985208762
3.524769386043772
3.525401008548215
3.525401008548215
3.5235061410348862
3.525401008548215
3.5263484189654264
3.5263484189654264
3.525401008548215
3.5250851972959936
3.5257168198004365
3.525401008548215
3.5235061410348862
3.5250851972959936
3.5250851972959936
3.5260324805876735
3.525401008548215
3.525401008548215
3.525401008548215
3.5257168198004365
3.5244535747915506
3.524769386043772
3.524769386043772
3.5244535747915506
3.5250851972959936
3.5250851739565405
3.5257167964609835
3.5250851972959936
3.524769362704319
3.524137763539329
3.524769386043772
3.5257167964609835
3.5244535747915506
3.524769362704319
3.524769386043772
3.525401008548215
3.5250851972959936
3.525401008548215
3.5244535747915506
3.5254009216459963
3.524137763539329
3.5250851972959936
3.5250851739565405
3.524769386043772
3.5250851972959936
3.524769362704319
3.524769362704319
3.5244535747915506
3.5250851972959936
3.5244535747915506
3.524769386043772
3.5250851972959936
3.5250851972959936
3.524769386043772
3.524769386043772
3.526032631052658
3.525716669335452
3.525401008548215
3.5250851972959936
3.525400985208762
3.5257168198004365
3.5263484423048794
3.5241376766371104
3.524769386043772
3.524769362704319
3.524769386043772
3.5238219522871077
3.5250851972959936
3.5244535747915506
3.5250851972959936
3.5263484189654264
3.524137740199876
3.5244535747915506
3.526032544150439
3.5257168198004365
3.5244535747915506
3.524769386043772
3.5250851972959936
3.5250851972959936
3.525401008548215
3.5250851739565405
3.524769386043772
3.524137763539329
3.5250851972959936
3.524769386043772
3.524769362704319
3.5257168198004365
3.5257168198004365
3.524137763539329
3.5244535747915506
3.5244535747915506
3.5250851972959936
3.524769386043772
3.5238219522871077
3.525400985208762
3.5250851972959936
3.5244535747915506
3.524137763539329
3.524137763539329
3.5257168198004365
3.524769386043772
3.525401008548215
3.524137740199876
3.525401008548215
3.525401008548215
3.5235061410348862
3.5250851972959936
3.5244535747915506
3.524137763539329
3.5250851972959936
3.524137763539329
3.524769386043772
3.5244535747915506
3.525085110393775
3.5250851972959936
3.5250851972959936
3.524769386043772
3.5238219522871077
3.5257168198004365
3.5244535747915506
3.525401008548215
3.5235061410348862
3.524769386043772
3.5257167964609835
3.524137763539329
3.524137763539329
3.524769386043772
3.5244535747915506
3.5244535747915506
3.5250851972959936
3.5250851739565405
3.5244535747915506
3.5250851739565405
3.526032607713205
3.525401008548215
3.525401008548215
3.5244535747915506
3.5250851972959936
3.5247692355787876
3.5250851972959936
3.525400985208762
3.524137763539329
3.5244535747915506
3.5244535747915506
3.525401008548215
3.525401008548215
3.5244535514520976
3.5250851972959936
3.5257167964609835
3.524769362704319
3.5238219522871077
3.5238219522871077
3.524137763539329
3.524769386043772
3.524137763539329
3.5244535747915506
3.525400985208762
3.524769386043772
3.524137763539329
3.5244535747915506
3.524137763539329
3.5250851972959936
3.524137763539329
3.524137763539329
3.526032607713205
3.524137763539329
3.5244535747915506
3.5254009216459963
3.5257168198004365
3.5250851972959936
3.5244535514520976
3.525401008548215
3.5244535747915506
3.5257168198004365
3.5257168198004365
3.525400985208762
3.524137763539329
3.524769386043772
3.524137763539329
3.5257168198004365
3.5244535514520976
3.5250851972959936
3.5244535747915506
3.524769386043772
3.5257167964609835
3.524137763539329
3.525400985208762
3.5250851972959936
3.5250851739565405
3.5250851972959936
3.524769386043772
3.5250851739565405
3.5244535747915506
3.524769386043772
3.524137763539329
3.524769386043772
3.5250851972959936
3.524137763539329
3.5244535747915506
3.5257168198004365
3.5250851972959936
3.524769386043772
3.5238219522871077
3.524137763539329
3.525401008548215
3.525401008548215
3.524769386043772
3.5244535747915506
3.524769386043772
3.526032631052658
3.5257167328982177
3.525401008548215
3.5244535514520976
3.524769386043772
3.5244535747915506
3.5257167328982177
3.5257168198004365
3.5250851972959936
3.5254009216459963
3.5250851972959936
3.5257167964609835
3.524137763539329
3.524769386043772
3.525400985208762
3.524769386043772
3.524769386043772
3.5244535514520976
3.5244535747915506
3.5250851972959936
3.5244535747915506
3.5250851972959936
3.5250851739565405
3.524769386043772
3.5244535747915506
3.524137740199876
3.524769386043772
3.5257167964609835
3.524769386043772
3.5250851972959936
3.524769386043772
3.5257168198004365
3.524769386043772
3.5250851972959936
3.5257168198004365
3.5250851972959936
3.524769386043772
3.526032631052658
3.525085110393775
3.5257168198004365
3.5250851972959936
3.525400985208762
3.525401008548215
3.5250851972959936
3.524137763539329
3.5257168198004365
3.5250851739565405
3.525401008548215
3.525401008548215
3.525085110393775
3.5257168198004365
3.525401008548215
3.524769386043772
3.5257167964609835
3.5250851972959936
3.525085110393775
3.524137763539329
3.524769386043772
3.5250851972959936
3.526032631052658
3.5257167328982177
3.5250851972959936
3.5244535747915506
3.524769362704319
3.5257168198004365
3.5244535747915506
3.524769386043772
3.524769386043772
3.5244535747915506
3.5235061410348862
3.5250851972959936
3.5244535514520976
3.5250851972959936
3.524769386043772
3.5250851972959936
3.524769386043772
3.5263483554026607
3.5250851739565405
3.525401008548215
3.524769386043772
3.525400985208762
3.5250851972959936
3.5244535747915506
3.5250851739565405
3.524137763539329
3.5250851972959936
3.5244535747915506
3.524769386043772
3.5257167964609835
3.5257168198004365
3.525401008548215
3.524769362704319
3.5250851972959936
3.524137763539329
3.525400985208762
3.5250851972959936
3.5235061410348862
3.5244535747915506
3.5257168198004365
3.524769362704319
3.5250851972959936
3.525401008548215
3.5257167964609835
3.525401008548215
3.5254009216459963
3.525400985208762
3.5257168198004365
3.5254009216459963
3.5250851972959936
3.524769386043772
3.5244535747915506
3.5250851972959936
3.5254009216459963
3.524769386043772
3.526032607713205
3.525401008548215
3.524137740199876
3.5250851972959936
3.5250851972959936
3.5244535747915506
3.5257167964609835
3.524769386043772
3.524769386043772
3.524769386043772
3.525716669335452
3.524769386043772
3.525401008548215
3.5250851972959936
3.524769386043772
3.524769386043772
3.5254009216459963
3.524137763539329
3.5250851972959936
3.5231903297826648
3.525401008548215
3.5244535747915506
3.5244535747915506
3.524769386043772
3.5244535514520976
3.525401008548215
3.5244535747915506
3.524769362704319
3.5250851972959936
3.5257168198004365
3.524769386043772
3.5250851972959936
3.5257167964609835
3.5254009216459963
3.5250851972959936
3.5244535747915506
3.5244535747915506
3.524769386043772
3.5250851739565405
3.5250851972959936
3.5244535747915506
3.524769362704319
3.5235061410348862
3.524769386043772
3.5235061410348862
3.525401008548215
3.5254009216459963
3.5244535747915506
3.5250851972959936
3.5250851739565405
3.5257168198004365
3.525401008548215
3.5254008580832306
3.525401008548215
3.524769386043772
3.5250851972959936
3.526032607713205
3.524769386043772
3.525401008548215
3.524137763539329
3.524137763539329
3.525401008548215
3.524769362704319
3.525401008548215
3.524769362704319
3.5250851739565405
3.525401008548215
3.5244535747915506
3.524769386043772
3.5244535747915506
3.524769386043772
3.526664166654882
3.526032631052658
3.5235061410348862
3.5257168198004365
3.5238219522871077
3.5250851739565405
3.5257168198004365
3.524137763539329
3.5244535747915506
3.5244535747915506
3.524769386043772
3.5244535747915506
3.524137763539329
3.5235061410348862
3.5250851972959936
3.525400985208762
3.5250851972959936
3.5250851972959936
3.5250851739565405
3.525401008548215
3.5250851972959936
3.524137763539329
3.5250851972959936
3.5244535747915506
3.5250851972959936
3.5250851739565405
3.524137763539329
3.5257168198004365
3.525401008548215
3.5231903297826648
3.5250851972959936
3.5250851972959936
3.5257167964609835
3.5250851972959936
3.5250851972959936
3.525401008548215
3.5244535747915506
3.525401008548215
3.524137763539329
3.525401008548215
3.524137763539329
3.5244535747915506
3.524769386043772
3.5257168198004365
3.524769386043772
3.526032607713205
3.5250851739565405
3.526032607713205
3.524137763539329
3.524769386043772
3.526032631052658
3.524769386043772
3.524769386043772
3.5250851972959936
3.5257168198004365
3.524769386043772
3.5244535747915506
3.525716669335452
3.5238219522871077
3.5231903297826648
3.5250851972959936
3.525401008548215
3.526032607713205
3.5244535747915506
3.524769386043772
3.524137763539329
3.5257168198004365
3.525401008548215
3.525401008548215
3.5250851972959936
3.525400985208762
3.5244535747915506
3.5244535747915506
3.5244535747915506
3.5257168198004365
3.5254009216459963
3.5235061410348862
3.5250851972959936
3.5250851972959936
3.524137763539329
3.526032631052658
3.5238219522871077
3.524769386043772
3.524769386043772
3.5238219522871077
3.526032631052658
3.5238219522871077
3.5250851972959936
3.525401008548215
3.5250851972959936
3.524769386043772
3.524769386043772
3.525400985208762
3.524769386043772
3.5254009216459963
3.525401008548215
3.5250851972959936
3.525400985208762
3.526032631052658
3.5263484189654264
3.5244535747915506
3.525401008548215
3.5257167964609835
3.5244535747915506
3.5235061410348862
3.524137763539329
3.5250851972959936
3.524769386043772
3.5250851972959936
3.525401008548215
3.5254009216459963
3.5244535747915506
3.525401008548215
3.524769386043772
3.5250851972959936
3.524769386043772
3.524769386043772
3.5250851972959936
3.525401008548215
3.525400985208762
3.525401008548215
3.5250851739565405
3.525401008548215
3.524769386043772
3.524137763539329
3.5250851972959936
3.5250851739565405
3.526032631052658
3.5250851972959936
3.5244535747915506
3.5244535747915506
3.5250851972959936
3.524137763539329
3.526032631052658
3.5244535747915506
3.5244535747915506
3.5250851972959936
3.524769386043772
3.525401008548215
3.5257168198004365
3.5254009216459963
3.5250851972959936
3.525401008548215
3.5244535747915506
3.525401008548215
3.5244535747915506
3.524769362704319
3.5250851972959936
3.5247692991415533
3.5257168198004365
3.524769386043772
3.524769362704319
3.5257168198004365
3.5257167964609835
3.525401008548215
3.5257168198004365
3.524769386043772
3.524769362704319
3.524769386043772
3.525400985208762
3.524769386043772
3.524769386043772
3.5250851739565405
3.525401008548215
3.5250851972959936
3.524453487889332
3.5244535747915506
3.526032607713205
3.5250851739565405
3.5250851972959936
3.5250851739565405
3.5238219289476547
3.524769386043772
3.525400985208762
3.5257168198004365
3.524769386043772
3.5244535747915506
3.5257168198004365
3.5244535514520976
3.5250851972959936
3.524137763539329
3.524769386043772
3.5231903297826648
3.5257168198004365
3.526348291839895
3.5250851972959936
3.5250851972959936
3.5250851739565405
3.5250851972959936
3.5263484423048794
3.5244535747915506
3.5257168198004365
3.524769386043772
3.5250851739565405
3.525401008548215
3.5238219522871077
3.5250851739565405
3.5244535747915506
3.525401008548215
3.525401008548215
3.525401008548215
3.526032631052658
3.524137763539329
3.524769386043772
3.5238219522871077
3.524769386043772
3.5250851972959936
3.5238219522871077
3.525401008548215
3.5244535747915506
3.5257168198004365
3.5250851972959936
3.5250851739565405
3.525401008548215
3.5250851972959936
3.5244535747915506
3.5250851972959936
3.524769386043772
3.5244535747915506
3.5250851972959936
3.5250851739565405
3.525401008548215
3.5257168198004365
3.524137763539329
3.5235061410348862
3.5254009216459963
3.5257167964609835
3.5250851972959936
3.526032607713205
3.5250851972959936
3.524137763539329
3.5244535514520976
3.5244535747915506
3.5244535747915506
3.5250851972959936
3.524769386043772
3.524137763539329
3.525401008548215
3.5257168198004365
3.524769362704319
3.5257168198004365
3.524769386043772
3.5235061410348862
3.525401008548215
3.5244535747915506
3.5250851739565405
3.526032631052658
3.5244535514520976
3.524769386043772
3.525401008548215
3.525400985208762
3.5244535747915506
3.524769386043772
3.525401008548215
3.524137763539329
3.5244535747915506
3.526032631052658
3.524769386043772
3.524769386043772
3.525401008548215
3.5257167328982177
3.524769386043772
3.524769386043772
3.525085110393775
3.524769386043772
3.5250851739565405
3.525401008548215
3.5257168198004365
3.5257167964609835
3.5244535747915506
3.5257168198004365
3.5250851739565405
3.5244535747915506
3.5244535747915506
3.525401008548215
3.524137763539329
3.5244535747915506
3.524137763539329
3.5257168198004365
3.5263484423048794
3.5244535747915506
3.525400985208762
3.524769386043772
3.524769386043772
3.5250851739565405
3.5250851972959936
3.525085110393775
3.5244535747915506
3.5263484423048794
3.5250851739565405
3.524137763539329
3.5238219522871077
3.5250851972959936
3.526032607713205
3.525400794520465
3.5250851972959936
3.525401008548215
3.5250851972959936
3.5257168198004365
3.5250851739565405
3.524137763539329
3.5244535747915506
3.524769386043772
3.525401008548215
3.526032607713205
3.5244535747915506
3.525401008548215
3.5250851739565405
3.5257168198004365
3.524769386043772
3.525401008548215
3.5250851972959936
3.5257167964609835
3.524769386043772
3.5244535747915506
3.524137763539329
3.5244535747915506
3.525401008548215
3.524769386043772
3.525401008548215
3.5263484189654264
3.524769386043772
3.525401008548215
3.5244535747915506
3.525401008548215
3.5257168198004365
3.524137763539329
3.524769386043772
3.524137763539329
3.5235061410348862
3.524137763539329
3.524769386043772
3.5250851972959936
3.524769386043772
3.5244535747915506
3.5250851972959936
3.5263483554026607
3.524769386043772
3.5250851972959936
3.525400985208762
3.5257168198004365
3.5250851972959936
3.5263482282771292
3.5257168198004365
3.5257167964609835
3.5238219522871077
3.5250851972959936
3.5244535747915506
3.525401008548215
3.5257167964609835
3.5244535747915506
3.525401008548215
3.524137763539329
3.524769386043772
3.5244535514520976
3.5257167964609835
3.524137763539329
3.524137763539329
3.524137763539329
3.5244535747915506
3.525400985208762
3.5244535747915506
3.524769386043772
3.5250851739565405
3.5250851972959936
3.5257167964609835
3.5257167964609835
3.5257168198004365
3.5250851739565405
3.5244535747915506
3.524769386043772
3.524769386043772
3.5250851972959936
3.5257168198004365
3.524769362704319
3.5257167964609835
3.5238219522871077
3.5244535747915506
3.524137763539329
3.525401008548215
3.524137763539329
3.524769386043772
3.5254008580832306
3.525401008548215
3.5257167964609835
3.524769386043772
3.524769386043772
3.525401008548215
3.5244535747915506
3.525401008548215
3.524769362704319
3.5250851972959936
3.5250851972959936
3.5244535747915506
3.5250851972959936
3.5250851739565405
3.5247692355787876
3.5250851972959936
3.5263484189654264
3.5254009216459963
3.524769386043772
3.5257168198004365
3.524769386043772
3.5250851972959936
3.524769386043772
3.524769386043772
3.5244535747915506
3.525085110393775
3.524137763539329
3.5257168198004365
3.524769386043772
3.5238219522871077
3.524769386043772
3.5250851972959936
3.525401008548215
3.524137763539329
3.5250851972959936
3.5250851972959936
3.524769386043772
3.5244535747915506
3.5250851972959936
3.524769362704319
3.525401008548215
3.524769386043772
3.524769362704319
3.524769386043772
3.524453487889332
3.5244535747915506
3.524769386043772
3.525401008548215
3.5250851972959936
3.5257168198004365
3.524769362704319
3.525401008548215
3.5244535747915506
3.525085110393775
3.525401008548215
3.524769386043772
3.5244535747915506
3.5244535747915506
3.524769386043772
3.525400985208762
3.5260324805876735
3.5244535747915506
3.5244535747915506
3.526032631052658
3.525400985208762
3.524769386043772
3.5250851972959936
3.525085110393775
3.5250851972959936
3.525401008548215
3.5244535747915506
3.524769386043772
3.5244535747915506
3.5244535747915506
3.5250851739565405
3.5250851739565405
3.524137763539329
3.526032631052658
3.524769362704319
3.5244535747915506
3.5244535747915506
3.5247692991415533
3.5250851972959936
3.5250851972959936
3.5250851739565405
3.525401008548215
3.5244535747915506
3.524137763539329
3.525401008548215
3.524769362704319
3.524137763539329
3.525401008548215
3.5254008580832306
3.524137763539329
3.525401008548215
3.524137763539329
3.5244535747915506
3.5244535747915506
3.524137763539329
3.524769386043772
3.524769362704319
3.524769386043772
3.526032631052658
3.5250851739565405
3.524137763539329
3.524769362704319
3.5257167964609835
3.525401008548215
3.5254009216459963
3.5250851972959936
3.5250851972959936
3.5235061410348862
3.5257168198004365
3.5266641030921164
3.524137763539329
3.5257168198004365
3.524137763539329
3.5250851972959936
3.525401008548215
3.5244535747915506
3.524769362704319
3.5250851972959936
3.524769386043772
3.5250851972959936
3.5250851972959936
3.524769386043772
3.5250851972959936
3.524769386043772
3.524769386043772
3.5250851972959936
3.525400985208762
3.525401008548215
3.5244535747915506
3.524137740199876
3.5250851972959936
3.525401008548215
3.5244535747915506
3.524769386043772
3.5250851739565405
3.525401008548215
3.5250851972959936
3.5254009216459963
3.5250851972959936
3.5250851739565405
3.5244535747915506
3.5263484189654264
3.525401008548215
3.524769386043772
3.525400985208762
3.523821865384889
3.525401008548215
3.5254009216459963
3.524137763539329
3.524769386043772
3.5244535747915506
3.525401008548215
3.524769362704319
3.5250851972959936
3.525401008548215
3.5244535747915506
3.525401008548215
3.524769386043772
3.5250851972959936
3.524137763539329
3.525085110393775
3.524137763539329
3.524769386043772
3.5250851739565405
3.525401008548215
3.5238219522871077
3.5244535747915506
3.5244535747915506
3.5257167964609835
3.524769386043772
3.525400985208762
3.525400985208762
3.5257167328982177
3.524769386043772
3.5250851972959936
3.525401008548215
3.5244535514520976
3.526032607713205
3.5254009216459963
3.524137763539329
3.525401008548215
3.5244535747915506
3.525401008548215
3.525401008548215
3.5244535514520976
3.5250851972959936
3.5250851972959936
3.525401008548215
3.5244535747915506
3.524769386043772
3.5257168198004365
3.5257168198004365
3.525400985208762
3.5250851972959936
3.524137763539329
3.524769386043772
3.524769386043772
3.525400985208762
3.526032607713205
3.5257167964609835
3.525716669335452
3.5257168198004365
3.5257167964609835
3.524769362704319
3.524769386043772
3.524769362704319
3.524137763539329
3.524769386043772
3.524137740199876
3.525400985208762
3.524769386043772
3.5244535747915506
3.5250851972959936
3.5250851972959936
3.5244535747915506
3.5250851972959936
3.5250851739565405
3.524769386043772
3.5235061410348862
3.5238219522871077
3.5257168198004365
3.524769386043772
3.524137763539329
3.524769386043772
3.525085110393775
3.5244535747915506
3.5244535747915506
3.5244535747915506
3.524769386043772
3.526032631052658
3.5244535747915506
3.524769386043772
3.524137740199876
3.525401008548215
3.5235061410348862
3.524137763539329
3.5238219522871077
3.5257167964609835
3.5257167964609835
3.524769386043772
3.5244535747915506
3.5244535747915506
3.5257167964609835
3.524769362704319
3.5244535747915506
3.5257167328982177
3.5244535747915506
3.5250851972959936
3.524769386043772
3.5244535747915506
3.524137763539329
3.5250851739565405
3.5244535747915506
3.526032544150439
3.526032607713205
3.5250851972959936
3.5244535747915506
3.5238219522871077
3.5250851972959936
3.524769362704319
3.524137763539329
3.5244535747915506
3.524769362704319
3.524769386043772
3.526032631052658
3.5250851739565405
3.5250851972959936
3.5250851972959936
3.5250851972959936
3.5244535747915506
3.5244535747915506
3.5244535747915506
3.524769386043772
3.5254008580832306
3.524137763539329
3.524769386043772
3.524769386043772
3.524769386043772
3.526032607713205
3.525401008548215
3.524769386043772
3.524137763539329
3.5244535747915506
3.5244535747915506
3.525401008548215
3.5257168198004365
3.5244535747915506
3.5257168198004365
3.5257168198004365
3.524137763539329
3.524769362704319
3.5250851972959936
3.524769386043772
3.5250851972959936
3.525401008548215
3.524769386043772
3.5250851972959936
3.5250851739565405
3.524769386043772
3.5257168198004365
3.5250851972959936
3.525401008548215
3.5250851739565405
3.524769386043772
3.5257168198004365
3.5250851972959936
3.525401008548215
3.5250851972959936
3.524769386043772
3.5244535747915506
3.525401008548215
3.524137763539329
3.5244535747915506
3.524769386043772
3.5250851972959936
3.5250851972959936
3.5238219522871077
3.524769386043772
3.5238219522871077
3.5250851739565405
3.525401008548215
3.5250851972959936
3.5250851739565405
3.526032631052658
3.525401008548215
3.5244535747915506
3.524137763539329
3.524769386043772
3.5250851972959936
3.525401008548215
3.5244535747915506
3.524137763539329
3.5250851972959936
3.525716669335452
3.524769386043772
3.5250851972959936
3.5244535747915506
3.5244535747915506
3.5244535747915506
3.5250851972959936
3.525401008548215
3.524769386043772
3.526032607713205
3.524769386043772
3.5244535514520976
3.5244535747915506
3.5244535747915506
3.5260324805876735
3.5250851972959936
3.526032607713205
3.524769362704319
3.525401008548215
3.5244535747915506
3.5250851972959936
3.526032631052658
3.524769362704319
3.5244535747915506
3.524137763539329
3.5250851972959936
3.525401008548215
3.5244535747915506
3.5235061410348862
3.5263484423048794
3.5244535514520976
3.5238219522871077
3.525401008548215
3.524769386043772
3.5244535747915506
3.5247692991415533
3.5254009216459963
3.5250851972959936
3.5238219522871077
3.5250851972959936
3.5244535747915506
3.524137763539329
3.5250851972959936
3.525716669335452
3.5244535747915506
3.526032631052658
3.524769362704319
3.525401008548215
3.524769362704319
3.524769386043772
3.5250851972959936
3.524769386043772
3.524137763539329
3.5250851972959936
3.525400985208762
3.525401008548215
3.5244535747915506
3.524769386043772
3.524769386043772
3.524769362704319
3.525401008548215
3.524137763539329
3.5254009216459963
3.5257168198004365
3.524769386043772
3.5250851972959936
3.5250851972959936
3.524137763539329
3.5250851972959936
3.5250851972959936
3.525085110393775
3.525401008548215
3.525400985208762
3.524769386043772
3.5250851972959936
3.5250851739565405
3.525401008548215
3.5257167328982177
3.5257167964609835
3.524769386043772
3.525401008548215
3.5257168198004365
3.5257167964609835
3.5250851972959936
3.525401008548215
3.5250851739565405
3.524769386043772
3.5244535747915506
3.525401008548215
3.524769386043772
3.5250851972959936
3.5244535747915506
3.5250851972959936
3.5250851739565405
3.5244535747915506
3.525401008548215
3.5235061410348862
3.524769386043772
3.5257167964609835
3.5244535514520976
3.5263484423048794
3.5254009216459963
3.524769386043772
3.5244535747915506
3.5244535747915506
3.5250851972959936
3.5250851972959936
3.524137763539329
3.5250851972959936
3.525085046831009
3.5250851972959936
3.5257168198004365
3.524769386043772
3.5244535747915506
3.5250851739565405
3.525401008548215
3.525401008548215
3.525716669335452
3.524769362704319
3.5257168198004365
3.525400985208762
3.5244535747915506
3.5238219522871077
3.525401008548215
3.5257168198004365
3.5250851739565405
3.524137763539329
3.5263483554026607
3.5250851739565405
3.5250851972959936
3.5244535747915506
3.5250851972959936
3.524769386043772
3.5250851739565405
3.524137763539329
3.524137763539329
3.5244535747915506
3.5244535747915506
3.524769386043772
3.5238219522871077
3.525401008548215
3.524769362704319
3.5250851972959936
3.524769386043772
3.5250851739565405
3.524769386043772
3.5257167328982177
3.524769386043772
3.5244535747915506
3.524769362704319
3.524137763539329
3.524769386043772
3.524769386043772
3.524769386043772
3.5244535747915506
3.5244535747915506
3.525401008548215
3.524137740199876
3.5244535747915506
3.524769386043772
3.524769386043772
3.5238219522871077
3.5244535747915506
3.524769386043772
3.524769386043772
3.5257167328982177
3.524769386043772
3.5244535747915506
3.525400985208762
3.5238219522871077
3.524769386043772
3.5257168198004365
3.525401008548215
3.5244535747915506
3.5244535747915506
3.5250851972959936
3.524769386043772
3.5250851972959936
3.5250851972959936
3.5244535747915506
3.5257168198004365
3.5250851739565405
3.5244535747915506
3.5250851972959936
3.524769386043772
3.525401008548215
3.524137763539329
3.524769386043772
3.525401008548215
3.524769386043772
3.5250851972959936
3.524769386043772
3.5250851739565405
3.524769386043772
3.5257168198004365
3.5250851972959936
3.524137763539329
3.5250851739565405
3.524137763539329
3.5250851972959936
3.524137763539329
3.5244535747915506
3.524137763539329
3.5250851972959936
3.5244535747915506
3.525401008548215
3.5254009216459963
3.5250851739565405
3.525401008548215
3.524769386043772
3.524769386043772
3.5250851739565405
3.525401008548215
3.526032631052658
3.5244535747915506
3.5250851739565405
3.525401008548215
3.5238219522871077
3.525401008548215
3.5244535747915506
3.524769386043772
3.5257168198004365
3.524769362704319
3.524769362704319
3.525401008548215
3.5254009216459963
3.525400985208762
3.5244535747915506
3.5257167328982177
3.524137763539329
3.525401008548215
3.5250851972959936
3.5250851739565405
3.525401008548215
3.524769386043772
3.524769386043772
3.525401008548215
3.5254009216459963
3.525401008548215
3.5250851972959936
3.524769362704319
3.525401008548215
3.525401008548215
3.5250851972959936
3.5244535747915506
3.5250851739565405
3.5244535747915506
3.524769386043772
3.524769362704319
3.5250851739565405
3.524769386043772
3.524769362704319
3.525716669335452
3.5250851972959936
3.5250851972959936
3.5257168198004365
3.5244535747915506
3.5257167328982177
3.524769386043772
3.5250851739565405
3.524769386043772
3.5250851972959936
3.524769386043772
3.5244535747915506
3.5250851972959936
3.5235061410348862
3.5250851972959936
3.5244535747915506
3.524137763539329
3.524769386043772
3.524769362704319
3.524769386043772
3.5257168198004365
3.5250851739565405
3.5250851739565405
3.526032607713205
3.525401008548215
3.5250851972959936
3.525400985208762
3.5257168198004365
3.524137763539329
3.5247692991415533
3.5244535747915506
3.524769362704319
3.5250851972959936
3.524769386043772
3.5250851972959936
3.5250851972959936
3.524769386043772
3.5244535514520976
3.525401008548215
3.5250851972959936
3.5250851972959936
3.5257168198004365
3.524137763539329
3.526032631052658
3.5254009216459963
3.5244535747915506
3.5257168198004365
3.5244535747915506
3.5250851972959936
3.5244535747915506
3.524453487889332
3.525401008548215
3.524137763539329
3.5254009216459963
3.524769386043772
3.5244535747915506
3.5250851972959936
3.525400985208762
3.526032607713205
3.524769386043772
3.5257168198004365
3.524769386043772
3.5244535747915506
3.5244535747915506
3.5250851972959936
3.525401008548215
3.524137763539329
3.5257168198004365
3.5250851972959936
3.5254009216459963
3.526032631052658
3.524769386043772
3.525401008548215
3.524769386043772
3.5250851739565405
3.5250851972959936
3.524769362704319
3.5257167964609835
3.5235061410348862
3.525401008548215
3.524769386043772
3.5257167964609835
3.5250851972959936
3.5235061410348862
3.525400985208762
3.5250851972959936
3.524137763539329
3.5250851972959936
3.526032631052658
3.5244535747915506
3.524769386043772
3.5238219522871077
3.524769362704319
3.5238219522871077
3.525400985208762
3.5244535747915506
3.525400985208762
3.524769362704319
3.526032631052658
3.5244535747915506
3.524137763539329
3.525401008548215
3.5238219522871077
3.524769386043772
3.5250851972959936
3.5257167964609835
3.5263484423048794
3.524137740199876
3.524769386043772
3.525400985208762
3.5244535747915506
3.526032631052658
3.524769386043772
3.5250851972959936
3.525401008548215
3.5250851972959936
3.5266641030921164
3.525401008548215
3.525401008548215
3.5257168198004365
3.525400985208762
3.524769386043772
3.526032631052658
3.524453487889332
3.5257168198004365
3.5244535747915506
3.524769386043772
3.5250851972959936
3.5250851972959936
3.5244535747915506
3.525401008548215
3.5247692991415533
3.524769386043772
3.5244535747915506
3.525401008548215
3.5250851972959936
3.5250851972959936
3.5250851739565405
3.524769386043772
3.5250851972959936
3.5244535747915506
3.5250851972959936
3.5244535747915506
3.524769386043772
3.524769386043772
3.524137763539329
3.526032631052658
3.5250851972959936
3.525401008548215
3.5263484189654264
3.5244535747915506
3.5244535747915506
3.5257167964609835
3.525400985208762
3.5250851972959936
3.5244535747915506
3.524769386043772
3.526032631052658
3.526032607713205
3.524137763539329
3.526032607713205
3.524769362704319
3.524137763539329
3.5257168198004365
3.5250851739565405
3.524769386043772
3.526032544150439
3.524769386043772
3.525401008548215
3.524137763539329
3.524769386043772
3.524769386043772
3.524453487889332
3.5250851972959936
3.5250851739565405
3.5250851972959936
3.525401008548215
3.5254008580832306
3.5250851739565405
3.5257168198004365
3.5235061410348862
3.5250851972959936
3.5250851972959936
3.526032544150439
3.5257168198004365
3.524137763539329
3.5244535747915506
3.524769386043772
3.525400985208762
3.5244535747915506
3.5250851972959936
3.5244535747915506
3.5244535514520976
3.5244535747915506
3.5238219522871077
3.524137763539329
3.525401008548215
3.524769362704319
3.524769386043772
3.5250851972959936
3.5250851972959936
3.5250851972959936
3.5250851972959936
3.524769386043772
3.524769386043772
3.5247692991415533
3.525401008548215
3.524137763539329
3.524769386043772
3.526664230217648
3.5250851972959936
3.5250851972959936
3.524769386043772
3.5254008580832306
3.5257168198004365
3.525401008548215
3.524137763539329
3.5250851972959936
3.524769386043772
3.524137763539329
3.525401008548215
3.5257167328982177
3.5250851972959936
3.5244535747915506
3.5250851972959936
3.5257167964609835
3.525400985208762
3.5263484189654264
3.5250851972959936
3.525401008548215
3.524453487889332
3.5244535747915506
3.524769362704319
3.525401008548215
3.526032607713205
3.524769386043772
3.5244535747915506
3.526032631052658
3.5244535514520976
3.524769362704319
3.526032631052658
3.5244535514520976
3.5238219522871077
3.525401008548215
3.524769386043772
3.5244535747915506
3.524137763539329
3.524769362704319
3.5244535747915506
3.524769386043772
3.524769386043772
3.524769386043772
3.525401008548215
3.5244535747915506
3.525401008548215
3.5244535747915506
3.525085110393775
3.525401008548215
3.5254009216459963
3.525401008548215
3.5244535747915506
3.5250851739565405
3.5257167964609835
3.5257167964609835
3.5250851739565405
3.5244535747915506
3.526032607713205
3.524137763539329
3.525401008548215
3.5257167964609835
3.5257167328982177
3.5250851972959936
3.5238219522871077
3.524769386043772
3.524137763539329
3.5250851739565405
3.5250851972959936
3.5257167964609835
3.525400985208762
3.5250851972959936
3.5250851972959936
3.524769386043772
3.5257168198004365
3.5250851972959936
3.5244535747915506
3.5257168198004365
3.524769386043772
3.526032607713205
3.524137763539329
3.5250851972959936
3.525401008548215
3.526348291839895
3.5250851972959936
3.5244535514520976
3.525401008548215
3.5244535747915506
3.524769386043772
3.525085110393775
3.5257168198004365
3.5250851739565405
3.5250851972959936
3.524137763539329
3.5250851739565405
3.5250851972959936
3.5231903297826648
3.524769386043772
3.5250851972959936
3.5257167964609835
3.524769386043772
3.5244535747915506
3.5257167328982177
3.5250851972959936
3.5235061410348862
3.526032607713205
3.5244535747915506
3.5244535747915506
3.525401008548215
3.5257168198004365
3.5244535747915506
3.525401008548215
3.5250851972959936
3.5238219522871077
3.524137763539329
3.5250851972959936
3.5244535747915506
3.525400985208762
3.5250851972959936
3.5257168198004365
3.524769386043772
3.524137763539329
3.524137763539329
3.524137740199876
3.5244535747915506
3.5244535747915506
3.524769362704319
3.525401008548215
3.524769362704319
3.5250851972959936
3.524769386043772
3.5254009216459963
3.525400985208762
3.5257167964609835
3.5250851972959936
3.524137763539329
3.5244535747915506
3.5257168198004365
3.5244535747915506
3.5244535747915506
3.524137763539329
3.524769386043772
3.5235061410348862
3.5250851972959936
3.524769362704319
3.5250851972959936
3.5250851739565405
3.524769386043772
3.525401008548215
3.5257168198004365
3.525401008548215
3.525401008548215
3.524769362704319
3.524137763539329
3.5250851972959936
3.5244535747915506
3.524769386043772
3.524769362704319
3.524769386043772
3.525401008548215
3.5250851739565405
3.5257168198004365
3.524769362704319
3.5263484189654264
3.526032631052658
3.524769386043772
3.5250851972959936
3.5244535747915506
3.5244535747915506
3.5250851972959936
3.525400985208762
3.524769386043772
3.524769386043772
3.5244535747915506
3.5257167964609835
3.5238219522871077
3.524769362704319
3.5257168198004365
3.5244535747915506
3.526032607713205
3.525400985208762
3.5244535747915506
3.5238219522871077
3.5257167964609835
3.526032631052658
3.5244535747915506
3.526032607713205
3.5235061410348862
3.524769386043772
3.5238219522871077
3.5250851739565405
3.5244535747915506
3.524769386043772
3.5244535514520976
3.524769386043772
3.524769386043772
3.5257168198004365
3.5244535747915506
3.5250851739565405
3.5250851972959936
3.5250851972959936
3.524137763539329
3.525401008548215
3.5244535747915506
3.5250851972959936
3.5250851739565405
3.525400985208762
3.5250851972959936
3.524137763539329
3.5244535747915506
3.5238219522871077
3.524137740199876
3.5250851739565405
3.525401008548215
3.5250851739565405
3.5263484423048794
3.526032631052658
3.525716669335452
3.525401008548215
3.5250851972959936
3.524769386043772
3.5250851972959936
3.5250851972959936
3.5250851739565405
3.524769386043772
3.524769362704319
3.5244535747915506
3.525401008548215
3.524769386043772
3.524769386043772
3.5257168198004365
3.524769362704319
3.525401008548215
3.5257168198004365
3.525085110393775
3.5250851972959936
3.525400985208762
3.5238219522871077
3.524769386043772
3.5244535747915506
3.526032607713205
3.524769386043772
3.524769386043772
3.5238219289476547
3.524769386043772
3.524769386043772
3.524769386043772
3.525401008548215
3.524137763539329
3.5250851972959936
3.5238219522871077
3.524137763539329
3.5257168198004365
3.525401008548215
3.5250851972959936
3.5244535747915506
3.524769386043772
3.5244535747915506
3.5250851972959936
3.526032607713205
3.5244535747915506
3.5257168198004365
3.5238219522871077
3.525401008548215
3.5244535747915506
3.524137763539329
3.5244535747915506
3.526032631052658
3.526032607713205
3.525401008548215
3.5257168198004365
3.525400985208762
3.525401008548215
3.525400985208762
3.5244535747915506
3.524769386043772
3.5250851972959936
3.524137763539329
3.5244535747915506
3.5250851972959936
3.5244535747915506
3.524769386043772
3.524769386043772
3.5244535747915506
3.5244535747915506
3.525716669335452
3.524769386043772
3.5257168198004365
3.5257168198004365
3.524769386043772
3.524137763539329
3.524769386043772
3.524769386043772
3.5257168198004365
3.525400985208762
3.524137763539329
3.524769386043772
3.524769386043772
3.5257168198004365
3.5250851739565405
3.524769386043772
3.525401008548215
3.5238219289476547
3.525401008548215
3.5244535747915506
3.524137763539329
3.525401008548215
3.5238219522871077
3.5250851739565405
3.5263484423048794
3.525400985208762
3.524769386043772
3.524769386043772
3.524769386043772
3.525400985208762
3.5244535747915506
3.524769386043772
3.525401008548215
3.5244535747915506
3.524137763539329
3.5238219522871077
3.5250851972959936
3.525401008548215
3.5244535747915506
3.5244535747915506
3.524769386043772
3.524137763539329
3.5257167964609835
3.5244535747915506
3.524769362704319
3.524769386043772
3.5250851972959936
3.524769386043772
3.525401008548215
3.524769386043772
3.5250851972959936
3.5250851972959936
3.524769362704319
3.5235061410348862
3.5244535747915506
3.524137763539329
3.524769386043772
3.5254009216459963
3.524769386043772
3.5257168198004365
3.525400985208762
3.5257168198004365
3.5238219522871077
3.524769386043772
3.524769386043772
3.5257168198004365
3.5238219289476547
3.524769386043772
3.5254009216459963
3.5250851972959936
3.5244535747915506
3.524769362704319
3.5257168198004365
3.5257168198004365
3.5257167964609835
3.5250851972959936
3.5257168198004365
3.525400985208762
3.526032544150439
3.524137763539329
3.5244535747915506
3.524137763539329
3.526348291839895
3.524769386043772
3.525400985208762
3.5244535747915506
3.524137763539329
3.5244535747915506
3.525401008548215
3.5257168198004365
3.526032544150439
3.524137763539329
3.5257167964609835
3.5250851972959936
3.5250851972959936
3.5254009216459963
3.5250851972959936
3.525401008548215
3.5250851739565405
3.5238219522871077
3.5250851972959936
3.5244535747915506
3.524769386043772
3.5250851739565405
3.525401008548215
3.5250851972959936
3.5250851739565405
3.526032544150439
3.524137763539329
3.525400985208762
3.5244535747915506
3.524137763539329
3.525401008548215
3.524769386043772
3.524769386043772
3.524769386043772
3.524769362704319
3.5257168198004365
3.5250851972959936
3.524769386043772
3.524137763539329
3.524769386043772
3.5250851739565405
3.525401008548215
3.525400985208762
3.524769386043772
3.5257168198004365
3.525401008548215
3.5250851972959936
3.526032631052658
3.5250851739565405
3.5257168198004365
3.5257168198004365
3.5235061410348862
3.5244535747915506
3.5244535747915506
3.5235061410348862
3.525400985208762
3.524769386043772
3.5250851972959936
3.5244535747915506
3.5263483554026607
3.5244535747915506
3.5228745185304433
3.525400985208762
3.526032631052658
3.525401008548215
3.524137740199876
3.5257168198004365
3.5257167964609835
3.524769386043772
3.525401008548215
3.524137763539329
3.5257167964609835
3.525401008548215
3.524769362704319
3.5250851972959936
3.525400985208762
3.5244535747915506
3.524769386043772
3.524137763539329
3.524137763539329
3.5250851972959936
3.525085110393775
3.5250851972959936
3.5244535747915506
3.524769362704319
3.524769386043772
3.524769386043772
3.5250851972959936
3.5257167964609835
3.525400985208762
3.526032631052658
3.526032607713205
3.5244535747915506
3.524769386043772
3.524137763539329
3.5238219522871077
3.526664230217648
3.524769386043772
3.524769386043772
3.524769386043772
3.525401008548215
3.5257168198004365
3.5250851972959936
3.525401008548215
3.5250851972959936
3.524137740199876
3.5238219522871077
3.524769362704319
3.5244535747915506
3.525401008548215
3.5257168198004365
3.5257167964609835
3.526032631052658
3.5244535747915506
3.5244535747915506
3.5257168198004365
3.5250851739565405
3.5257167328982177
3.5250851972959936
3.5238219522871077
3.526032631052658
3.5244535747915506
3.5250851972959936
3.5257168198004365
3.5231903297826648
3.5238219522871077
3.5244535747915506
3.524137763539329
3.5250851972959936
3.525400985208762
3.524137740199876
3.526032631052658
3.5244535747915506
3.524769386043772
3.5257167964609835
3.525085110393775
3.5235061410348862
3.526032631052658
3.526032607713205
3.524769386043772
3.5257168198004365
3.524137763539329
3.524769386043772
3.525401008548215
3.525400985208762
3.524769386043772
3.5257167964609835
3.5250851739565405
3.524769386043772
3.5244535514520976
3.524769386043772
3.525401008548215
3.5244535747915506
3.524137763539329
3.5250851972959936
3.524769362704319
3.5244535747915506
3.525401008548215
3.524769386043772
3.5244535747915506
3.5244535514520976
3.524137763539329
3.5250851972959936
3.5263484189654264
3.524137763539329
3.5257168198004365
3.525716669335452
3.524769386043772
3.525401008548215
3.5257167964609835
3.5238219522871077
3.526032631052658
3.524769362704319
3.524137763539329
3.5257168198004365
3.524769362704319
3.525401008548215
3.5257168198004365
3.5250851972959936
3.5250851972959936
3.5257168198004365
3.5244535747915506
3.5244535747915506
3.5250851972959936
3.5250851972959936
3.5250851972959936
3.5257167964609835
3.525400985208762
3.5250851972959936
3.525085110393775
3.5250851972959936
3.524769386043772
3.5254009216459963
3.524769386043772
3.5257168198004365
3.525400985208762
3.5244535747915506
3.525401008548215
3.5231903297826648
3.524769386043772
3.5244535747915506
3.525401008548215
3.5263484189654264
3.5250851739565405
3.524137763539329
3.524769386043772
3.524769386043772
3.5244535747915506
3.5257167964609835
3.524769386043772
3.524769362704319
3.5244535747915506
3.524769386043772
3.524769386043772
3.5250851972959936
3.525401008548215
3.5250851739565405
3.526032544150439
3.5250851972959936
3.5250851739565405
3.5250851972959936
3.5244535747915506
3.524137763539329
3.525401008548215
3.524137763539329
3.524769386043772
3.5257168198004365
3.524769386043772
3.5244535747915506
3.5250851972959936
3.5241376766371104
3.5250851972959936
3.524769386043772
3.525401008548215
3.5250851972959936
3.525400985208762
3.524137763539329
3.5244535747915506
3.5254008580832306
3.526032631052658
3.5250851972959936
3.524769386043772
3.5244535747915506
3.5244535747915506
3.524137763539329
3.5263484423048794
3.524137740199876
3.525401008548215
3.5244535747915506
3.525401008548215
3.525401008548215
3.524769386043772
3.5244535747915506
3.525401008548215
3.5244535747915506
3.5244535747915506
3.5238219522871077
3.5244535747915506
3.5244535747915506
3.5250851739565405
3.5250851972959936
3.525401008548215
3.524769386043772
3.524769386043772
3.5244535747915506
3.5250851972959936
3.5250851972959936
3.525400985208762
3.5257166057726863
3.5250851972959936
3.5247692991415533
3.5250851972959936
3.5250851739565405
3.524137763539329
3.5238219522871077
3.524769386043772
3.525085110393775
3.5263484423048794
3.5254009216459963
3.5257168198004365
3.524137763539329
3.5263484189654264
3.524137763539329
3.5244535747915506
3.5244535747915506
3.5250851972959936
3.5257167328982177
3.524769386043772
3.525401008548215
3.524769386043772
3.5250851972959936
3.5235061410348862
3.5244535747915506
3.524769362704319
3.5241376766371104
3.525716669335452
3.5250851972959936
3.525085110393775
3.5257168198004365
3.524769386043772
3.524769386043772
3.524137763539329
3.525401008548215
3.524137763539329
3.5250851972959936
3.5250851739565405
3.524769386043772
3.525401008548215
3.524769386043772
3.524769386043772
3.5250851972959936
3.524769362704319
3.5238219522871077
3.5257167964609835
3.524769386043772
3.525401008548215
3.5250851972959936
3.5238219522871077
3.5244535747915506
3.5244535514520976
3.5244535747915506
3.5250851972959936
3.5250851972959936
3.5257168198004365
3.524137763539329
3.5250851739565405
3.524769386043772
3.5254009216459963
3.5244535747915506
3.5250851972959936
3.524769386043772
3.5250851972959936
3.5244535747915506
3.5257167964609835
3.524137763539329
3.5250851972959936
3.5257167328982177
3.5250851972959936
3.524769362704319
3.525401008548215
3.524769386043772
3.524137763539329
3.5244535747915506
3.5250851972959936
3.5238219522871077
3.525401008548215
3.525400985208762
3.5250851972959936
3.525401008548215
3.5250851739565405
3.524137763539329
3.524137763539329
3.526348291839895
3.5257168198004365
3.525085110393775
3.5244535747915506
3.5250851972959936
3.5244535747915506
3.5257168198004365
3.524769386043772
3.524137763539329
3.524769386043772
3.525401008548215
3.5244535747915506
3.525400985208762
3.5244535747915506
3.524769386043772
3.5238219522871077
3.524769386043772
3.525085110393775
3.5257168198004365
3.5238219522871077
3.5250851972959936
3.5244535747915506
3.5244535747915506
3.5257167964609835
3.5250851972959936
3.5254008580832306
3.5250851972959936
3.524769386043772
3.5244535747915506
3.5250851972959936
3.524769386043772
3.5244535747915506
3.524769386043772
3.525400985208762
3.524137740199876
3.525401008548215
3.5250851739565405
3.524769386043772
3.525401008548215
3.524769386043772
3.524769386043772
3.5244535747915506
3.524137740199876
3.5250851972959936
3.524769386043772
3.526348291839895
3.5257167964609835
3.525400985208762
3.524769386043772
3.525401008548215
3.525085046831009
3.5235061410348862
3.525400985208762
3.5257168198004365
3.525401008548215
3.5244535747915506
3.5257168198004365
3.524137763539329
3.5254009216459963
3.5257168198004365
3.5254009216459963
3.524769362704319
3.5244535747915506
3.5244535747915506
3.525716669335452
3.5250851972959936
3.5250851972959936
3.524769362704319
3.5250851972959936
3.524769386043772
3.525401008548215
3.524769386043772
3.5250851972959936
3.5250851972959936
3.525401008548215
3.524137763539329
3.525400985208762
3.524769386043772
3.5250851972959936
3.5244535747915506
3.5250851972959936
3.524137763539329
3.524137740199876
3.525401008548215
3.5244535747915506
3.5238219522871077
3.5250851972959936
3.5238219522871077
3.524769386043772
3.525400985208762
3.5250851739565405
3.525401008548215
3.5257168198004365
3.525400985208762
3.524769386043772
3.5250851972959936
3.524137763539329
3.524769386043772
3.524769386043772
3.524769386043772
3.5250851972959936
3.5254009216459963
3.5250851739565405
3.524137763539329
3.5254009216459963
3.5244535747915506
3.5238219522871077
3.5244535747915506
3.5257168198004365
3.524769362704319
3.5244535514520976
3.5250851972959936
3.525400985208762
3.525401008548215
3.525401008548215
3.5244535747915506
3.5238219522871077
3.5244535747915506
3.5250851739565405
3.5244535747915506
3.5250851972959936
3.524769386043772
3.525401008548215
3.524769386043772
3.525401008548215
3.526032607713205
3.5244535747915506
3.524137763539329
3.5250851739565405
3.5244535747915506
3.5250851972959936
3.5244535747915506
3.524137763539329
3.5250851972959936
3.524769386043772
3.524769386043772
3.5250851739565405
3.5238219522871077
3.5250851972959936
3.5250851739565405
3.525401008548215
3.525401008548215
3.5254009216459963
3.5257168198004365
3.5250851739565405
3.5238219522871077
3.524769386043772
3.524769386043772
3.524137763539329
3.524137763539329
3.5254009216459963
3.525401008548215
3.524769386043772
3.524769386043772
3.525401008548215
3.5235061410348862
3.525401008548215
3.5250851972959936
3.5244535747915506
3.525401008548215
3.5257167328982177
3.524769386043772
3.524137763539329
3.5254009216459963
3.524769386043772
3.5257167964609835
3.525400985208762
3.526032631052658
3.524769362704319
3.524769386043772
3.5257167964609835
3.524769386043772
3.525401008548215
3.5250851972959936
3.5250851972959936
3.5244535747915506
3.5244535747915506
3.5250851972959936
3.525401008548215
3.525401008548215
3.5250851972959936
3.5250851739565405
3.524137763539329
3.5250851972959936
3.5244535747915506
3.525400985208762
3.524769386043772
3.524137763539329
3.5244535747915506
3.525401008548215
3.524769386043772
3.5244535747915506
3.524137763539329
3.5257167328982177
3.5257168198004365
3.5250851739565405
3.5250851972959936
3.5250851972959936
3.524137763539329
3.525401008548215
3.5244535747915506
3.5244535747915506
3.5244535747915506
3.524769386043772
3.5250851972959936
3.525400985208762
3.5257167328982177
3.5257168198004365
3.525716669335452
3.524769386043772
3.525401008548215
3.5250851739565405
3.524769386043772
3.5250851972959936
3.524137763539329
3.5250851972959936
3.5244535747915506
3.5244535747915506
3.524769386043772
3.5244535747915506
3.5263483554026607
3.5257168198004365
3.525401008548215
3.5244535747915506
3.5257168198004365
3.5254008580832306
3.5250851972959936
3.524137763539329
3.524137763539329
3.5244535747915506
3.524769386043772
3.5244535747915506
3.5244535747915506
3.5250851972959936
3.5250851972959936
3.5257167964609835
3.524769386043772
3.524769386043772
3.5244535747915506
3.524137763539329
3.5257168198004365
3.524769386043772
3.5250851739565405
3.5238219522871077
3.5244535747915506
3.5244535747915506
3.5250851972959936
3.525085110393775
3.525401008548215
3.5244535747915506
3.5244535747915506
3.5250851972959936
3.525085110393775
3.5244535747915506
3.525401008548215
3.5254009216459963
3.525401008548215
3.524137763539329
3.5244535747915506
3.5244535747915506
3.5257168198004365
3.524769386043772
3.525401008548215
3.5250851739565405
3.525401008548215
3.5257168198004365
3.5250851972959936
3.5257168198004365
3.524769386043772
3.524137763539329
3.524769386043772
3.5244535514520976
3.5244535747915506
3.5250851972959936
3.5244535747915506
3.5257168198004365
3.5250851972959936
3.5238219522871077
3.524769386043772
3.5250851972959936
3.524137763539329
3.5244535747915506
3.5244535747915506
3.524137763539329
3.524769386043772
3.5254009216459963
3.524769386043772
3.525401008548215
3.5244535747915506
3.524769386043772
3.5263484189654264
3.524137763539329
3.5244535747915506
3.524769386043772
3.5244535514520976
3.5257168198004365
3.525716669335452
3.5254009216459963
3.5257168198004365
3.524137763539329
3.5250851972959936
3.5250851972959936
3.5244535747915506
3.5250851972959936
3.5244535747915506
3.525400985208762
3.5250851739565405
3.524137763539329
3.5250851972959936
3.5260324805876735
3.5250851739565405
3.525401008548215
3.5250851972959936
3.524137763539329
3.524769386043772
3.524769386043772
3.524769386043772
3.524769386043772
3.525085110393775
3.525401008548215
3.5250851972959936
3.524769362704319
3.525401008548215
3.525401008548215
3.5244535747915506
3.524769386043772
3.525401008548215
3.5238219522871077
3.5250851972959936
3.526032631052658
3.5244535747915506
3.5235061410348862
3.525400985208762
3.5244535747915506
3.5238219522871077
3.5250851972959936
3.524769386043772
3.5257168198004365
3.524453487889332
3.5244535747915506
3.5238219522871077
3.5250851739565405
3.525401008548215
3.524769362704319
3.524137763539329
3.524137763539329
3.5254009216459963
3.5250851972959936
3.5257167964609835
3.5257168198004365
3.524769386043772
3.5244535514520976
3.524137763539329
3.524769386043772
3.524769386043772
3.524769362704319
3.524137763539329
3.524769362704319
3.526032607713205
3.5250851972959936
3.5244535747915506
3.5244535747915506
3.5250851972959936
3.5244535747915506
3.5250851972959936
3.525401008548215
3.5244535747915506
3.524769386043772
3.5244535747915506
3.5250851972959936
3.5250851972959936
3.524137740199876
3.524769386043772
3.5244535747915506
3.524769386043772
3.5244535747915506
3.5238219522871077
3.525401008548215
3.5244535747915506
3.524769386043772
3.524769386043772
3.5250851739565405
3.5244535747915506
3.5238219522871077
3.5244535747915506
3.526032631052658
3.525400985208762
3.524137763539329
3.524769386043772
3.525401008548215
3.524769386043772
3.5244535747915506
3.524769386043772
3.5250851972959936
3.524769386043772
3.524769386043772
3.5250851972959936
3.5250851972959936
3.5263484423048794
3.5250851739565405
3.5244535747915506
3.5244535747915506
3.525401008548215
3.5244535747915506
3.526664253557101
3.525401008548215
3.5250851972959936
3.525400985208762
3.5244535747915506
3.524137763539329
3.524769386043772
3.524769386043772
3.525401008548215
3.5254009216459963
3.524137763539329
3.5257168198004365
3.526032607713205
3.5250851972959936
3.5244535747915506
3.524137763539329
3.5250851972959936
3.5238219522871077
3.524769386043772
3.5250851972959936
3.5244535747915506
3.526032607713205
3.5250851972959936
3.5250851972959936
3.5244535747915506
3.5257168198004365
3.525401008548215
3.524769386043772
3.5250851972959936
3.524769386043772
3.524769362704319
3.524137763539329
3.524769386043772
3.525401008548215
3.524769386043772
3.5257167328982177
3.5250851972959936
3.525401008548215
3.5263484189654264
3.5257168198004365
3.5250851972959936
3.525085110393775
3.525401008548215
3.525401008548215
3.525401008548215
3.525401008548215
3.5257167964609835
3.5250851972959936
3.525400985208762
3.5257167328982177
3.524769386043772
3.524137763539329
3.525401008548215
3.524769386043772
3.5257167328982177
3.524769386043772
3.5238219522871077
3.524769362704319
3.5250851972959936
3.526032607713205
3.525401008548215
3.5257168198004365
3.524769386043772
3.525401008548215
3.525716669335452
3.5244535747915506
3.5250851972959936
3.5244535747915506
3.526032607713205
3.5250851972959936
3.5250851972959936
3.5257168198004365
3.5250851739565405
3.524769386043772
3.525401008548215
3.5244535747915506
3.5250851972959936
3.5244535747915506
3.5250851972959936
3.524137763539329
3.525400985208762
3.524769386043772
3.524769386043772
3.524769386043772
3.5257168198004365
3.5257167964609835
3.525085110393775
3.524137763539329
3.5257167964609835
3.5244535747915506
3.5250851972959936
3.5244535747915506
3.5257168198004365
3.5250851739565405
3.525400985208762
3.5250851972959936
3.5244535747915506
3.524769386043772
3.524769386043772
3.524769386043772
3.5244535747915506
3.5263484189654264
3.526032607713205
3.5250851972959936
3.524769386043772
3.525401008548215
3.5250851972959936
3.524137763539329
3.524769386043772
3.5250851972959936
3.525085110393775
3.5250851972959936
3.5244535747915506
3.5250851972959936
3.525401008548215
3.5238219522871077
3.525401008548215
3.526032631052658
3.5247692991415533
3.524769386043772
3.5257168198004365
3.524769386043772
3.5250851972959936
3.5244535747915506
3.525401008548215
3.5250851972959936
3.5257167964609835
3.525401008548215
3.525401008548215
3.525400985208762
3.5250851972959936
3.5244535747915506
3.5244535747915506
3.526032631052658
3.526032544150439
3.5254009216459963
3.525401008548215
3.526032607713205
3.5250851972959936
3.525401008548215
3.5244535514520976
3.5250851972959936
3.524769386043772
3.524137763539329
3.5250851972959936
3.5250851972959936
3.524137763539329
3.524137763539329
3.5250851739565405
3.525085110393775
3.524769386043772
3.5244535514520976
3.5250851972959936
3.5250851972959936
3.5244535747915506
3.5257168198004365
3.524137763539329
3.525400985208762
3.525401008548215
3.5250851739565405
3.5250851972959936
3.5235061410348862
3.5250851739565405
3.5257168198004365
3.526032631052658
3.524769362704319
3.524137763539329
3.5244535747915506
3.524137763539329
3.5244535747915506
3.5250851972959936
3.5257167964609835
3.524769386043772
3.524769386043772
3.5244535747915506
3.524769386043772
3.5266641030921164
3.525400985208762
3.524769386043772
3.5250851739565405
3.5250851972959936
3.5263484189654264
3.526032631052658
3.5244535747915506
3.524769362704319
3.524137763539329
3.5244535747915506
3.5250851972959936
3.524769386043772
3.524769386043772
3.5244535747915506
3.5263483554026607
3.524137763539329
3.525401008548215
3.523506117695433
3.5250851972959936
3.5257167964609835
3.5244535747915506
3.524769386043772
3.524769386043772
3.5244535747915506
3.5257168198004365
3.524769386043772
3.5244535747915506
3.5257167964609835
3.524769386043772
3.5244535747915506
3.524769386043772
3.5244535514520976
3.525401008548215
3.526032631052658
3.5244535514520976
3.524769386043772
3.525716669335452
3.524769362704319
3.5257168198004365
3.525400985208762
3.5244535747915506
3.525401008548215
3.524137763539329
3.526032631052658
3.5254009216459963
3.5244535747915506
3.524769386043772
3.524137763539329
3.524769386043772
3.5257168198004365
3.526032607713205
3.5257168198004365
3.5250851739565405
3.5244535747915506
3.525401008548215
3.5244535747915506
3.524769386043772
3.524769386043772
3.5244535747915506
3.525401008548215
3.525401008548215
3.5244535747915506
3.5263484189654264
3.5235061410348862
3.5250851972959936
3.5250851972959936
3.524137763539329
3.526032631052658
3.5257167964609835
3.5244535747915506
3.5238219522871077
3.5250851972959936
3.524769386043772
3.5250851972959936
3.525085046831009
3.5244535747915506
3.5250851972959936
3.524769386043772
3.524769386043772
3.5244535747915506
3.5257168198004365
3.525400985208762
3.524769362704319
3.524137763539329
3.5250851972959936
3.5250851972959936
3.525716669335452
3.524769386043772
3.524769386043772
3.524137763539329
3.5257167328982177
3.525401008548215
3.525401008548215
3.5257167964609835
3.525401008548215
3.524769386043772
3.525401008548215
3.524137740199876
3.526664230217648
3.5244535747915506
3.5250851739565405
3.5250851972959936
3.525401008548215
3.524137763539329
3.524769386043772
3.525716669335452
3.5250851972959936
3.524137763539329
3.5263483554026607
3.524769386043772
3.5257167328982177
3.5244535747915506
3.525401008548215
3.5250851972959936
3.5257168198004365
3.5250851972959936
3.525401008548215
3.525401008548215
3.524769362704319
3.5250851972959936
3.5238219522871077
3.5238219522871077
3.5244535747915506
3.524769386043772
3.5257168198004365
3.525401008548215
3.524769386043772
3.525401008548215
3.5244535747915506
3.524769362704319
3.5244535747915506
3.525401008548215
3.5244535747915506
3.5250851972959936
3.525401008548215
3.524769386043772
3.5257168198004365
3.525400985208762
3.5231903297826648
3.524769386043772
3.5238219522871077
3.525401008548215
3.5250851972959936
3.524769386043772
3.5257168198004365
3.525400985208762
3.524769386043772
3.525401008548215
3.525400985208762
3.524769386043772
3.5244535747915506
3.5250851972959936
3.524769386043772
3.5244535747915506
3.524769386043772
3.5250851972959936
3.5247692355787876
3.5257168198004365
3.5235061410348862
3.5254009216459963
3.5250851972959936
3.525400985208762
3.524453487889332
3.5250851972959936
3.5250851739565405
3.5257167964609835
3.5250851972959936
3.524137763539329
3.5250851972959936
3.526032607713205
3.5250851972959936
3.5250851972959936
3.525401008548215
3.5257168198004365
3.5250851972959936
3.5250851972959936
3.524769386043772
3.5250851972959936
3.524769386043772
3.5244535747915506
3.5250851972959936
3.524769386043772
3.524769386043772
3.5244535747915506
3.525401008548215
3.525401008548215
3.5250851739565405
3.526032631052658
3.5238219522871077
3.5244535747915506
3.5244535747915506
3.525400985208762
3.5244535747915506
3.5257168198004365
3.5257167328982177
3.5250851972959936
3.526032631052658
3.5244535747915506
3.524769386043772
3.5250851972959936
3.524137763539329
3.5250851972959936
3.525400985208762
3.5244535747915506
3.5250851972959936
3.5244535747915506
3.524137763539329
3.5250851972959936
3.524769362704319
3.5257168198004365
3.524769386043772
3.5241376766371104
3.5250851972959936
3.524769386043772
3.524137763539329
3.5250851972959936
3.5250851972959936
3.5250851739565405
3.5257168198004365
3.5244535747915506
3.524769386043772
3.524769386043772
3.5244535747915506
3.524769386043772
3.525400985208762
3.5263484189654264
3.525401008548215
3.524769362704319
3.524137763539329
3.5250851972959936
3.524137763539329
3.5244535747915506
3.524769362704319
3.524769362704319
3.524137763539329
3.5263483554026607
3.5250851972959936
3.525401008548215
3.5244535747915506
3.5250851972959936
3.5244535747915506
3.5238219522871077
3.5257167328982177
3.5244535747915506
3.525400985208762
3.5250851972959936
3.5257167964609835
3.524769386043772
3.5257168198004365
3.525400985208762
3.5263483554026607
3.5257168198004365
3.5244535747915506
3.5250851972959936
3.524769386043772
3.5250851739565405
3.5250851972959936
3.5250851972959936
3.5244535747915506
3.524137763539329
3.526032631052658
3.5244535747915506
3.5257168198004365
3.5244535747915506
3.5244535747915506
3.524769386043772
3.524769386043772
3.5250851739565405
3.525401008548215
3.524769386043772
3.5250851972959936
3.5257168198004365
3.5257167964609835
3.5250851972959936
3.5250851972959936
3.525401008548215
3.5250851972959936
3.5244535747915506
3.5244535747915506
3.5244535747915506
3.5250851739565405
3.525401008548215
3.525401008548215
3.5250851972959936
3.5244535747915506
3.526032607713205
3.524137763539329
3.5250851972959936
3.5257167964609835
3.5244535747915506
3.5244535747915506
3.5244535747915506
3.5244535747915506
3.5257168198004365
3.524137740199876
3.525401008548215
3.5244535747915506
3.525401008548215
3.5250851972959936
3.525400985208762
3.5250851739565405
3.524769386043772
3.5244535747915506
3.5250851972959936
3.524769386043772
3.525400985208762
3.524769386043772
3.5250851972959936
3.525401008548215
3.5257168198004365
3.525401008548215
3.5250851972959936
3.524769386043772
3.5250851972959936
3.5257168198004365
3.5244535747915506
3.5244535747915506
3.525401008548215
3.524769386043772
3.5257168198004365
3.5257168198004365
3.5250851972959936
3.5250851972959936
3.5244535747915506
3.524769386043772
3.524137763539329
3.5238219289476547
3.524769386043772
3.524769386043772
3.524769386043772
3.5257168198004365
3.524137740199876
3.524769386043772
3.5244535747915506
3.524137763539329
3.5257168198004365
3.524769386043772
3.524137763539329
3.525401008548215
3.5235061410348862
3.5250851972959936
3.5250851972959936
3.5244535747915506
3.524769386043772
3.5250851972959936
3.525401008548215
3.524769386043772
3.5244535747915506
3.525401008548215
3.526032631052658
3.525401008548215
3.5250851972959936
3.5244535747915506
3.5250851739565405
3.525401008548215
3.524769386043772
3.524769386043772
3.5250851739565405
3.5238219522871077
3.525401008548215
3.525401008548215
3.524769362704319
3.525401008548215
3.5250851972959936
3.524769386043772
3.5250851972959936
3.5244535747915506
3.525401008548215
3.5244535514520976
3.5250851972959936
3.5244535747915506
3.5238219522871077
3.526032631052658
3.5250851972959936
3.524769386043772
3.524769386043772
3.524769386043772
3.525401008548215
3.525401008548215
3.5250851972959936
3.5250851972959936
3.525400985208762
3.5254009216459963
3.5250851972959936
3.524137763539329
3.524769386043772
3.524769362704319
3.524137763539329
3.5257168198004365
3.525401008548215
3.5257167328982177
3.524769386043772
3.5250851972959936
3.5250851972959936
3.526032631052658
3.525400985208762
3.524769386043772
3.5250851972959936
3.5238219289476547
3.5244535747915506
3.5250851739565405
3.5250851972959936
3.5244535514520976
3.5250851739565405
3.525085110393775
3.5250851972959936
3.524769386043772
3.524769386043772
3.5238219522871077
3.5266641030921164
3.5244535747915506
3.524137763539329
3.5254009216459963
3.525401008548215
3.524769386043772
3.524137763539329
3.5263484189654264
3.5250851739565405
3.526664253557101
3.5250851739565405
3.524769386043772
3.526664253557101
3.5244535514520976
3.5257168198004365
3.525401008548215
3.525401008548215
3.524769386043772
3.5244535747915506
3.5250851972959936
3.524769386043772
3.5250851739565405
3.526032631052658
3.5250851739565405
3.524769386043772
3.5250851972959936
3.5238219522871077
3.5244535747915506
3.525401008548215
3.524769386043772
3.524137763539329
3.5250851972959936
3.5257167328982177
3.525401008548215
3.5250851972959936
3.524769386043772
3.525401008548215
3.525400985208762
3.524137763539329
3.5257168198004365
3.5250851739565405
3.5263484189654264
3.524769362704319
3.5250851972959936
3.525401008548215
3.524769386043772
3.5244535514520976
3.524769386043772
3.525401008548215
3.524137763539329
3.5244535514520976
3.525400985208762
3.524769386043772
3.5250851972959936
3.524769386043772
3.5250851739565405
3.5250851972959936
3.524769362704319
3.524769386043772
3.5250851972959936
3.5257167964609835
3.5244535747915506
3.5257168198004365
3.5250851739565405
3.5250851739565405
3.524769386043772
3.526032607713205
3.5263484189654264
3.5250851739565405
3.5244535514520976
3.524769362704319
3.5244535747915506
3.524137763539329
3.5238219522871077
3.5257167964609835
3.525400985208762
3.526032544150439
3.5250851739565405
3.5244535747915506
3.524137763539329
3.5244535514520976
3.524769386043772
3.5250851972959936
3.525401008548215
3.5238219522871077
3.524769386043772
3.524137763539329
3.5257168198004365
3.5244535747915506
3.5250851739565405
3.524769386043772
3.5244535747915506
3.524769386043772
3.524769386043772
3.525401008548215
3.524769362704319
3.5250851972959936
3.526032607713205
3.525401008548215
3.525401008548215
3.5244535747915506
3.5263484189654264
3.5250851972959936
3.5244535747915506
3.5250851972959936
3.5244535747915506
3.5244535514520976
3.524769386043772
3.525401008548215
3.5244535747915506
3.5250851972959936
3.5244535747915506
3.5244535747915506
3.525401008548215
3.5254008580832306
3.5250851972959936
3.5238219522871077
3.525401008548215
3.524769386043772
3.5257167964609835
3.524137763539329
3.5257168198004365
3.5250851972959936
3.5250851739565405
3.526032631052658
3.5250851739565405
3.5238219522871077
3.525401008548215
3.5244535747915506
3.5250851972959936
3.5257168198004365
3.524453487889332
3.524769386043772
3.524137763539329
3.526032544150439
3.5250851972959936
3.5244535747915506
3.524137763539329
3.5238219522871077
3.525400985208762
3.5244535747915506
3.524137763539329
3.5257167328982177
3.525401008548215
3.5244535747915506
3.5250851739565405
3.5244535747915506
3.524137763539329
3.524769386043772
3.5257168198004365
3.524769362704319
3.5257167328982177
3.524769386043772
3.5238219522871077
3.524769386043772
3.524769386043772
3.5244535747915506
3.5257168198004365
3.525401008548215
3.5244535747915506
3.526032607713205
3.5244535747915506
3.5257168198004365
3.525401008548215
3.5254009216459963
3.5257168198004365
3.524769386043772
3.524769386043772
3.524137763539329
3.5250851739565405
3.5244535747915506
3.5250851972959936
3.524769362704319
3.525401008548215
3.5244535747915506
3.524769362704319
3.525400985208762
3.524137763539329
3.524769386043772
3.525401008548215
3.5250851739565405
3.5250851972959936
3.5250851972959936
3.5250851972959936
3.524769386043772
3.525400985208762
3.5244535747915506
3.526032607713205
3.5244535747915506
3.525401008548215
3.524137763539329
3.524769386043772
3.524769386043772
3.525085110393775
3.524137763539329
3.5250851972959936
3.5244535747915506
3.524769386043772
3.5257167964609835
3.5257167964609835
3.524137763539329
3.524137763539329
3.525401008548215
3.5250851972959936
3.524769386043772
3.524137763539329
3.524769386043772
3.5244535747915506
3.5250851972959936
3.524769386043772
3.5250851972959936
3.524769386043772
3.5250851739565405
3.525401008548215
3.524137763539329
3.524769386043772
3.525400985208762
3.5257167328982177
3.5250851972959936
3.5250851972959936
3.5254009216459963
3.526032607713205
3.525400985208762
3.5244535747915506
3.524769386043772
3.5250851972959936
3.5250851972959936
3.525401008548215
3.524137763539329
3.5257168198004365
3.524137763539329
3.5250851972959936
3.5238219522871077
3.524137763539329
3.524769386043772
3.526032607713205
3.525400985208762
3.5250851972959936
3.5241376766371104
3.5250851972959936
3.524769386043772
3.5244535747915506
3.524769386043772
3.5244535747915506
3.5238219522871077
3.524769386043772
3.525400985208762
3.524769386043772
3.5244535747915506
3.5250851739565405
3.5257167964609835
3.5250851972959936
3.524137763539329
3.5244535747915506
3.524769386043772
3.525400985208762
3.5250851972959936
3.524769386043772
3.525401008548215
3.526032631052658
3.524137763539329
3.525401008548215
3.5244535747915506
3.525401008548215
3.5257167964609835
3.525400985208762
3.525401008548215
3.5257168198004365
3.524137740199876
3.524769386043772
3.5250851972959936
3.525401008548215
3.525401008548215
3.5244535747915506
3.5244535747915506
3.5244535747915506
3.525401008548215
3.5250851972959936
3.5250851972959936
3.5244535747915506
3.5257168198004365
3.5257167328982177
3.5257167964609835
3.5250851972959936
3.5250851972959936
3.5257167964609835
3.525401008548215
3.5250851972959936
3.5250851972959936
3.525401008548215
3.5244535747915506
3.5257168198004365
3.5250851972959936
3.524137763539329
3.5257168198004365
3.525400985208762
3.5244535747915506
3.5250851972959936
3.524769362704319
3.525400985208762
3.5250851972959936
3.524453487889332
3.5257167964609835
3.525401008548215
3.5250851972959936
3.5263484423048794
3.525401008548215
3.5257167964609835
3.525401008548215
3.524137763539329
3.524769362704319
3.5250851972959936
3.5244535747915506
3.5238219522871077
3.525400985208762
3.524137763539329
3.5257168198004365
3.5250851972959936
3.5250851739565405
3.5250851972959936
3.5250851972959936
3.5250851739565405
3.525401008548215
3.525401008548215
3.524137763539329
3.524769386043772
3.5250851972959936
3.5244535747915506
3.525401008548215
3.525400985208762
3.525401008548215
3.5244535747915506
3.5244535514520976
3.5250851972959936
3.525401008548215
3.524769362704319
3.524769386043772
3.524769386043772
3.5250851739565405
3.5250851739565405
3.525400985208762
3.5263484423048794
3.5257168198004365
3.5244535747915506
3.5244535747915506
3.5250851972959936
3.5244535747915506
3.525401008548215
3.5238219522871077
3.5244535747915506
3.5244535747915506
3.5244535747915506
3.5250851972959936
3.525401008548215
3.526032544150439
3.5244535747915506
3.5244535747915506
3.5238219522871077
3.5250851739565405
3.526032631052658
3.524769362704319
3.524769386043772
3.5250851972959936
3.5257167964609835
3.5244535747915506
3.5250851972959936
3.524137763539329
3.5244535747915506
3.5244535747915506
3.5250851739565405
3.5250851972959936
3.5250851972959936
3.5257168198004365
3.524769386043772
3.526032544150439
3.5244535747915506
3.525401008548215
3.5244535747915506
3.526032631052658
3.5257168198004365
3.5250851972959936
3.5250851972959936
3.5250851739565405
3.524137763539329
3.5257168198004365
3.5257167328982177
3.526032631052658
3.5250851972959936
3.5257167964609835
3.524769386043772
3.5244535747915506
3.5263484423048794
3.5257168198004365
3.5244535747915506
3.524137763539329
3.5257167328982177
3.5250851972959936
3.524137763539329
3.524137763539329
3.5250851972959936
3.5257168198004365
3.5250851739565405
3.5257168198004365
3.525400985208762
3.5244535747915506
3.5250851972959936
3.5244535747915506
3.524769386043772
3.5244535747915506
3.524769362704319
3.525401008548215
3.5244535747915506
3.5244535747915506
3.524769386043772
3.525400985208762
3.524769386043772
3.5244535747915506
3.5244535514520976
3.525401008548215
3.524769386043772
3.524137763539329
3.5250851972959936
3.525400985208762
3.5250851739565405
3.526032631052658
3.5257167964609835
3.5250851972959936
3.526032607713205
3.524769362704319
3.5235061410348862
3.5250851972959936
3.5250851972959936
3.5250851972959936
3.526032544150439
3.5238219522871077
3.5244535747915506
3.525400985208762
3.5244535747915506
3.524769362704319
3.5250851972959936
3.525401008548215
3.525400985208762
3.5257168198004365
3.5257167964609835
3.524137763539329
3.5244535747915506
3.524769362704319
3.524137763539329
3.525401008548215
3.524769362704319
3.5257167328982177
3.526032544150439
3.5244535747915506
3.5257167964609835
3.5235061410348862
3.524769386043772
3.524769386043772
3.5254009216459963
3.525401008548215
3.5257168198004365
3.524769386043772
3.525401008548215
3.5250851739565405
3.5244535747915506
3.5257168198004365
3.524769362704319
3.5250851972959936
3.5257168198004365
3.5257167964609835
3.5250851972959936
3.526032607713205
3.524137763539329
3.525401008548215
3.525085110393775
3.5238219522871077
3.5250851972959936
3.5244535747915506
3.5244535747915506
3.525401008548215
3.5244535747915506
3.525401008548215
3.524137763539329
3.524769386043772
3.526032607713205
3.524769386043772
3.5244535747915506
3.5257167964609835
3.525085046831009
3.5250851972959936
3.5257168198004365
3.524769386043772
3.524137763539329
3.5254009216459963
3.5250851972959936
3.5250851972959936
3.524137763539329
3.5250851972959936
3.525401008548215
3.525400985208762
3.525401008548215
3.524769386043772
3.5244535747915506
3.524769386043772
3.525400985208762
3.5250851972959936
3.526032631052658
3.5250851739565405
3.524769386043772
3.5250851972959936
3.525401008548215
3.5250851972959936
3.5244535514520976
3.5244535747915506
3.525401008548215
3.5257167328982177
3.5250851972959936
3.5238219522871077
3.5250851972959936
3.5250851972959936
3.525400985208762
3.5257168198004365
3.524769386043772
3.524769386043772
3.524769386043772
3.525401008548215
3.5244535747915506
3.524769386043772
3.5244535747915506
3.5250851972959936
3.524137763539329
3.524137740199876
3.5244535747915506
3.5238219522871077
3.524769386043772
3.524769386043772
3.5238219522871077
3.524137763539329
3.5244535747915506
3.524137763539329
3.526032631052658
3.525400985208762
3.5250851972959936
3.524769386043772
3.524769362704319
3.5250851972959936
3.525401008548215
3.5250851972959936
3.525401008548215
3.5257168198004365
3.524769362704319
3.5244535747915506
3.524769386043772
3.5238219522871077
3.524769386043772
3.5257168198004365
3.5231903297826648
3.524137763539329
3.5250851739565405
3.5250851972959936
3.5244535747915506
3.524769386043772
3.524769386043772
3.5250851972959936
3.5250851739565405
3.5257167964609835
3.524769386043772
3.525401008548215
3.525401008548215
3.5250851972959936
3.5257167328982177
3.5244535747915506
3.5250851972959936
3.524769386043772
3.525401008548215
3.5244535747915506
3.5244535747915506
3.525401008548215
3.5250851972959936
3.5244535747915506
3.5250851972959936
3.5250851972959936
3.5263484423048794
3.5244535747915506
3.5250851972959936
3.5257167964609835
3.526032631052658
3.524769362704319
3.525401008548215
3.5244535747915506
3.5257167964609835
3.525401008548215
3.5250851972959936
3.5244535747915506
3.5257168198004365
3.5250851972959936
3.5244535747915506
3.526032631052658
3.5250851972959936
3.5244535747915506
3.5250851972959936
3.524769362704319
3.5250851972959936
3.5244535747915506
3.5244535747915506
3.5244535747915506
3.5263484423048794
3.525400985208762
3.5231903297826648
3.525401008548215
3.5250851972959936
3.5250851972959936
3.524769386043772
3.5250851739565405
3.5250851972959936
3.525401008548215
3.5244535747915506
3.5257168198004365
3.5257168198004365
3.5263483554026607
3.524769386043772
3.5257167328982177
3.5238219522871077
3.5250851972959936
3.5257168198004365
3.5250851739565405
3.5250851972959936
3.525400985208762
3.5244535747915506
3.5244535747915506
3.5250851739565405
3.524769362704319
3.5250851972959936
3.5250851739565405
3.5257168198004365
3.525401008548215
3.5254009216459963
3.5254009216459963
3.5244535747915506
3.525400985208762
3.525401008548215
3.525401008548215
3.526032607713205
3.5244535747915506
3.524769386043772
3.5250851972959936
3.524769386043772
3.5238219522871077
3.5257168198004365
3.5244535747915506
3.5244535747915506
3.524769386043772
3.5250851739565405
3.5250851972959936
3.525401008548215
3.5250851972959936
3.5244535747915506
3.524769386043772
3.5244535747915506
3.524769386043772
3.525401008548215
3.525400985208762
3.525401008548215
3.5244535747915506
3.524769386043772
3.5263484423048794
3.5244535747915506
3.524137763539329
3.525400985208762
3.524769386043772
3.5250851739565405
3.5244535747915506
3.5250851972959936
3.524769362704319
3.5244535747915506
3.5250851972959936
3.525401008548215
3.524769386043772
3.526032631052658
3.526032607713205
3.525085110393775
3.5244535747915506
3.525400985208762
3.524769386043772
3.524137763539329
3.525401008548215
3.5250851972959936
3.5244535514520976
3.5244535747915506
3.5250851972959936
3.524769386043772
3.5250851972959936
3.524769386043772
3.5250851972959936
3.5250851972959936
3.524137763539329
3.525400985208762
3.526032631052658
3.5250851739565405
3.5250851972959936
3.5244535747915506
3.5250851972959936
3.524769386043772
3.524769386043772
3.5250851972959936
3.526032631052658
3.5257167328982177
3.5257168198004365
3.524769386043772
3.525401008548215
3.5250851972959936
3.525400985208762
3.5250851972959936
3.5250851972959936
3.5250851972959936
3.5244535747915506
3.524137763539329
3.525401008548215
3.5257168198004365
3.525085110393775
3.5244535747915506
3.5257168198004365
3.524137763539329
3.524769386043772
3.525400985208762
3.5238219522871077
3.524137763539329
3.5250851972959936
3.5250851972959936
3.525401008548215
3.5244535747915506
3.524137763539329
3.525401008548215
3.524769386043772
3.526664166654882
3.525400985208762
3.524769386043772
3.526664230217648
3.5250851972959936
3.5244535747915506
3.5257168198004365
3.5244535514520976
3.5263484189654264
3.524769386043772
3.5257167328982177
3.524769386043772
3.525401008548215
3.5238219289476547
3.5244535747915506
3.5244535747915506
3.524137763539329
3.524769386043772
3.524137763539329
3.5250851739565405
3.526032631052658
3.5260324805876735
3.5238219522871077
3.5254009216459963
3.5244535747915506
3.5257168198004365
3.526032607713205
3.524769386043772
3.525401008548215
3.5244535747915506
3.5244535747915506
3.5257168198004365
3.524769386043772
3.5250851972959936
3.525401008548215
3.5244535747915506
3.524769386043772
3.5250851739565405
3.524769386043772
3.5250851972959936
3.5244535747915506
3.525401008548215
3.5250851972959936
3.5257167328982177
3.5250851972959936
3.525401008548215
3.5244535747915506
3.525401008548215
3.5244535514520976
3.524137763539329
3.5235061410348862
3.524137763539329
3.5250851972959936
3.5250851972959936
3.524769362704319
3.525401008548215
3.5231903297826648
3.524769386043772
3.524769386043772
3.524769386043772
3.525401008548215
3.5244535514520976
3.524137763539329
3.524137763539329
3.5235061410348862
3.5257168198004365
3.5244535747915506
3.524769386043772
3.5250851972959936
3.524769386043772
3.5238219289476547
3.5250851972959936
3.524769386043772
3.524137763539329
3.5244535747915506
3.525401008548215
3.5250851739565405
3.5250851972959936
3.5257168198004365
3.524769386043772
3.5257168198004365
3.5250851739565405
3.524769386043772
3.5250851739565405
3.5250851739565405
3.5250851739565405
3.524769386043772
3.5250851972959936
3.524769386043772
3.525400985208762
3.5250851972959936
3.5244535747915506
3.5250851972959936
3.524769362704319
3.5257168198004365
3.5257168198004365
3.524769362704319
3.5244535747915506
3.5250851739565405
3.5244535747915506
3.526032607713205
3.524769386043772
3.525401008548215
3.525401008548215
3.5250851739565405
3.524137763539329
3.5257168198004365
3.5257167964609835
3.525401008548215
3.5257167964609835
3.525085110393775
3.5257168198004365
3.5250851972959936
3.5257167328982177
3.5250851972959936
3.5250851972959936
3.524769386043772
3.525401008548215
3.524137763539329
3.524769386043772
3.5250851972959936
3.524137740199876
3.5244535747915506
3.525401008548215
3.524137740199876
3.5250851972959936
3.5257168198004365
3.5250851972959936
3.5257168198004365
3.5238219522871077
3.525085110393775
3.5250851972959936
3.524137763539329
3.525401008548215
3.525401008548215
3.526664166654882
3.5244535747915506
3.5250851972959936
3.5238219522871077
3.524769362704319
3.526032607713205
3.525085110393775
3.524769386043772
3.524769386043772
3.524137763539329
3.5238219522871077
3.524769386043772
3.526348291839895
3.526032631052658
3.525401008548215
3.525400985208762
3.524769386043772
3.5250851739565405
3.525400985208762
3.5257168198004365
3.5250851739565405
3.526032607713205
3.524769386043772
3.524137763539329
3.5244535747915506
3.5250851972959936
3.524769386043772
3.525401008548215
3.5250851972959936
3.525716669335452
3.5250851972959936
3.525716669335452
3.525401008548215
3.524769386043772
3.524769386043772
3.524769386043772
3.525401008548215
3.5250851739565405
3.524769386043772
3.524769386043772
3.524769386043772
3.5244535747915506
3.524137763539329
3.5238219522871077
3.524769386043772
3.524137740199876
3.5250851972959936
3.5244535747915506
3.5257168198004365
3.5250851972959936
3.5257167964609835
3.524769386043772
3.5257168198004365
3.524769362704319
3.5250851972959936
3.5250851972959936
3.5254009216459963
3.524769386043772
3.5250851972959936
3.525401008548215
3.5250851972959936
3.5250851739565405
3.524769386043772
3.524769386043772
3.5244535514520976
3.5250851972959936
3.5244535747915506
3.525401008548215
3.525401008548215
3.5238219522871077
3.524769386043772
3.524769386043772
3.524769386043772
3.524137763539329
3.5254009216459963
3.524769362704319
3.524769386043772
3.5250851972959936
3.524769386043772
3.5250851739565405
3.5238219522871077
3.5244535747915506
3.5238219522871077
3.525401008548215
3.5250851972959936
3.525085110393775
3.5238219522871077
3.524769386043772
3.526032607713205
3.5250851972959936
3.5250851972959936
3.5257168198004365
3.525401008548215
3.524137763539329
3.5250851972959936
3.5244535747915506
3.5257168198004365
3.5263484189654264
3.5250851972959936
3.525400985208762
3.525401008548215
3.5244535514520976
3.5231903297826648
3.5250851972959936
3.5250851972959936
3.5250851972959936
3.5250851972959936
3.5250851972959936
3.525401008548215
3.5244535514520976
3.5250851972959936
3.525400985208762
3.5250851972959936
3.5257168198004365
3.5250851739565405
3.5257168198004365
3.524769386043772
3.524769386043772
3.5244535747915506
3.525400985208762
3.5257168198004365
3.5250851972959936
3.524769386043772
3.5257168198004365
3.5250851972959936
3.5250851739565405
3.5257168198004365
3.5257167964609835
3.5250851972959936
3.5250851972959936
3.525401008548215
3.525400985208762
3.524769386043772
3.5241376766371104
3.524769362704319
3.5244535747915506
3.5244535747915506
3.5244535514520976
3.5250851972959936
3.5254009216459963
3.5263484423048794
3.524769386043772
3.5254009216459963
3.5250851972959936
3.5244535747915506
3.5244535747915506
3.525401008548215
3.524137763539329
3.5244535747915506
3.5254009216459963
3.524769386043772
3.525400985208762
3.5238219522871077
3.5244535747915506
3.525401008548215
3.5244535514520976
3.5250851972959936
3.524769386043772
3.5244535747915506
3.525400985208762
3.524137763539329
3.526032607713205
3.525401008548215
3.5244535747915506
3.524769386043772
3.524769386043772
3.524769386043772
3.5250851972959936
3.5250851972959936
3.5257167964609835
3.5257168198004365
3.524137763539329
3.525400985208762
3.5231903297826648
3.524769362704319
3.5244535747915506
3.524769362704319
3.524769386043772
3.524137763539329
3.5241376766371104
3.5250851972959936
3.525401008548215
3.5247692991415533
3.524769386043772
3.5250851972959936
3.525401008548215
3.525401008548215
3.524137740199876
3.525401008548215
3.526032631052658
3.5250851739565405
3.525401008548215
3.524137763539329
3.5250851739565405
3.524769386043772
3.524137763539329
3.524769386043772
3.524769386043772
3.5235061410348862
3.5244535747915506
3.524769386043772
3.524769386043772
3.5244535747915506
3.526032631052658
3.5257167964609835
3.5250851972959936
3.5250851972959936
3.525085110393775
3.525401008548215
3.525716669335452
3.524769386043772
3.5250851972959936
3.5250851739565405
3.5244535747915506
3.525401008548215
3.524769386043772
3.524137763539329
3.524769386043772
3.526032631052658
3.5250851972959936
3.525401008548215
3.524769386043772
3.5263484189654264
3.5266641030921164
3.5250851972959936
3.524769386043772
3.5250851739565405
3.525401008548215
3.5257167964609835
3.524769386043772
3.526032631052658
3.5250851972959936
3.525400985208762
3.524769386043772
3.5244535747915506
3.524769386043772
3.524769386043772
3.524769362704319
3.525401008548215
3.5257168198004365
3.5254009216459963
3.5254009216459963
3.5250851972959936
3.5235061410348862
3.5244535747915506
3.524769386043772
3.524769386043772
3.5238219522871077
3.524769386043772
3.524769362704319
3.5231903297826648
3.5257168198004365
3.5244535747915506
3.5238219522871077
3.5244535747915506
3.525401008548215
3.5257168198004365
3.5250851972959936
3.5257167964609835
3.5244535747915506
3.5244535747915506
3.5257168198004365
3.525401008548215
3.5235061410348862
3.524769386043772
3.5250851972959936
3.524769362704319
3.524137763539329
3.5250851972959936
3.526032607713205
3.524769386043772
3.525400985208762
3.5250851739565405
3.5250851972959936
3.524769386043772
3.5250851972959936
3.524769386043772
3.525400985208762
3.5244535747915506
3.5257167964609835
3.5257167328982177
3.524769386043772
3.5257167964609835
3.524137763539329
3.524769386043772
3.524137763539329
3.525401008548215
3.525400985208762
3.526032607713205
3.5244535747915506
3.5244535747915506
3.524769386043772
3.5244535747915506
3.5250851739565405
3.525401008548215
3.5250851739565405
3.5250851972959936
3.5250851972959936
3.524769386043772
3.5244535747915506
3.5244535747915506
3.5263483554026607
3.5244535747915506
3.5250851972959936
3.524769386043772
3.5257168198004365
3.525400985208762
3.524769386043772
3.5257168198004365
3.5244535747915506
3.524137763539329
3.525400985208762
3.5254009216459963
3.5244535747915506
3.5250851972959936
3.5250851972959936
3.525401008548215
3.5257167964609835
3.5250851972959936
3.525401008548215
3.524769362704319
3.5257168198004365
3.526032544150439
3.525401008548215
3.5257168198004365
3.524769386043772
3.5235061410348862
3.5250851972959936
3.5244535514520976
3.5257167328982177
3.5250851972959936
3.5238219522871077
3.5238219522871077
3.524769386043772
3.524769386043772
3.524769386043772
3.5244535747915506
3.526032631052658
3.524769362704319
3.525400985208762
3.5244535747915506
3.524769386043772
3.5257168198004365
3.5244535747915506
3.524769386043772
3.5250851972959936
3.525400985208762
3.524769386043772
3.524137763539329
3.524769386043772
3.526032631052658
3.525400985208762
3.5250851972959936
3.5250851972959936
3.5250851739565405
3.525401008548215
3.524769386043772
3.5257168198004365
3.5238219522871077
3.525400985208762
3.525085110393775
3.5257168198004365
3.525401008548215
3.5254009216459963
3.524769386043772
3.5244535747915506
3.5263484189654264
3.5250851972959936
3.525401008548215
3.525401008548215
3.5263484189654264
3.5247692991415533
3.5263484423048794
3.526032607713205
3.524769362704319
3.5250851972959936
3.524769386043772
3.5250851972959936
3.5250851972959936
3.524769386043772
3.524769386043772
3.5244535514520976
3.5244535747915506
3.5250851972959936
3.5244535747915506
3.5257167964609835
3.5250851972959936
3.5235061410348862
3.525401008548215
3.524769386043772
3.525400985208762
3.525401008548215
3.524769386043772
3.5250851972959936
3.5250851972959936
3.524769386043772
3.5250851972959936
3.525401008548215
3.524769386043772
3.526032607713205
3.524137763539329
3.5250851972959936
3.5257168198004365
3.524769386043772
3.524769386043772
3.525401008548215
3.5244535747915506
3.5244535747915506
3.5250851972959936
3.5250851972959936
3.524769386043772
3.524769386043772
3.524137740199876
3.5250851972959936
3.5231903297826648
3.5250851972959936
3.5257168198004365
3.524137763539329
3.5238219522871077
3.524769386043772
3.5228745185304433
3.5257168198004365
3.5257167964609835
3.5257167964609835
3.5250851972959936
3.5244535747915506
3.5244535747915506
3.524769386043772
3.524137763539329
3.524769386043772
3.5250851972959936
3.525716669335452
3.5244535747915506
3.5250851972959936
3.5244535747915506
3.525401008548215
3.5244535747915506
3.524769386043772
3.5250851972959936
3.524769386043772
3.5250851739565405
3.5244535747915506
3.525400985208762
3.524769386043772
3.524769386043772
3.5244535514520976
3.5244535747915506
3.5257167964609835
3.5244535747915506
3.524769386043772
3.524137763539329
3.5257167964609835
3.5250851972959936
3.524769386043772
3.5235061410348862
3.5244535747915506
3.524137763539329
3.524769386043772
3.524769386043772
3.524769362704319
3.5244535747915506
3.525401008548215
3.5250851739565405
3.525401008548215
3.524769386043772
3.5244535747915506
3.5238219522871077
3.524769386043772
3.5250851972959936
3.526032631052658
3.524769386043772
3.5250851739565405
3.5257168198004365
3.525400985208762
3.524769386043772
3.5257168198004365
3.524769386043772
3.5257168198004365
3.526664166654882
3.5244535747915506
3.5244535747915506
3.5250851972959936
3.524769386043772
3.5250851739565405
3.524137763539329
3.525401008548215
3.524769386043772
3.5247692991415533
3.5250851972959936
3.525401008548215
3.524137763539329
3.524137763539329
3.524137763539329
3.524769386043772
3.524769386043772
3.5260324805876735
3.524137740199876
3.526664230217648
3.525401008548215
3.524769386043772
3.525401008548215
3.5250851972959936
3.524769386043772
3.524769386043772
3.5244535514520976
3.524769386043772
3.5250851972959936
3.524137763539329
3.525401008548215
3.5244535747915506
3.524769386043772
3.524769386043772
3.526032607713205
3.5254009216459963
3.525401008548215
3.5244535514520976
3.5244535747915506
3.5250851972959936
3.5244535747915506
3.5244535747915506
3.524769386043772
3.525085046831009
3.525401008548215
3.5244535747915506
3.524137763539329
3.524769386043772
3.524137763539329
3.5257167328982177
3.5257168198004365
3.5238219522871077
3.5244535747915506
3.5250851972959936
3.5250851972959936
3.524137763539329
3.524137740199876
3.5244535747915506
3.524769386043772
3.5250851739565405
3.524769386043772
3.524769386043772
3.524769362704319
3.5250851972959936
3.525400985208762
3.524769362704319
3.5257168198004365
3.525401008548215
3.525400985208762
3.5250851972959936
3.5250851972959936
3.526032631052658
3.525400985208762
3.525401008548215
3.5235061410348862
3.5260324805876735
3.5263484423048794
3.524137763539329
3.5257167328982177
3.5250851972959936
3.524769386043772
3.5250851972959936
3.5250851972959936
3.524769386043772
3.5250851972959936
3.5257168198004365
3.526032544150439
3.5257168198004365
3.524769362704319
3.5250851972959936
3.5257168198004365
3.5244535747915506
3.5244535747915506
3.5257168198004365
3.5254008580832306
3.5244535747915506
3.5250851972959936
3.525400985208762
3.526664230217648
3.5244535747915506
3.525401008548215
3.5244535747915506
3.5257167964609835
3.524769386043772
3.5244535747915506
3.5250851972959936
3.524769386043772
3.5257167964609835
3.525400985208762
3.524769386043772
3.5250851739565405
3.525401008548215
3.5250851972959936
3.5244535747915506
3.526032631052658
3.5250851739565405
3.5250851972959936
3.524769386043772
3.5244535747915506
3.526032607713205
3.524769386043772
3.524137763539329
3.5244535747915506
3.525400985208762
3.5257167964609835
3.5244535747915506
3.524769386043772
3.526032631052658
3.5244535747915506
3.5244535747915506
3.525401008548215
3.5250851739565405
3.5250851972959936
3.524769386043772
3.524769386043772
3.525401008548215
3.524769386043772
3.5257168198004365
3.5257168198004365
3.526348291839895
3.5250851972959936
3.524769386043772
3.5257167964609835
3.5250851972959936
3.524137740199876
3.524769386043772
3.524769386043772
3.5244535514520976
3.5250851972959936
3.5250851972959936
3.5257167964609835
3.524769386043772
3.525400985208762
3.5250851739565405
3.5250851972959936
3.5250851739565405
3.525401008548215
3.525401008548215
3.5244535747915506
3.5257168198004365
3.525401008548215
3.5235061410348862
3.5257168198004365
3.524769386043772
3.525400985208762
3.5250851972959936
3.5257167964609835
3.524769386043772
3.525400985208762
3.525401008548215
3.525401008548215
3.525401008548215
3.524769386043772
3.5250851972959936
3.524137763539329
3.5244535747915506
3.5250851972959936
3.5250851972959936
3.524137763539329
3.525401008548215
3.5244535747915506
3.525401008548215
3.524137763539329
3.525401008548215
3.524769386043772
3.5250851739565405
3.5244535747915506
3.524769386043772
3.525400985208762
3.526032631052658
3.5244535747915506
3.5244535747915506
3.5238219522871077
3.524769386043772
3.5244535747915506
3.5257166057726863
3.5250851972959936
3.525401008548215
3.524137763539329
3.5250851972959936
3.524769362704319
3.5250851972959936
3.525401008548215
3.524137763539329
3.524137763539329
3.5244535747915506
3.525400985208762
3.524769386043772
3.5247692991415533
3.5238219522871077
3.526032631052658
3.525401008548215
3.5257168198004365
3.526032607713205
3.526032607713205
3.524769386043772
3.524137763539329
3.524769386043772
3.525401008548215
3.5250851739565405
3.525401008548215
3.525401008548215
3.5250851739565405
3.525400985208762
3.5244535747915506
3.5235061410348862
3.525401008548215
3.5244535747915506
3.5238219522871077
3.525401008548215
3.525401008548215
3.5257167964609835
3.524769386043772
3.5250851739565405
3.5244535747915506
3.525401008548215
3.524769362704319
3.525401008548215
3.5250851972959936
3.5238219522871077
3.524769386043772
3.5244535514520976
3.5238219522871077
3.5263484423048794
3.5250851739565405
3.524769386043772
3.5250851739565405
3.524769386043772
3.524769386043772
3.5250851972959936
3.5250851739565405
3.5250851972959936
3.5250851739565405
3.5244535747915506
3.524769386043772
3.5254008580832306
3.524769386043772
3.5257168198004365
3.524137763539329
3.524769386043772
3.5250851739565405
3.5244535747915506
3.524769386043772
3.5244535747915506
3.5244535747915506
3.524137763539329
3.526032607713205
3.524769386043772
3.5250851972959936
3.524769362704319
3.525401008548215
3.526032631052658
3.5250851972959936
3.524769386043772
3.5257167964609835
3.525085110393775
3.525401008548215
3.5257167964609835
3.524769386043772
3.5257168198004365
3.5244535747915506
3.524137763539329
3.525401008548215
3.5244535747915506
3.5250851739565405
3.5250851972959936
3.5250851972959936
3.5257168198004365
3.5257167964609835
3.5244535747915506
3.524137763539329
3.5257168198004365
3.5250851972959936
3.5250851972959936
3.5250851972959936
3.5250851972959936
3.5238219522871077
3.5257168198004365
3.5250851972959936
3.524769386043772
3.5250851739565405
3.525401008548215
3.5263484189654264
3.5254009216459963
3.5250851972959936
3.524137763539329
3.524769386043772
3.5257168198004365
3.526032607713205
3.5250851972959936
3.5257168198004365
3.5250851972959936
3.526664166654882
3.5250851972959936
3.5250851972959936
3.5250851972959936
3.5250851972959936
3.525400985208762
3.524769386043772
3.524137763539329
3.524137763539329
3.525401008548215
3.5250851972959936
3.5244535747915506
3.5250851972959936
3.5250851972959936
3.5250851972959936
3.524769386043772
3.5250851972959936
3.5257168198004365
3.5250851972959936
3.524769386043772
3.5250851739565405
3.524769386043772
3.5250851739565405
3.5250851739565405
3.5250851972959936
3.5250851739565405
3.5244535747915506
3.525401008548215
3.5254009216459963
3.524769386043772
3.5238219522871077
3.524769386043772
3.525401008548215
3.526032631052658
3.5244535747915506
3.524769386043772
3.5244535747915506
3.524769386043772
3.524769386043772
3.5244535747915506
3.525401008548215
3.524769362704319
3.525400985208762
3.5250851972959936
3.524769386043772
3.524769386043772
3.525400985208762
3.526032607713205
3.525401008548215
3.5257167964609835
3.525401008548215
3.5260324805876735
3.524769386043772
3.5257168198004365
3.524769362704319
3.5244535747915506
3.524769386043772
3.526032631052658
3.526032607713205
3.5244535747915506
3.524769386043772
3.5244535747915506
3.5235061410348862
3.524769386043772
3.5244535747915506
3.5250851972959936
3.5250851972959936
3.5250851972959936
3.5257167964609835
3.5257168198004365
3.525085110393775
3.524769386043772
3.5250851972959936
3.5244535747915506
3.5250851972959936
3.524769362704319
3.5250851972959936
3.525401008548215
3.5250851739565405
3.5257167964609835
3.5250851972959936
3.524137763539329
3.5244535747915506
3.5238219522871077
3.524137763539329
3.525401008548215
3.5254009216459963
3.5257168198004365
3.525400985208762
3.5250851739565405
3.525401008548215
3.524769386043772
3.5238219289476547
3.5257168198004365
3.5257167964609835
3.525716669335452
3.525401008548215
3.5244535747915506
3.524769386043772
3.5244535747915506
3.525085110393775
3.524137763539329
3.525401008548215
3.5250851739565405
3.525401008548215
3.525400985208762
3.5250851972959936
3.5250851972959936
3.5244535747915506
3.5244535747915506
3.526032631052658
3.525716669335452
3.5250851972959936
3.5257167964609835
3.525400985208762
3.525401008548215
3.525400985208762
3.5244535747915506
3.525401008548215
3.525085110393775
3.524769386043772
3.5244535747915506
3.5244535747915506
3.5257168198004365
3.5257167328982177
3.5244535747915506
3.5257168198004365
3.525400985208762
3.525401008548215
3.5250851972959936
3.5257168198004365
3.5250851972959936
3.524769386043772
3.525401008548215
3.524769386043772
3.5250851739565405
3.5257168198004365
3.524769386043772
3.524137763539329
3.5257168198004365
3.5250851972959936
3.5247692991415533
3.5238219522871077
3.524769386043772
3.5238219522871077
3.5250851972959936
3.525400985208762
3.5244535747915506
3.525401008548215
3.524769362704319
3.524769386043772
3.5254009216459963
3.5244535747915506
3.5244535747915506
3.5250851972959936
3.524769386043772
3.5250851972959936
3.5257167328982177
3.524769386043772
3.5257167328982177
3.5244535747915506
3.5250851972959936
3.524769386043772
3.5257167964609835
3.5250851972959936
3.5250851739565405
3.524769386043772
3.5257168198004365
3.5250851739565405
3.5257168198004365
3.5257168198004365
3.5244535747915506
3.525401008548215
3.5257167964609835
3.526032607713205
3.5250851972959936
3.5238219522871077
3.524769362704319
3.5257168198004365
3.5244535514520976
3.524769386043772
3.5238219522871077
3.5250851739565405
3.525401008548215
3.524769386043772
3.5250851739565405
3.5250851972959936
3.524137763539329
3.524769386043772
3.5244535747915506
3.525401008548215
3.5244535747915506
3.526664166654882
3.5250851739565405
3.5250851739565405
3.5244535747915506
3.5250851739565405
3.5257167964609835
3.525401008548215
3.526032544150439
3.524769386043772
3.526032631052658
3.5247692991415533
3.5244535747915506
3.5250851739565405
3.526032607713205
3.5250851972959936
3.5244535747915506
3.5257168198004365
3.525401008548215
3.524769386043772
3.5244535747915506
3.524137763539329
3.524137763539329
3.524769386043772
3.5250851972959936
3.525400985208762
3.5244535747915506
3.524769386043772
3.5254009216459963
3.5244535747915506
3.525401008548215
3.5250851972959936
3.5257168198004365
3.525401008548215
3.524769386043772
3.524769386043772
3.5244535747915506
3.5250851739565405
3.524769386043772
3.5263484189654264
3.5250851972959936
3.5250851972959936
3.5254009216459963
3.524769362704319
3.524137763539329
3.5250851972959936
3.526032607713205
3.5257168198004365
3.5244535747915506
3.5257167964609835
3.526032631052658
3.5250851972959936
3.524769386043772
3.524137763539329
3.5241376130743447
3.524769386043772
3.524137763539329
3.524769386043772
3.5250851972959936
3.5257167964609835
3.5250851972959936
3.524137763539329
3.5244535747915506
3.5250851972959936
3.525400985208762
3.5244535747915506
3.524769386043772
3.525401008548215
3.5250851972959936
3.525401008548215
3.5250851739565405
3.524769386043772
3.524769386043772
3.524769386043772
3.524769386043772
3.524769386043772
3.525401008548215
3.5238219522871077
3.5238219522871077
3.5238219522871077
3.5257167964609835
3.525401008548215
3.5250851972959936
3.524769386043772
3.5250851972959936
3.525401008548215
3.5238219289476547
3.524769386043772
3.525400985208762
3.524769386043772
3.5250851972959936
3.526032607713205
3.5244535747915506
3.5244535747915506
3.5244535747915506
3.5250851972959936
3.5250851972959936
3.525400985208762
3.5244535747915506
3.524137763539329
3.5244535747915506
3.5250851972959936
3.525716669335452
3.525401008548215
3.5250851972959936
3.525400985208762
3.5257168198004365
3.526032631052658
3.524769362704319
3.526032631052658
3.526032544150439
3.5250851972959936
3.525401008548215
3.5244535747915506
3.524769386043772
3.524769386043772
3.5244535747915506
3.525401008548215
3.524769362704319
3.525400985208762
3.524769386043772
3.524769386043772
3.524137763539329
3.524769386043772
3.5235061410348862
3.5257168198004365
3.5238219522871077
3.524769386043772
3.5238219522871077
3.524769386043772
3.5250851972959936
3.5238219522871077
3.5250851972959936
3.5257168198004365
3.5244535747915506
3.524769386043772
3.5250851972959936
3.524769386043772
3.5250851972959936
3.5254009216459963
3.524769386043772
3.5250851972959936
3.526032607713205
3.5250851972959936
3.524769362704319
3.5235061410348862
3.526032607713205
3.525400985208762
3.525401008548215
3.524137763539329
3.524137763539329
3.5244535747915506
3.5250851739565405
3.5238219522871077
3.524769386043772
3.524769386043772
3.524769386043772
3.526032631052658
3.525716669335452
3.5257167964609835
3.524769386043772
3.524137740199876
3.524769386043772
3.524137763539329
3.5250851739565405
3.525401008548215
3.525400985208762
3.5257168198004365
3.526032631052658
3.5244535747915506
3.5263484189654264
3.524137763539329
3.524137763539329
3.5250851972959936
3.5257167328982177
3.5244535747915506
3.5250851972959936
3.525400985208762
3.5257168198004365
3.526032607713205
3.524769386043772
3.524769386043772
3.524137763539329
3.524137763539329
3.524769386043772
3.524137740199876
3.525401008548215
3.5257167964609835
3.5250851739565405
3.5244535747915506
3.524769362704319
3.524137763539329
3.524769362704319
3.525400985208762
3.5250851972959936
3.5257167964609835
3.5257167964609835
3.525401008548215
3.5235061410348862
3.5244535747915506
3.5250851972959936
3.524769386043772
3.524769386043772
3.525401008548215
3.524769386043772
3.5244535747915506
3.5244535747915506
3.524769386043772
3.5257168198004365
3.5257167964609835
3.5257167964609835
3.5257168198004365
3.5250851972959936
3.526032631052658
3.525085110393775
3.525401008548215
3.525401008548215
3.5238219522871077
3.5250851972959936
3.5250851972959936
3.5238219522871077
3.525401008548215
3.524137763539329
3.5250851972959936
3.525401008548215
3.524769386043772
3.524137763539329
3.524137763539329
3.524137763539329
3.525401008548215
3.5250851972959936
3.524137763539329
3.5244535747915506
3.524137763539329
3.524137763539329
3.5244535747915506
3.5254009216459963
3.5250851972959936
3.5244535747915506
3.524137763539329
3.524769386043772
3.526032607713205
3.5250851972959936
3.525401008548215
3.524769386043772
3.5244535747915506
3.524769386043772
3.5244535747915506
3.5250851739565405
3.5244535747915506
3.5231903297826648
3.5244535747915506
3.5250851972959936
3.5257167964609835
3.5257168198004365
3.524769386043772
3.524769386043772
3.526032631052658
3.5244535514520976
3.525401008548215
3.525401008548215
3.524137763539329
3.5257168198004365
3.5250851972959936
3.5250851972959936
3.5250851972959936
3.525400985208762
3.5250851972959936
3.526032631052658
3.5250851739565405
3.525400985208762
3.525401008548215
3.524769386043772
3.524769386043772
3.5250851972959936
3.5244535747915506
3.524769386043772
3.5250851972959936
3.5244535747915506
3.5250851972959936
3.525401008548215
3.525085110393775
3.524137763539329
3.525401008548215
3.524769386043772
3.524769386043772
3.524769386043772
3.5257167964609835
3.5250851972959936
3.5257168198004365
3.5250851739565405
3.5244535747915506
3.524137763539329
3.526032607713205
3.5257168198004365
3.525401008548215
3.5244535747915506
3.5244535747915506
3.524137763539329
3.525401008548215
3.5250851972959936
3.5244535747915506
3.524137763539329
3.525401008548215
3.524137763539329
3.5250851972959936
3.524769386043772
3.525400985208762
3.525401008548215
3.5250851739565405
3.524769386043772
3.5244535747915506
3.5250851739565405
3.5244535747915506
3.5250851972959936
3.5244535747915506
3.5257168198004365
3.5250851972959936
3.526032631052658
3.525401008548215
3.524137763539329
3.525400985208762
3.5263484423048794
3.5247692991415533
3.5250851972959936
3.5250851739565405
3.524137763539329
3.524769386043772
3.524769386043772
3.525401008548215
3.5257168198004365
3.5238219522871077
3.5250851972959936
3.524769386043772
3.524769386043772
3.5250851972959936
3.5244535514520976
3.5244535747915506
3.5250851972959936
3.5254009216459963
3.525401008548215
3.5257168198004365
3.525401008548215
3.524769386043772
3.525400985208762
3.524769386043772
3.5244535747915506
3.5244535514520976
3.525401008548215
3.524137763539329
3.5257168198004365
3.5250851972959936
3.5257167328982177
3.5250851739565405
3.525401008548215
3.525400985208762
3.525401008548215
3.5244535747915506
3.5254009216459963
3.5244535747915506
3.524769386043772
3.524769386043772
3.5238219522871077
3.525085110393775
3.526032631052658
3.5244535747915506
3.5250851739565405
3.5257168198004365
3.5244535747915506
3.5257167964609835
3.524137763539329
3.5250851739565405
3.525401008548215
3.5244535747915506
3.5250851972959936
3.5244535747915506
3.5244535514520976
3.524769386043772
3.5250851972959936
3.524769386043772
3.525401008548215
3.5250851972959936
3.526032607713205
3.5250851739565405
3.5244535747915506
3.5257168198004365
3.524769362704319
3.524769362704319
3.5244535747915506
3.524769362704319
3.5250851972959936
3.5244535747915506
3.5244535747915506
3.5257168198004365
3.5244535747915506
3.5231903297826648
3.5244535747915506
3.5244535747915506
3.5250851972959936
3.524769386043772
3.5238219522871077
3.5250851972959936
3.5250851972959936
3.524137763539329
3.5238219522871077
3.5250851972959936
3.5250851972959936
3.5244535747915506
3.524137763539329
3.5257168198004365
3.5250851972959936
3.5250851739565405
3.5257168198004365
3.5263484189654264
3.524769386043772
3.5257168198004365
3.5250851739565405
3.5244535747915506
3.525401008548215
3.5250851739565405
3.524769386043772
3.525400985208762
3.524137763539329
3.525400985208762
3.524137763539329
3.525401008548215
3.5244535747915506
3.524453487889332
3.524137763539329
3.524769386043772
3.5244535747915506
3.5235061410348862
3.5244535747915506
3.524769386043772
3.5250851972959936
3.5238219522871077
3.524137763539329
3.526032631052658
3.5250851972959936
3.5257168198004365
3.524769362704319
3.524137763539329
3.524137763539329
3.524137763539329
3.524137763539329
3.524769386043772
3.525401008548215
3.5257168198004365
3.524137763539329
3.5250851739565405
3.525401008548215
3.5244535514520976
3.5250851972959936
3.524769386043772
3.525085110393775
3.524137763539329
3.5250851972959936
3.5244535747915506
3.5257168198004365
3.5263483554026607
3.5238219522871077
3.5250851972959936
3.526032544150439
3.525716669335452
3.5244535747915506
3.524137763539329
3.526032544150439
3.5244535747915506
3.525085110393775
3.5244535747915506
3.5244535747915506
3.5244535747915506
3.524137763539329
3.5250851972959936
3.5257167964609835
3.5250851972959936
3.5244535514520976
3.5250851972959936
3.5250851972959936
3.524769362704319
3.524769386043772
3.5250851739565405
3.5250851739565405
3.5250851972959936
3.5244535747915506
3.5244535747915506
3.526032631052658
3.525400985208762
3.5235061410348862
3.524137763539329
3.5244535747915506
3.525401008548215
3.522558707278222
3.5250851739565405
3.5244535747915506
3.5250851972959936
3.5257167328982177
3.5250851972959936
3.5250851739565405
3.5244535747915506
3.525401008548215
3.525085046831009
3.524137763539329
3.525401008548215
3.5244535747915506
3.5250851739565405
3.524769386043772
3.524769386043772
3.5257168198004365
3.525401008548215
3.525401008548215
3.5250851972959936
3.525401008548215
3.524769386043772
3.524769386043772
3.5244535747915506
3.524769386043772
3.524137763539329
3.524769362704319
3.5244535747915506
3.5244535747915506
3.524769386043772
3.525401008548215
3.525400985208762
3.5250851972959936
3.526032607713205
3.5250851739565405
3.5250851972959936
3.5235061410348862
3.524137763539329
3.5244535747915506
3.524769386043772
3.524137763539329
3.524137763539329
3.525401008548215
3.524769386043772
3.524137763539329
3.5244535747915506
3.524137763539329
3.5250851972959936
3.5250851739565405
3.5244535747915506
3.524769386043772
3.524769386043772
3.5250851739565405
3.524137763539329
3.5244535747915506
3.524769386043772
3.5257168198004365
3.5257167328982177
3.524769386043772
3.5238219522871077
3.5244535747915506
3.524769362704319
3.524769386043772
3.5250851739565405
3.5250851972959936
3.5244535747915506
3.5244535747915506
3.5244535747915506
3.5263484423048794
3.5238219522871077
3.5244535747915506
3.5250851739565405
3.5244535747915506
3.525401008548215
3.524769362704319
3.526032607713205
3.525401008548215
3.524769386043772
3.5250851972959936
3.5263484423048794
3.5250851739565405
3.524769386043772
3.525401008548215
3.5244535747915506
3.5257168198004365
3.5257167964609835
3.5238219522871077
3.525401008548215
3.524769362704319
3.5257168198004365
3.5250851972959936
3.5250851739565405
3.5257168198004365
3.524769386043772
3.524769386043772
3.5244535747915506
3.5244535747915506
3.5250851972959936
3.5244535747915506
3.5244535747915506
3.5250851972959936
3.524137763539329
3.5244535747915506
3.525401008548215
3.5257168198004365
3.524769386043772
3.524769386043772
3.524769386043772
3.525401008548215
3.5244535514520976
3.524769386043772
3.5250851972959936
3.525401008548215
3.525401008548215
3.5250851739565405
3.5231903297826648
3.5263484423048794
3.525085110393775
3.524769386043772
3.5257167328982177
3.525401008548215
3.525401008548215
3.5250851972959936
3.5244535747915506
3.526032631052658
3.524137763539329
3.524769386043772
3.5250851972959936
3.5244535747915506
3.524769386043772
3.525401008548215
3.5244535747915506
3.525401008548215
3.5244535747915506
3.5250851972959936
3.5250851972959936
3.526032607713205
3.5257167964609835
3.5250851972959936
3.524769362704319
3.525401008548215
3.524137763539329
3.524769386043772
3.5244535747915506
3.524769362704319
3.524769386043772
3.5250851739565405
3.524769386043772
3.5250851972959936
3.5257167964609835
3.524137763539329
3.526032631052658
3.5250851972959936
3.5244535747915506
3.524769386043772
3.5244535747915506
3.5250851972959936
3.524769386043772
3.5244535747915506
3.524769386043772
3.5238219522871077
3.524769386043772
3.5244535747915506
3.5250851972959936
3.5250851972959936
3.5244535747915506
3.5250851972959936
3.524769386043772
3.5257167328982177
3.5250851972959936
3.5238219522871077
3.5244535747915506
3.524137763539329
3.524137763539329
3.524453487889332
3.5244535747915506
3.524769362704319
3.524137763539329
3.5257168198004365
3.5244535747915506
3.5250851972959936
3.5250851972959936
3.5254009216459963
3.5244535747915506
3.5250851972959936
3.5257167964609835
3.525401008548215
3.525400985208762
3.524769386043772
3.5250851972959936
3.525716669335452
3.5250851972959936
3.524769386043772
3.5250851972959936
3.525401008548215
3.526032631052658
3.5254009216459963
3.525401008548215
3.524769386043772
3.5244535747915506
3.5250851972959936
3.524769386043772
3.525401008548215
3.524769386043772
3.5250851972959936
3.5250851972959936
3.5250851739565405
3.525401008548215
3.5244535747915506
3.525400985208762
3.525400985208762
3.524137763539329
3.5244535747915506
3.525401008548215
3.525400985208762
3.5250851972959936
3.5250851739565405
3.5250851739565405
3.5244535747915506
3.5250851972959936
3.526032607713205
3.5250851972959936
3.5244535747915506
3.525401008548215
3.524769362704319
3.5269800414698693
3.525401008548215
3.5250851972959936
3.525401008548215
3.5257168198004365
3.5254008580832306
3.5244535747915506
3.524769386043772
3.5250851972959936
3.526032607713205
3.5250851739565405
3.524137763539329
3.526032631052658
3.524769362704319
3.524137763539329
3.5250851972959936
3.526032607713205
3.5244535747915506
3.524769362704319
3.525400985208762
3.525401008548215
3.524137763539329
3.5250851739565405
3.524769386043772
3.5250851739565405
3.5257168198004365
3.5250851972959936
3.5244535747915506
3.524769386043772
3.5263483554026607
3.5235061410348862
3.5250851972959936
3.5250851972959936
3.524137763539329
3.525401008548215
3.524769362704319
3.5254009216459963
3.5263484423048794
3.524769386043772
3.5244535747915506
3.526032631052658
3.524137763539329
3.524769386043772
3.525401008548215
3.524769386043772
3.525401008548215
3.5257168198004365
3.5250851972959936
3.524769386043772
3.524769362704319
3.525401008548215
3.5250851972959936
3.5231903297826648
3.5250851972959936
3.524769386043772
3.524769362704319
3.5244535747915506
3.524769386043772
3.5250851972959936
3.5250851972959936
3.5250851972959936
3.525400985208762
3.524769386043772
3.524769362704319
3.525401008548215
3.5244535747915506
3.524137763539329
3.525401008548215
3.524137763539329
3.5244535747915506
3.524769386043772
3.525401008548215
3.5244535514520976
3.524769386043772
3.5250851972959936
3.525400985208762
3.524137763539329
3.5250851972959936
3.524769362704319
3.5257167964609835
3.525401008548215
3.5244535514520976
3.524769386043772
3.5244535747915506
3.5250851972959936
3.524769386043772
3.525400985208762
3.5244535747915506
3.524769386043772
3.5244535747915506
3.5250851972959936
3.524137763539329
3.524137763539329
3.524769386043772
3.5250851739565405
3.524769386043772
3.526032631052658
3.524137763539329
3.5257168198004365
3.5250851972959936
3.524137763539329
3.526032631052658
3.5257167964609835
3.5244535747915506
3.525401008548215
3.5254009216459963
3.5250851972959936
3.5250851972959936
3.525401008548215
3.5250851972959936
3.524137763539329
3.524769386043772
3.525401008548215
3.526032631052658
3.524769386043772
3.525401008548215
3.525400985208762
3.524769386043772
3.525401008548215
3.5254009216459963
3.5244535747915506
3.526032607713205
3.5231903297826648
3.524769386043772
3.525400985208762
3.5257167964609835
3.525401008548215
3.524137763539329
3.524137763539329
3.5250851972959936
3.5235061410348862
3.5250851972959936
3.524769386043772
3.525400985208762
3.5257168198004365
3.5247692991415533
3.5250851972959936
3.5244535747915506
3.525085046831009
3.5250851972959936
3.5228745185304433
3.5231903297826648
3.524769386043772
3.525400985208762
3.5257168198004365
3.526032631052658
3.524769386043772
3.524769386043772
3.5244535747915506
3.524137763539329
3.524137763539329
3.5238219522871077
3.525401008548215
3.5238219522871077
3.5235061410348862
3.5250851972959936
3.525400985208762
3.526032607713205
3.524769386043772
3.5238219522871077
3.525401008548215
3.5250851972959936
3.5244535747915506
3.5257168198004365
3.5257167328982177
3.525401008548215
3.525401008548215
3.5244535747915506
3.5235061410348862
3.5244535747915506
3.5238219522871077
3.5250851972959936
3.5244535747915506
3.524769386043772
3.524137763539329
3.524769386043772
3.5257168198004365
3.524453487889332
3.524769386043772
3.5244535747915506
3.524769386043772
3.524769386043772
3.524769362704319
3.524137763539329
3.525401008548215
3.525400985208762
3.5250851972959936
3.5244535747915506
3.524137763539329
3.524769386043772
3.526032607713205
3.524137763539329
3.5257168198004365
3.5254009216459963
3.5244535747915506
3.5257168198004365
3.524769362704319
3.5250851972959936
3.524137763539329
3.5244535747915506
3.5257168198004365
3.525400985208762
3.5250851739565405
3.525401008548215
3.524769386043772
3.524769386043772
3.525401008548215
3.5244535747915506
3.526032631052658
3.525401008548215
3.524769362704319
3.524769386043772
3.5254009216459963
3.5238219522871077
3.5244535747915506
3.5263483554026607
3.5257167964609835
3.525401008548215
3.5238219522871077
3.5244535747915506
3.524769386043772
3.524137763539329
3.5250851972959936
3.5250851972959936
3.5250851972959936
3.524137763539329
3.5254009216459963
3.5250851972959936
3.526032607713205
3.5250851972959936
3.524769386043772
3.5244535747915506
3.524769386043772
3.524769386043772
3.524769386043772
3.524769386043772
3.5263484423048794
3.5250851739565405
3.5244535747915506
3.5250851972959936
3.524137763539329
3.5250851972959936
3.5250851972959936
3.524769386043772
3.5244535747915506
3.5244535747915506
3.5244535747915506
3.524769386043772
3.5250851972959936
3.5250851972959936
3.524137763539329
3.525400985208762
3.5250851972959936
3.5244535747915506
3.5257167964609835
3.524769386043772
3.5250851739565405
3.525401008548215
3.5244535747915506
3.525401008548215
3.5250851972959936
3.5244535747915506
3.5250851972959936
3.5244535747915506
3.524137763539329
3.5257168198004365
3.525400985208762
3.524137763539329
3.5257168198004365
3.5250851739565405
3.525401008548215
3.524769386043772
3.5250851972959936
3.5244535747915506
3.5244535747915506
3.5269799779071036
3.5257168198004365
3.524769386043772
3.524769386043772
3.5250851972959936
3.5244535747915506
3.5244535747915506
3.5250851972959936
3.525400985208762
3.5250851972959936
3.524769386043772
3.5250851972959936
3.525401008548215
3.5244535514520976
3.5250851972959936
3.526032631052658
3.524769362704319
3.5250851972959936
3.525401008548215
3.5231903297826648
3.5257168198004365
3.5244535514520976
3.524769362704319
3.5250851972959936
3.526032631052658
3.5250851972959936
3.525401008548215
3.5257167328982177
3.525400985208762
3.524137763539329
3.5250851972959936
3.5250851972959936
3.524137763539329
3.524769386043772
3.5244535747915506
3.5254009216459963
3.524769386043772
3.524769386043772
3.5250851972959936
3.5250851972959936
3.525401008548215
3.526032544150439
3.524769362704319
3.5244535747915506
3.5247692991415533
3.524769386043772
3.525401008548215
3.5250851972959936
3.524137763539329
3.526032631052658
3.5254008580832306
3.525400985208762
3.524769386043772
3.5250851972959936
3.524137763539329
3.5250851739565405
3.5244535747915506
3.525401008548215
3.525401008548215
3.525085110393775
3.524137763539329
3.5257167328982177
3.5257167328982177
3.5244535747915506
3.526348291839895
3.5244535747915506
3.5257168198004365
3.524769362704319
3.524769386043772
3.5257168198004365
3.5244535747915506
3.524769386043772
3.5244535747915506
3.525400985208762
3.524769386043772
3.524769362704319
3.525401008548215
3.526032631052658
3.524769386043772
3.5244535747915506
3.524769362704319
3.525400985208762
3.5244535747915506
3.5250851972959936
3.524137763539329
3.524769386043772
3.524137740199876
3.524769386043772
3.5244535747915506
3.5244535747915506
3.525400985208762
3.5244535747915506
3.5244535747915506
3.524769386043772
3.5238219522871077
3.525401008548215
3.525401008548215
3.5238219522871077
3.5257168198004365
3.526032607713205
3.525401008548215
3.5257168198004365
3.524769386043772
3.5250851972959936
3.5244535747915506
3.524137740199876
3.5257168198004365
3.524769386043772
3.5257167964609835
3.526032631052658
3.525400985208762
3.524769386043772
3.524137763539329
3.5254009216459963
3.525401008548215
3.525085110393775
3.5250851739565405
3.5244535747915506
3.5250851972959936
3.524769386043772
3.5257168198004365
3.524769386043772
3.5257168198004365
3.5257168198004365
3.524453487889332
3.524769362704319
3.5250851972959936
3.524769386043772
3.5250851739565405
3.5244535747915506
3.524137763539329
3.5250851972959936
3.524769386043772
3.5244535747915506
3.5244535747915506
3.5244535747915506
3.525401008548215
3.524769386043772
3.5257168198004365
3.5238219522871077
3.524769362704319
3.524769386043772
3.5250851739565405
3.524769386043772
3.5250851972959936
3.5250851739565405
3.5244535747915506
3.526664230217648
3.5257167328982177
3.525401008548215
3.5254009216459963
3.524769386043772
3.525400985208762
3.524769386043772
3.525401008548215
3.525401008548215
3.5244535747915506
3.524137763539329
3.5257167328982177
3.5250851972959936
3.524137763539329
3.525085046831009
3.5257168198004365
3.5250851972959936
3.5244535747915506
3.5250851972959936
3.525401008548215
3.5257168198004365
3.525401008548215
3.5250851739565405
3.5250851972959936
3.5250851972959936
3.524769362704319
3.524769386043772
3.5257167964609835
3.5257167964609835
3.525401008548215
3.5254009216459963
3.524769386043772
3.525401008548215
3.5235061410348862
3.5244535747915506
3.524769386043772
3.5257167328982177
3.525401008548215
3.5250851972959936
3.524769386043772
3.525401008548215
3.5250851972959936
3.5250851972959936
3.524769386043772
3.524769386043772
3.5257167964609835
3.525401008548215
3.5263484189654264
3.5250851972959936
3.524769386043772
3.524769386043772
3.5257168198004365
3.5244535747915506
3.524769386043772
3.5244535747915506
3.525401008548215
3.524769386043772
3.5257168198004365
3.5250851972959936
3.524769386043772
3.5238219522871077
3.5244535747915506
3.5250851972959936
3.524769386043772
3.5257168198004365
3.526032631052658
3.525400985208762
3.524137763539329
3.524137763539329
3.524137763539329
3.5244535747915506
3.5244535747915506
3.525401008548215
3.524769386043772
3.5257167964609835
3.5250851972959936
3.524137763539329
3.5257168198004365
3.524769386043772
3.524769362704319
3.5244535747915506
3.5257167964609835
3.5238219522871077
3.5244535747915506
3.5257167964609835
3.5257168198004365
3.524769386043772
3.5244535747915506
3.525401008548215
3.524769386043772
3.524769362704319
3.524769386043772
3.525085110393775
3.5250851972959936
3.5250851972959936
3.525401008548215
3.5250851972959936
3.524769386043772
3.5250851739565405
3.5244535747915506
3.5250851972959936
3.524769386043772
3.5257167964609835
3.5238219522871077
3.5244535514520976
3.5244535747915506
3.5257168198004365
3.524137763539329
3.525401008548215
3.525400985208762
3.5250851972959936
3.5263484423048794
3.5250851972959936
3.5250851972959936
3.5250851972959936
3.524769362704319
3.5244535747915506
3.525401008548215
3.524769386043772
3.5244535747915506
3.524137763539329
3.524137763539329
3.526032631052658
3.524769386043772
3.5250851739565405
3.5257168198004365
3.5257167964609835
3.524137763539329
3.524137763539329
3.5250851739565405
3.5244535747915506
3.5250851972959936
3.525400985208762
3.5263484189654264
3.525401008548215
3.5250851739565405
3.524137763539329
3.5250851972959936
3.524769386043772
3.524769386043772
3.5250851972959936
3.5238219522871077
3.5257168198004365
3.5244535747915506
3.524137763539329
3.524137763539329
3.524769362704319
3.5244535747915506
3.5250851972959936
3.5250851739565405
3.5250851972959936
3.5244535747915506
3.5250851739565405
3.525401008548215
3.5257167964609835
3.5235061410348862
3.524769386043772
3.524769362704319
3.524769362704319
3.5244535747915506
3.5263484189654264
3.5250851972959936
3.525401008548215
3.525400985208762
3.524769386043772
3.5257168198004365
3.524769386043772
3.524769386043772
3.5244535747915506
3.524769386043772
3.525401008548215
3.5244535747915506
3.5244535747915506
3.525401008548215
3.524769386043772
3.524137740199876
3.5263484189654264
3.5263483554026607
3.5250851972959936
3.5250851972959936
3.5250851739565405
3.524137763539329
3.5244535747915506
3.5244535747915506
3.5244535747915506
3.524137763539329
3.526032544150439
3.5257168198004365
3.5257167964609835
3.5250851972959936
3.5244535747915506
3.5250851739565405
3.5244535747915506
3.524137763539329
3.526032544150439
3.524769386043772
3.5244535747915506
3.525400985208762
3.5244535747915506
3.5231903297826648
3.5238219522871077
3.525401008548215
3.525401008548215
3.5244535747915506
3.5244535747915506
3.525401008548215
3.525401008548215
3.5250851739565405
3.5250851972959936
3.524769362704319
3.525401008548215
3.524769386043772
3.5257168198004365
3.524769386043772
3.526032631052658
3.5254009216459963
3.524769386043772
3.524769386043772
3.524137740199876
3.526032631052658
3.5250851972959936
3.524769386043772
3.5250851972959936
3.524769386043772
3.5254008580832306
3.524769386043772
3.5250851739565405
3.5257167964609835
3.5250851739565405
3.5254009216459963
3.5244535747915506
3.5263484189654264
3.5244535747915506
3.526032631052658
3.5250851739565405
3.524769386043772
3.5250851972959936
3.525401008548215
3.525401008548215
3.5250851972959936
3.524769362704319
3.524769386043772
3.524769386043772
3.526032607713205
3.5238219522871077
3.5250851972959936
3.524769386043772
3.524769362704319
3.5244535747915506
3.5244535747915506
3.525400985208762
3.5257168198004365
3.5244535514520976
3.526032631052658
3.525401008548215
3.524769386043772
3.5257168198004365
3.5238219522871077
3.524769386043772
3.524769386043772
3.525401008548215
3.5244535747915506
3.525401008548215
3.5244535747915506
3.5263484423048794
3.524769386043772
3.5257168198004365
3.526032631052658
3.525400985208762
3.524769386043772
3.525401008548215
3.5244535514520976
3.5244535747915506
3.5250851972959936
3.5250851739565405
3.526032631052658
3.5244535747915506
3.524769386043772
3.5238219522871077
3.525085110393775
3.524769386043772
3.5244535747915506
3.5257167964609835
3.5250851972959936
3.5250851739565405
3.5257168198004365
3.524769386043772
3.5231903297826648
3.525401008548215
3.525401008548215
3.5250851972959936
3.524769386043772
3.524769362704319
3.524137763539329
3.5250851972959936
3.5250851739565405
3.5244535747915506
3.5257168198004365
3.5244535747915506
3.5250851972959936
3.5257168198004365
3.5250851739565405
3.525401008548215
3.525085110393775
3.525716669335452
3.5263484423048794
3.5244535747915506
3.525400985208762
3.524769386043772
3.5250851972959936
3.5244535747915506
3.524769386043772
3.5238219522871077
3.524769386043772
3.524137763539329
3.5238219522871077
3.5263484423048794
3.525400985208762
3.5257168198004365
3.526032607713205
3.5244535747915506
3.526032631052658
3.524769386043772
3.5238219522871077
3.525401008548215
3.5238219289476547
3.525401008548215
3.526032607713205
3.525400985208762
3.5263484423048794
3.524769386043772
3.526032607713205
3.525401008548215
3.5250851972959936
3.524769386043772
3.5244535747915506
3.5254008580832306
3.5250851972959936
3.524769386043772
3.5244535747915506
3.524769386043772
3.5257167328982177
3.524769386043772
3.524769386043772
3.524137763539329
3.524769386043772
3.5250851972959936
3.524769386043772
3.5250851972959936
3.5250851972959936
3.5244535747915506
3.5250851972959936
3.5250851739565405
3.524769386043772
3.524769386043772
3.524769386043772
3.5250851972959936
3.5250851972959936
3.5247692991415533
3.5250851972959936
3.525401008548215
3.524137740199876
3.5257168198004365
3.5250851972959936
3.5250851739565405
3.525401008548215
3.5244535747915506
3.524769386043772
3.5244535747915506
3.524137763539329
3.524769386043772
3.5238219522871077
3.524769362704319
3.5238219522871077
3.5250851972959936
3.5250851972959936
3.524769386043772
3.5238219522871077
3.5257168198004365
3.5257168198004365
3.5257167964609835
3.525401008548215
3.5244535747915506
3.524769362704319
3.525401008548215
3.524769386043772
3.5250851972959936
3.5263484423048794
3.524769386043772
3.5244535747915506
3.525401008548215
3.5244535747915506
3.5250851972959936
3.5250851972959936
3.5250851739565405
3.5257168198004365
3.524769362704319
3.5250851739565405
3.524769386043772
3.526664230217648
3.5244535747915506
3.5257168198004365
3.524769362704319
3.524769362704319
3.526032607713205
3.5250851972959936
3.5244535747915506
3.5244535747915506
3.5250851739565405
3.5250851972959936
3.5250851972959936
3.5250851739565405
3.5257168198004365
3.524769386043772
3.524769386043772
3.5250851972959936
3.5244535747915506
3.524137763539329
3.5250851972959936
3.5266640395293507
3.524137763539329
3.524769386043772
3.524137763539329
3.5244535747915506
3.524769362704319
3.524769362704319
3.5250851972959936
3.5250851739565405
3.525401008548215
3.525401008548215
3.524769362704319
3.525401008548215
3.5244535747915506
3.5250851739565405
3.524137763539329
3.5250851972959936
3.5254008580832306
3.525401008548215
3.524137763539329
3.5250851972959936
3.524769386043772
3.5235061410348862
3.5244535747915506
3.525401008548215
3.5244535747915506
3.526032631052658
3.526348291839895
3.5250851972959936
3.525401008548215
3.524769386043772
3.524769386043772
3.5250851972959936
3.525716669335452
3.5235061410348862
3.525401008548215
3.5250851972959936
3.5257167964609835
3.5250851739565405
3.524769386043772
3.5250851972959936
3.5244535747915506
3.524769386043772
3.5250851739565405
3.525401008548215
3.5244535747915506
3.524769386043772
3.5250851972959936
3.525401008548215
3.5257167964609835
3.525401008548215
3.5244535514520976
3.5244535747915506
3.5238219522871077
3.5250851739565405
3.5244535747915506
3.5244535747915506
3.5244535747915506
3.524769386043772
3.5250851972959936
3.525401008548215
3.525401008548215
3.525400985208762
3.524769386043772
3.5250851739565405
3.5257167964609835
3.5244535747915506
3.5254009216459963
3.5250851972959936
3.524769386043772
3.5250851739565405
3.524137763539329
3.525400985208762
3.524769386043772
3.525401008548215
3.5244535747915506
3.524137763539329
3.5250851972959936
3.524137763539329
3.5250851972959936
3.5263483554026607
3.5250851972959936
3.5250851739565405
3.524769386043772
3.5250851972959936
3.524769362704319
3.5250851972959936
3.524137763539329
3.5247692991415533
3.5257168198004365
3.524769386043772
3.5250851972959936
3.5257167964609835
3.5244535747915506
3.5257167964609835
3.5244535747915506
3.524137763539329
3.5250851972959936
3.524769386043772
3.5244535747915506
3.5244535747915506
3.5244535514520976
3.524769362704319
3.525400985208762
3.5235061410348862
3.5250851972959936
3.5244535747915506
3.5257168198004365
3.524769386043772
3.5250851972959936
3.5257168198004365
3.525085110393775
3.5250851739565405
3.5244535747915506
3.524769386043772
3.524137763539329
3.525400985208762
3.5250851972959936
3.5250851972959936
3.524769386043772
3.524769386043772
3.5250851972959936
3.524137763539329
3.5250851972959936
3.524137763539329
3.524137763539329
3.5257168198004365
3.525400985208762
3.5250851739565405
3.524137763539329
3.525400985208762
3.524769362704319
3.5250851972959936
3.5254009216459963
3.524769386043772
3.5244535747915506
3.524769362704319
3.5244535747915506
3.5238219522871077
3.5257168198004365
3.5250851972959936
3.5250851739565405
3.5250851972959936
3.524137763539329
3.524769362704319
3.526032631052658
3.525400985208762
3.5250851972959936
3.525401008548215
3.525400985208762
3.5238219522871077
3.5250851972959936
3.5250851739565405
3.525401008548215
3.5244535747915506
3.524769386043772
3.5235061410348862
3.525400985208762
3.524769386043772
3.524137763539329
3.5250851739565405
3.525401008548215
3.524769386043772
3.524769386043772
3.5254009216459963
3.525716669335452
3.5257168198004365
3.525401008548215
3.524769386043772
3.5250851972959936
3.526348291839895
3.5238219522871077
3.525401008548215
3.525400985208762
3.5244535747915506
3.5244535747915506
3.5235061410348862
3.5257168198004365
3.525400985208762
3.524769386043772
3.524769386043772
3.524769386043772
3.524137763539329
3.524769386043772
3.525401008548215
3.5257168198004365
3.526032631052658
3.5244535514520976
3.525401008548215
3.5244535747915506
3.524769386043772
3.5257168198004365
3.5250851972959936
3.5257167328982177
3.5244535747915506
3.5257167328982177
3.5244535747915506
3.524769386043772
3.5244535747915506
3.525400985208762
3.5244535747915506
3.5238219522871077
3.5244535747915506
3.524769386043772
3.5238219522871077
3.525401008548215
3.524137763539329
3.5235061410348862
3.5263484423048794
3.5244535747915506
3.525401008548215
3.524769386043772
3.524137763539329
3.524769386043772
3.524769386043772
3.524769362704319
3.5250851972959936
3.524769386043772
3.525401008548215
3.5250851972959936
3.524769386043772
3.5244535747915506
3.524137763539329
3.5244535747915506
3.5263484189654264
3.5250851972959936
3.524769362704319
3.5238219522871077
3.5238219522871077
3.5250851972959936
3.524769386043772
3.5250851739565405
3.524137763539329
3.5250851972959936
3.5250851972959936
3.5257168198004365
3.525400985208762
3.5263484189654264
3.524137763539329
3.524137763539329
3.5250851972959936
3.524137763539329
3.5244535747915506
3.5254009216459963
3.5263484423048794
3.524137763539329
3.5257167964609835
3.524137763539329
3.524769362704319
3.526032607713205
3.525401008548215
3.5257167964609835
3.524137740199876
3.525401008548215
3.5238219522871077
3.524137763539329
3.525400985208762
3.5244535747915506
3.525401008548215
3.524137763539329
3.5244535747915506
3.5257168198004365
3.5244535747915506
3.526032607713205
3.525401008548215
3.524769386043772
3.524137763539329
3.524769386043772
3.525716669335452
3.526032631052658
3.524769386043772
3.5250851972959936
3.524769386043772
3.524137763539329
3.5247692991415533
3.525401008548215
3.5257167964609835
3.5244535747915506
3.526032631052658
3.526032544150439
3.526032631052658
3.5257167964609835
3.524137763539329
3.525401008548215
3.525401008548215
3.5244535747915506
3.5250851972959936
3.525400985208762
3.5238219522871077
3.524137763539329
3.524769386043772
3.5263484423048794
3.5250851739565405
3.524769386043772
3.524769386043772
3.5244535747915506
3.525401008548215
3.524137763539329
3.5244535747915506
3.524769386043772
3.524769362704319
3.5250851972959936
3.5250851739565405
3.524769386043772
3.5250851972959936
3.524769386043772
3.5257168198004365
3.525401008548215
3.524769362704319
3.5250851972959936
3.526032544150439
3.5250851972959936
3.526032631052658
3.5238219522871077
3.5250851972959936
3.526032631052658
3.524769386043772
3.524769386043772
3.524137763539329
3.5244535747915506
3.5250851972959936
3.524137763539329
3.525400985208762
3.5250851972959936
3.525085046831009
3.5263484423048794
3.5250851972959936
3.524769386043772
3.524769386043772
3.5250851739565405
3.5238219522871077
3.526032631052658
3.525400985208762
3.525401008548215
3.525400985208762
3.5250851972959936
3.5250851972959936
3.524137763539329
3.5244535747915506
3.524769386043772
3.525085110393775
3.524769386043772
3.5250851739565405
3.5250851972959936
3.5257167964609835
3.5244535747915506
3.524769386043772
3.524769386043772
3.5244535747915506
3.524769386043772
3.525401008548215
3.524769386043772
3.524769362704319
3.5257167964609835
3.5250851972959936
3.524137763539329
3.5250851972959936
3.525400985208762
3.525401008548215
3.5231903297826648
3.524769386043772
3.5257167964609835
3.525401008548215
3.5244535514520976
3.5263484423048794
3.524769386043772
3.524137763539329
3.5263484423048794
3.5250851739565405
3.5250851972959936
3.525401008548215
3.524137763539329
3.526032631052658
3.524137763539329
3.5238219522871077
3.525401008548215
3.5250851739565405
3.5244535747915506
3.526032631052658
3.5244535747915506
3.5250851972959936
3.5263484189654264
3.525400985208762
3.525401008548215
3.524769386043772
3.526032544150439
3.5250851972959936
3.5254009216459963
3.524769386043772
3.5250851972959936
3.5244535747915506
3.524769386043772
3.524137763539329
3.5244535747915506
3.524769386043772
3.524769362704319
3.524137763539329
3.5257167964609835
3.525401008548215
3.524769386043772
3.5257168198004365
3.5250851972959936
3.524769386043772
3.5250851739565405
3.5250851972959936
3.524137763539329
3.5244535747915506
3.524769386043772
3.524769386043772
3.525401008548215
3.524769386043772
3.525401008548215
3.524769386043772
3.525401008548215
3.525401008548215
3.524137763539329
3.524137763539329
3.525401008548215
3.5257168198004365
3.523506117695433
3.5257167964609835
3.5244535747915506
3.525401008548215
3.5244535747915506
3.524769386043772
3.5244535747915506
3.5257168198004365
3.5247692355787876
3.5250851972959936
3.525401008548215
3.5244535747915506
3.5250851972959936
3.524769362704319
3.524769386043772
3.5238219522871077
3.525085110393775
3.5250851972959936
3.5260324805876735
3.5257167964609835
3.524137763539329
3.5244535747915506
3.5250851972959936
3.5250851972959936
3.525085110393775
3.525401008548215
3.525400985208762
3.5250851972959936
3.526032631052658
3.526032544150439
3.5244535747915506
3.5250851972959936
3.526032544150439
3.5250851972959936
3.5244535747915506
3.524137740199876
3.524769386043772
3.524769386043772
3.5231903297826648
3.524769386043772
3.5254009216459963
3.525401008548215
3.525401008548215
3.5250851972959936
3.526032631052658
3.524769386043772
3.5250851739565405
3.524769386043772
3.524769386043772
3.5244535747915506
3.526032631052658
3.5244535747915506
3.524769386043772
3.5250851972959936
3.525400985208762
3.5250851972959936
3.5257167964609835
3.524769386043772
3.525401008548215
3.524769362704319
3.524769386043772
3.5250851972959936
3.5250851972959936
3.524769386043772
3.5250851972959936
3.5244535747915506
3.5257168198004365
3.525400985208762
3.5244535747915506
3.5257168198004365
3.5250851972959936
3.5250851972959936
3.5244535747915506
3.524769386043772
3.524769386043772
3.5250851972959936
3.5244535747915506
3.524769386043772
3.5250851972959936
3.524769386043772
3.524769386043772
3.5238219522871077
3.5254009216459963
3.524769386043772
3.526032544150439
3.5250851972959936
3.5250851972959936
3.5244535747915506
3.5250851972959936
3.5250851972959936
3.524769362704319
3.5257167964609835
3.525401008548215
3.524137763539329
3.525401008548215
3.524769386043772
3.525400985208762
3.5244535747915506
3.5263484189654264
3.524769386043772
3.525401008548215
3.524769386043772
3.5250851972959936
3.5244535747915506
3.524137763539329
3.5257168198004365
3.525401008548215
3.524137740199876
3.5244535747915506
3.5257167964609835
3.5250851972959936
3.524769386043772
3.525401008548215
3.5244535747915506
3.524769386043772
3.524137763539329
3.526032607713205
3.5244535747915506
3.5238219522871077
3.5254009216459963
3.5250851972959936
3.5250851972959936
3.5257168198004365
3.5238219522871077
3.525401008548215
3.524769386043772
3.524137763539329
3.524769386043772
3.525085110393775
3.524769386043772
3.5244535747915506
3.5254009216459963
3.5244535747915506
3.5244535747915506
3.5244535747915506
3.5257168198004365
3.524769362704319
3.5250851972959936
3.526032607713205
3.525085110393775
3.526032631052658
3.5254009216459963
3.5250851972959936
3.525401008548215
3.5244535747915506
3.524769386043772
3.5250851972959936
3.5257167964609835
3.524137763539329
3.5244535747915506
3.524769386043772
3.5250851972959936
3.5250851739565405
3.5244535747915506
3.525401008548215
3.525085110393775
3.5235061410348862
3.5244535514520976
3.5257168198004365
3.5250851972959936
3.5244535747915506
3.5250851972959936
3.524769386043772
3.524769362704319
3.524769386043772
3.524137763539329
3.525400985208762
3.5263484423048794
3.525400985208762
3.5250851972959936
3.5257168198004365
3.524137763539329
3.524769386043772
3.524137763539329
3.5244535747915506
3.525401008548215
3.524137763539329
3.524137763539329
3.5250851972959936
3.525400985208762
3.525401008548215
3.5244535747915506
3.5238219522871077
3.5244535747915506
3.5244535747915506
3.524769386043772
3.5250851972959936
3.5244535514520976
3.524769386043772
3.524137763539329
3.524769386043772
3.5250851972959936
3.5250851972959936
3.524769386043772
3.524769386043772
3.5244535747915506
3.524769386043772
3.5244535747915506
3.5250851972959936
3.524769386043772
3.524137763539329
3.525401008548215
3.5250851972959936
3.524769386043772
3.524769386043772
3.5250851972959936
3.524137763539329
3.5244535747915506
3.5238219289476547
3.525401008548215
3.526032607713205
3.524137740199876
3.5257168198004365
3.524769386043772
3.525400985208762
3.524769386043772
3.5244535747915506
3.5257167964609835
3.524769386043772
3.5254009216459963
3.5257168198004365
3.5257167964609835
3.524137763539329
3.5257168198004365
3.524137763539329
3.5250851972959936
3.5244535747915506
3.524769386043772
3.524769386043772
3.525401008548215
3.524137740199876
3.5244535747915506
3.5250851739565405
3.524769362704319
3.525401008548215
3.524769386043772
3.5244535747915506
3.5257168198004365
3.5250851739565405
3.524769386043772
3.5250851739565405
3.524769386043772
3.525400985208762
3.5244535747915506
3.5250851972959936
3.5257167964609835
3.524137763539329
3.5244535747915506
3.5244535747915506
3.5250851972959936
3.524769386043772
3.524769386043772
3.526032631052658
3.524769362704319
3.5250851972959936
3.525401008548215
3.5235061410348862
3.526032631052658
3.524769386043772
3.5250851972959936
3.5257168198004365
3.525400985208762
3.5257168198004365
3.5250851972959936
3.526032607713205
3.5257168198004365
3.5244535747915506
3.5244535747915506
3.525401008548215
3.524137763539329
3.524769386043772
3.5250851972959936
3.5250851972959936
3.5250851972959936
3.525401008548215
3.5244535514520976
3.5238219522871077
3.5235061410348862
3.5244535747915506
3.5250851972959936
3.524769386043772
3.5244535747915506
3.526032631052658
3.524137763539329
3.5244535747915506
3.5250851972959936
3.5238219522871077
3.5250851972959936
3.524769386043772
3.524137763539329
3.5250851972959936
3.526664166654882
3.5244535747915506
3.5250851972959936
3.524769386043772
3.524769386043772
3.5263484423048794
3.525400985208762
3.5250851739565405
3.5257168198004365
3.5244535747915506
3.526032607713205
3.5250851972959936
3.524137740199876
3.524769386043772
3.524769386043772
3.5254008580832306
3.526664253557101
3.5250851972959936
3.524769386043772
3.524769386043772
3.524769386043772
3.524769386043772
3.5263484189654264
3.524137763539329
3.524769386043772
3.5250851972959936
3.5247692991415533
3.5250851972959936
3.524769362704319
3.5244535747915506
3.524769386043772
3.5244535747915506
3.5235061410348862
3.525401008548215
3.525085110393775
3.5244535747915506
3.5244535747915506
3.5244535747915506
3.526032544150439
3.5250851972959936
3.524769386043772
3.524137763539329
3.5244535747915506
3.5254009216459963
3.5250851972959936
3.5244535747915506
3.524769386043772
3.524769386043772
3.5250851972959936
3.526032607713205
3.5257168198004365
3.526032544150439
3.524137740199876
3.5250851972959936
3.5238219522871077
3.524137763539329
3.5250851972959936
3.525400985208762
3.525400985208762
3.525401008548215
3.524769362704319
3.524137763539329
3.526664230217648
3.5244535747915506
3.5257167964609835
3.5244535747915506
3.5244535747915506
3.525401008548215
3.5250851972959936
3.5244535747915506
3.525401008548215
3.524769386043772
3.525401008548215
3.524769386043772
3.525400985208762
3.5257168198004365
3.525401008548215
3.524769362704319
3.524769386043772
3.5235061410348862
3.524137763539329
3.5250851972959936
3.524137763539329
3.524769386043772
3.5257168198004365
3.5250851739565405
3.5238219522871077
3.5244535747915506
3.524769386043772
3.526032631052658
3.524137763539329
3.524769386043772
3.5250851972959936
3.5250851972959936
3.524769386043772
3.524769386043772
3.525400985208762
3.524769386043772
3.5250851972959936
3.5257167964609835
3.5244535747915506
3.5244535747915506
3.5244535747915506
3.5257168198004365
3.5250851739565405
3.5250851972959936
3.5250851972959936
3.5250851739565405
3.5250851972959936
3.5254008580832306
3.524137763539329
3.5238219522871077
3.5250851972959936
3.525401008548215
3.524769386043772
3.5250851972959936
3.5257168198004365
3.5244535747915506
3.5238219522871077
3.5250851972959936
3.5244535514520976
3.524137763539329
3.524137763539329
3.5231903297826648
3.524769386043772
3.524769386043772
3.5250851739565405
3.5238219522871077
3.5244535747915506
3.5244535747915506
3.5244535747915506
3.524769362704319
3.525401008548215
3.5244535747915506
3.525401008548215
3.5244535747915506
3.5250851972959936
3.525401008548215
3.524769386043772
3.5257168198004365
3.5257168198004365
3.525716669335452
3.524769386043772
3.5257168198004365
3.525401008548215
3.525401008548215
3.5257168198004365
3.524769386043772
3.5244535747915506
3.5250851972959936
3.5250851972959936
3.526032631052658
3.5250851739565405
3.5257168198004365
3.5244535514520976
3.524769386043772
3.525401008548215
3.5263483554026607
3.524137763539329
3.524769386043772
3.524769386043772
3.525401008548215
3.524769386043772
3.5250851739565405
3.525401008548215
3.5244535747915506
3.5250851739565405
3.524137763539329
3.525400985208762
3.5238219522871077
3.524769386043772
3.524137763539329
3.525401008548215
3.5257167964609835
3.5250851972959936
3.5244535747915506
3.5257167964609835
3.5235061410348862
3.525401008548215
3.524769362704319
3.525401008548215
3.524769386043772
3.5250851739565405
3.526032631052658
3.524137763539329
3.524137763539329
3.524769386043772
3.524137763539329
3.524137763539329
3.526032631052658
3.5250851972959936
3.524769386043772
3.5244535747915506
3.525400985208762
3.5250851972959936
3.525400985208762
3.524137763539329
3.524769386043772
3.524137763539329
3.5263484189654264
3.5238219522871077
3.5250851972959936
3.5250851972959936
3.525400985208762
3.525400985208762
3.5257168198004365
3.524769386043772
3.524137763539329
3.525401008548215
3.5257168198004365
3.5235061410348862
3.5238219522871077
3.524137763539329
3.5257168198004365
3.5250851972959936
3.524137740199876
3.525401008548215
3.524769386043772
3.525401008548215
3.5250851739565405
3.5250851972959936
3.5244535747915506
3.524769386043772
3.524769362704319
3.5244535747915506
3.5244535747915506
3.5257167964609835
3.5257168198004365
3.524769386043772
3.5250851972959936
3.526032631052658
3.525400985208762
3.524769386043772
3.524137763539329
3.5244535747915506
3.5257168198004365
3.5244535747915506
3.5235061410348862
3.525401008548215
3.5257167964609835
3.5244535747915506
3.524769386043772
3.5250851739565405
3.524769386043772
3.5263484189654264
3.5235061410348862
3.525401008548215
3.5238219522871077
3.5238219522871077
3.524769386043772
3.5250851972959936
3.5250851972959936
3.525401008548215
3.5257167964609835
3.524769386043772
3.525401008548215
3.5244535747915506
3.524137763539329
3.524137763539329
3.524769386043772
3.5250851972959936
3.525400985208762
3.5257167328982177
3.5244535747915506
3.5257168198004365
3.5250851739565405
3.5244535747915506
3.5250851739565405
3.5250851739565405
3.5250851972959936
3.5250851972959936
3.5231903297826648
3.5257168198004365
3.5247692991415533
3.525401008548215
3.5244535747915506
3.5257167328982177
3.5250851972959936
3.524137763539329
3.524769386043772
3.526032607713205
3.524769386043772
3.5238219522871077
3.524137763539329
3.524137763539329
3.5244535747915506
3.5244535747915506
3.5238219522871077
3.5250851972959936
3.524769386043772
3.5250851739565405
3.525401008548215
3.5250851739565405
3.524769386043772
3.524137763539329
3.5257167328982177
3.5244535747915506
3.524769386043772
3.5260324805876735
3.5263484423048794
3.5257168198004365
3.5254009216459963
3.5257167964609835
3.5250851972959936
3.524769386043772
3.5250851972959936
3.5250851972959936
3.524137763539329
3.524769386043772
3.526032607713205
3.5250851972959936
3.5235061410348862
3.5257167964609835
3.5257167964609835
3.5250851972959936
3.5238219522871077
3.5238219522871077
3.525401008548215
3.5254009216459963
3.5238219522871077
3.524769386043772
3.524769362704319
3.5250851972959936
3.524769386043772
3.5257168198004365
3.524137763539329
3.5257167328982177
3.5238219522871077
3.5257168198004365
3.5244535747915506
3.526032631052658
3.5257168198004365
3.524137740199876
3.5257168198004365
3.525400985208762
3.5250851972959936
3.524137763539329
3.5244535747915506
3.524769386043772
3.5250851972959936
3.5250851739565405
3.5250851972959936
3.5254009216459963
3.5257167328982177
3.5250851972959936
3.525401008548215
3.524137763539329
3.524769386043772
3.524769362704319
3.524769386043772
3.524137740199876
3.525401008548215
3.524769386043772
3.525716669335452
3.5257168198004365
3.525401008548215
3.5238219522871077
3.524769386043772
3.5250851739565405
3.524769386043772
3.5257168198004365
3.524769386043772
3.526032607713205
3.5263484423048794
3.5244535747915506
3.524769386043772
3.5254009216459963
3.524769362704319
3.5250851972959936
3.524769386043772
3.524137763539329
3.5257168198004365
3.5254009216459963
3.524137763539329
3.5250851972959936
3.5250851972959936
3.5244535747915506
3.5250851739565405
3.5257168198004365
3.524769386043772
3.5250851739565405
3.524137763539329
3.525400985208762
3.524769386043772
3.524137763539329
3.5250851972959936
3.5244535747915506
3.525401008548215
3.5260324805876735
3.5257168198004365
3.524769386043772
3.524769386043772
3.524769386043772
3.524769386043772
3.524769386043772
3.526032607713205
3.524137763539329
3.525400985208762
3.525400985208762
3.524769362704319
3.525401008548215
3.5238219522871077
3.524769386043772
3.5244535747915506
3.5250851972959936
3.5257168198004365
3.5257167964609835
3.526032607713205
3.5244535747915506
3.5250851972959936
3.524769386043772
3.5244535747915506
3.524769386043772
3.525401008548215
3.524769362704319
3.5257168198004365
3.5244535747915506
3.5257167328982177
3.5244535747915506
3.524769386043772
3.5254008580832306
3.5257168198004365
3.5244535747915506
3.526032631052658
3.5257167964609835
3.524769386043772
3.525401008548215
3.5257168198004365
3.5238219522871077
3.5244535747915506
3.5250851972959936
3.524769386043772
3.524137763539329
3.5238219522871077
3.5244535747915506
3.524137763539329
3.524769362704319
3.525401008548215
3.524769386043772
3.524769386043772
3.524769386043772
3.5257167964609835
3.524137763539329
3.5238219522871077
3.5257167964609835
3.5250851972959936
3.5244535747915506
3.5250851739565405
3.524769386043772
3.525401008548215
3.524769386043772
3.526032631052658
3.5244535747915506
3.5244535747915506
3.5257167964609835
3.524769386043772
3.5250851972959936
3.5257168198004365
3.5257168198004365
3.524769386043772
3.524137763539329
3.524769386043772
3.524137763539329
3.5257168198004365
3.5244535747915506
3.5250851739565405
3.525401008548215
3.5254009216459963
3.524769386043772
3.5250851972959936
3.5238219522871077
3.525401008548215
3.5250851739565405
3.5250851972959936
3.5238219522871077
3.5244535747915506
3.524769386043772
3.5250851972959936
3.524137763539329
3.524137763539329
3.5244535747915506
3.5250851739565405
3.5250851972959936
3.5250851972959936
3.525400985208762
3.5244535747915506
3.524137740199876
3.5244535747915506
3.524769362704319
3.524769362704319
3.5250851739565405
3.5250851739565405
3.525401008548215
3.525401008548215
3.5235061410348862
3.5244535747915506
3.524137763539329
3.525401008548215
3.5244535747915506
3.5257167964609835
3.5257167964609835
3.5257168198004365
3.5250851739565405
3.524769386043772
3.5257168198004365
3.524137763539329
3.525400985208762
3.5250851972959936
3.525400985208762
3.525401008548215
3.5250851972959936
3.5250851972959936
3.5250851972959936
3.5244535747915506
3.5250851972959936
3.526032631052658
3.525400985208762
3.524137763539329
3.525401008548215
3.524769386043772
3.524769386043772
3.525401008548215
3.5244535747915506
3.524769386043772
3.524137763539329
3.524769362704319
3.5250851972959936
3.525400985208762
3.5257168198004365
3.524769386043772
3.526032544150439
3.5250851739565405
3.525401008548215
3.524769362704319
3.5250851972959936
3.524769386043772
3.5250851972959936
3.526979914344338
3.525401008548215
3.5250851739565405
3.525401008548215
3.5254008580832306
3.5250851972959936
3.524769386043772
3.5250851972959936
3.524769386043772
3.524769386043772
3.5250851972959936
3.526032607713205
3.5235061410348862
3.524769362704319
3.5244535747915506
3.526032544150439
3.524769386043772
3.5250851972959936
3.5250851739565405
3.5257167964609835
3.525401008548215
3.525085110393775
3.524769386043772
3.5257168198004365
3.525400985208762
3.5238219522871077
3.524769386043772
3.5250851972959936
3.5244535747915506
3.5257168198004365
3.524769362704319
3.525401008548215
3.5260324805876735
3.5244535747915506
3.5257168198004365
3.5254009216459963
3.5244535747915506
3.524137763539329
3.524453424326566
3.524769386043772
3.5250851972959936
3.5250851739565405
3.524769386043772
3.5244535747915506
3.524769362704319
3.524137763539329
3.524769386043772
3.524769362704319
3.5257168198004365
3.526032607713205
3.524769386043772
3.524137763539329
3.524769386043772
3.5250851972959936
3.5257167328982177
3.5244535514520976
3.524769386043772
3.5244535747915506
3.5257167328982177
3.524769386043772
3.5235061410348862
3.524769386043772
3.5244535747915506
3.524137763539329
3.524769386043772
3.5250851972959936
3.5263484423048794
3.524137763539329
3.5244535747915506
3.526032631052658
3.5250851972959936
3.524769386043772
3.526032631052658
3.5238219522871077
3.524769386043772
3.5250851739565405
3.5250851739565405
3.5263484423048794
3.5250851972959936
3.5244535747915506
3.525401008548215
3.524769386043772
3.525401008548215
3.524769386043772
3.5250851739565405
3.524769386043772
3.526032631052658
3.525401008548215
3.5244535747915506
3.524769386043772
3.524137763539329
3.5250851972959936
3.5238219522871077
3.5244535747915506
3.526032631052658
3.5250851739565405
3.5257168198004365
3.5250851972959936
3.524137763539329
3.525401008548215
3.5250851972959936
3.5250851972959936
3.525401008548215
3.5250851739565405
3.5244535747915506
3.524769386043772
3.5244535747915506
3.5250851972959936
3.5244535747915506
3.5244535747915506
3.525401008548215
3.524769386043772
3.524769386043772
3.5244535747915506
3.5250851972959936
3.5250851972959936
3.5244535514520976
3.5257168198004365
3.5250851972959936
3.5247692991415533
3.5250851972959936
3.5250851972959936
3.524137763539329
3.524769386043772
3.5244535747915506
3.5250851739565405
3.524769386043772
3.525400985208762
3.5250851972959936
3.525716669335452
3.524137763539329
3.5244535747915506
3.5250851972959936
3.524137763539329
3.526032631052658
3.5254009216459963
3.525401008548215
3.5250851972959936
3.5238219522871077
3.525401008548215
3.525401008548215
3.5250851972959936
3.524769386043772
3.524137740199876
3.524769386043772
3.525400985208762
3.524769386043772
3.5238219522871077
3.525401008548215
3.5244535747915506
3.5250851972959936
3.5247692991415533
3.5257168198004365
3.524769386043772
3.5250851739565405
3.524769386043772
3.5244535747915506
3.524769386043772
3.5250851972959936
3.524769362704319
3.5250851972959936
3.5244535747915506
3.525400985208762
3.524769386043772
3.5250851739565405
3.5250851972959936
3.524769386043772
3.5254009216459963
3.5250851972959936
3.5263484189654264
3.524769386043772
3.5244535747915506
3.5250851972959936
3.524769386043772
3.5257168198004365
3.5257168198004365
3.525401008548215
3.524769386043772
3.524137763539329
3.524137763539329
3.5257167964609835
3.524137763539329
3.5257168198004365
3.5244535747915506
3.5257167964609835
3.5250851972959936
3.525400985208762
3.5244535747915506
3.524769386043772
3.524769386043772
3.524769386043772
3.525401008548215
3.5250851972959936
3.5263484423048794
3.526032607713205
3.526032607713205
3.5250851972959936
3.5257167964609835
3.5244535747915506
3.526032631052658
3.525401008548215
3.5250851972959936
3.524769362704319
3.524137763539329
3.525400985208762
3.5244535747915506
3.525401008548215
3.524769386043772
3.5250851739565405
3.525401008548215
3.524769362704319
3.5244535747915506
3.524769362704319
3.5244535747915506
3.5257168198004365
3.525401008548215
3.525400985208762
3.5257168198004365
3.524769386043772
3.524137763539329
3.525401008548215
3.524769386043772
3.525401008548215
3.524137763539329
3.5250851972959936
3.525401008548215
3.5250851972959936
3.5244535747915506
3.524137763539329
3.526032544150439
3.5244535747915506
3.525401008548215
3.526032631052658
3.524137763539329
3.524137763539329
3.526032631052658
3.524769386043772
3.5244535747915506
3.525400985208762
3.524137763539329
3.526032631052658
3.5244535747915506
3.524769386043772
3.5250851972959936
3.5238219522871077
3.524769386043772
3.524769386043772
3.5250851739565405
3.525401008548215
3.5238219522871077
3.524769386043772
3.524769386043772
3.5238219522871077
3.525401008548215
3.5250851972959936
3.5250851739565405
3.5250851972959936
3.5244535747915506
3.524137763539329
3.524137763539329
3.5250851972959936
3.5244535747915506
3.5244535747915506
3.5244535514520976
3.5244535747915506
3.524137763539329
3.524769386043772
3.5238219522871077
3.5257168198004365
3.524137763539329
3.525401008548215
3.5257168198004365
3.524769386043772
3.524137763539329
3.524769386043772
3.5244535514520976
3.5244535747915506
3.5250851972959936
3.5250851739565405
3.525085110393775
3.525401008548215
3.524769386043772
3.525401008548215
3.5250851972959936
3.525085110393775
3.524769386043772
3.524137763539329
3.525401008548215
3.5250851972959936
3.524137763539329
3.525401008548215
3.5257168198004365
3.525400985208762
3.524769386043772
3.5257167964609835
3.525401008548215
3.5250851972959936
3.5250851972959936
3.5244535747915506
3.5257168198004365
3.5244535747915506
3.5244535747915506
3.5257168198004365
3.524769386043772
3.5244535747915506
3.5254009216459963
3.524769386043772
3.525401008548215
3.5244535747915506
3.5250851739565405
3.5250851972959936
3.5257167328982177
3.5263484423048794
3.524137763539329
3.525400985208762
3.524137763539329
3.526032631052658
3.5235061410348862
3.5257168198004365
3.5257167328982177
3.525401008548215
3.525400985208762
3.524137763539329
3.524769386043772
3.5257168198004365
3.524769386043772
3.5250851972959936
3.5257167328982177
3.5238219522871077
3.524769386043772
3.524137763539329
3.5257168198004365
3.5257168198004365
3.5254009216459963
3.5257168198004365
3.524769362704319
3.5250851972959936
3.524769386043772
3.5244535747915506
3.5244535747915506
3.524137763539329
3.524769386043772
3.524769386043772
3.524769362704319
3.5250851972959936
3.5257168198004365
3.5250851739565405
3.524769386043772
3.524769386043772
3.524137740199876
3.5244535747915506
3.524137763539329
3.5244535747915506
3.5250851972959936
3.5244535514520976
3.5257168198004365
3.525401008548215
3.525716669335452
3.525401008548215
3.526032544150439
3.524137763539329
3.525401008548215
3.525401008548215
3.5250851972959936
3.5238219522871077
3.5250851739565405
3.5250851972959936
3.524769386043772
3.524769386043772
3.525401008548215
3.524769386043772
3.5244535747915506
3.5250851972959936
3.5257167328982177
3.5257168198004365
3.525401008548215
3.5250851972959936
3.5250851972959936
3.524769386043772
3.5244535747915506
3.5250851972959936
3.5250851972959936
3.5244535747915506
3.5244535747915506
3.5250851972959936
3.524769386043772
3.524769362704319
3.5238219522871077
3.524769362704319
3.5244535514520976
3.524769386043772
3.524137763539329
3.525401008548215
3.524769386043772
3.524137763539329
3.5244535747915506
3.524769386043772
3.5250851972959936
3.524769386043772
3.5244535747915506
3.524137763539329
3.526032631052658
3.524137763539329
3.5250851972959936
3.5250851739565405
3.5228745185304433
3.5250851972959936
3.525085110393775
3.5244535747915506
3.5235061410348862
3.5244535747915506
3.524769386043772
3.5244535747915506
3.524769362704319
3.525401008548215
3.5244535747915506
3.5250851972959936
3.525401008548215
3.524137763539329
3.524769386043772
3.525401008548215
3.525085110393775
3.5250851972959936
3.5250851972959936
3.525400985208762
3.524769386043772
3.5244535747915506
3.524769362704319
3.526032631052658
3.5244535514520976
3.524137763539329
3.5250851972959936
3.524769386043772
3.5260324805876735
3.5250851972959936
3.5250851972959936
3.524769386043772
3.5257167328982177
3.5250851972959936
3.524137763539329
3.5244535747915506
3.5250851972959936
3.5250851972959936
3.5244535747915506
3.5244535747915506
3.5244535514520976
3.525401008548215
3.524769386043772
3.525400985208762
3.5257168198004365
3.5250851739565405
3.525401008548215
3.526032631052658
3.524769386043772
3.524137763539329
3.524769362704319
3.524137763539329
3.5257167964609835
3.5244535747915506
3.524769386043772
3.5257168198004365
3.525400985208762
3.5250851972959936
3.5250851972959936
3.5247692991415533
3.524769386043772
3.524769386043772
3.524769386043772
3.526664253557101
3.5263484189654264
3.5250851739565405
3.525401008548215
3.5238219522871077
3.524769386043772
3.524137763539329
3.5254009216459963
3.524769386043772
3.5250851739565405
3.524137763539329
3.526032631052658
3.5244535747915506
3.5244535747915506
3.5250851972959936
3.524769362704319
3.524769386043772
3.5244535747915506
3.5244535747915506
3.5250851972959936
3.524769386043772
3.5250851739565405
3.5244535747915506
3.524769386043772
3.524769386043772
3.525401008548215
3.5257168198004365
3.524137763539329
3.5250851972959936
3.5250851739565405
3.525400985208762
3.5263484189654264
3.5238219522871077
3.524769386043772
3.524769386043772
3.524769362704319
3.5250851972959936
3.524137763539329
3.524137763539329
3.524137763539329
3.5244535747915506
3.5238219522871077
3.5250851972959936
3.5250851739565405
3.525401008548215
3.524769386043772
3.5250851739565405
3.526032631052658
3.5257168198004365
3.524769386043772
3.5244535747915506
3.5244535747915506
3.524137740199876
3.524769386043772
3.525400985208762
3.5250851972959936
3.524769386043772
3.526032607713205
3.524769362704319
3.525401008548215
3.5250851739565405
3.525401008548215
3.5250851972959936
3.5250851972959936
3.524769386043772
3.524769362704319
3.5244535747915506
3.524137763539329
3.5244535747915506
3.5263484189654264
3.5244535747915506
3.5250851972959936
3.5244535747915506
3.5257168198004365
3.5244535747915506
3.524769386043772
3.5257168198004365
3.5254009216459963
3.524769386043772
3.524769386043772
3.524769386043772
3.5257167964609835
3.5244535747915506
3.5250851739565405
3.5257168198004365
3.525400985208762
3.526032631052658
3.5250851972959936
3.524137763539329
3.5244535747915506
3.524769362704319
3.525401008548215
3.5263484423048794
3.5250851739565405
3.5257168198004365
3.525400985208762
3.524769362704319
3.525401008548215
3.5257167328982177
3.5250851972959936
3.5244535747915506
3.525085110393775
3.524769386043772
3.5250851972959936
3.524769362704319
3.525401008548215
3.5244535747915506
3.5244535747915506
3.525401008548215
3.5257167964609835
3.5244535747915506
3.5250851739565405
3.524137763539329
3.5257168198004365
3.526032544150439
3.5250851972959936
3.524769386043772
3.5238219289476547
3.525400985208762
3.524769386043772
3.5250851972959936
3.525401008548215
3.5250851972959936
3.5257167328982177
3.5244535747915506
3.525400985208762
3.524769386043772
3.525401008548215
3.5257168198004365
3.525401008548215
3.5254009216459963
3.5244535747915506
3.526032631052658
3.5254009216459963
3.5238219522871077
3.524769386043772
3.5250851972959936
3.5244535747915506
3.5250851739565405
3.5244535747915506
3.5250851972959936
3.5254008580832306
3.524769386043772
3.5257167964609835
3.526032607713205
3.524769386043772
3.5238219522871077
3.526032607713205
3.5250851972959936
3.524137740199876
3.524769386043772
3.526032544150439
3.5250851972959936
3.525401008548215
3.5257168198004365
3.5250851972959936
3.525401008548215
3.5254008580832306
3.524769386043772
3.5257167328982177
3.5250851972959936
3.524769386043772
3.5244535747915506
3.524137763539329
3.525401008548215
3.5250851739565405
3.524769386043772
3.5257167964609835
3.5244535747915506
3.5244535747915506
3.524137763539329
3.5235061410348862
3.524769386043772
3.524769362704319
3.5244535747915506
3.5235061410348862
3.5244535747915506
3.525401008548215
3.524137763539329
3.5250851972959936
3.526032631052658
3.525085110393775
3.525401008548215
3.5257168198004365
3.5250851972959936
3.5257168198004365
3.524769386043772
3.524137763539329
3.5263484423048794
3.5250851739565405
3.524137763539329
3.524769386043772
3.524137763539329
3.524769386043772
3.525400985208762
3.525400985208762
3.5244535747915506
3.5244535747915506
3.5250851739565405
3.5250851972959936
3.5250851739565405
3.524137763539329
3.524769386043772
3.5257167964609835
3.5250851972959936
3.5250851972959936
3.524769362704319
3.5250851972959936
3.524137763539329
3.5250851972959936
3.5250851972959936
3.526032607713205
3.524769386043772
3.5250851972959936
3.524769362704319
3.5250851972959936
3.5250851739565405
3.524769362704319
3.524137763539329
3.5250851739565405
3.5250851972959936
3.5250851972959936
3.5238219522871077
3.5257168198004365
3.524769386043772
3.5244535747915506
3.5250851972959936
3.5244535747915506
3.524137763539329
3.5250851972959936
3.5244535747915506
3.5250851972959936
3.525716669335452
3.5244535747915506
3.5250851972959936
3.5250851972959936
3.525401008548215
3.5257167964609835
3.524769362704319
3.5250851972959936
3.5244535747915506
3.5244535747915506
3.5257168198004365
3.5257167964609835
3.5250851972959936
3.5257168198004365
3.5257167964609835
3.5244535747915506
3.5250851739565405
3.5244535747915506
3.5257167964609835
3.5250851972959936
3.526032544150439
3.525401008548215
3.5238219522871077
3.524769386043772
3.524769386043772
3.5257167328982177
3.5250851972959936
3.5250851972959936
3.524769386043772
3.5257167964609835
3.5250851972959936
3.524137740199876
3.5244535747915506
3.524769386043772
3.524769386043772
3.5244535747915506
3.5250851739565405
3.524769386043772
3.524769386043772
3.525716669335452
3.525401008548215
3.5244535747915506
3.525401008548215
3.524769386043772
3.524769386043772
3.5250851739565405
3.5250851972959936
3.5244535747915506
3.5247692991415533
3.5250851972959936
3.5250851739565405
3.525400985208762
3.5244535747915506
3.5250851972959936
3.5244535747915506
3.5244535747915506
3.5254008580832306
3.5257168198004365
3.525401008548215
3.524137763539329
3.524769386043772
3.5235061410348862
3.524769386043772
3.525401008548215
3.525085110393775
3.525401008548215
3.5244535514520976
3.524137763539329
3.5257168198004365
3.524137763539329
3.526032607713205
3.525401008548215
3.5250851739565405
3.5238219522871077
3.5244535747915506
3.5250851739565405
3.525400985208762
3.5257168198004365
3.5250851972959936
3.524137763539329
3.524769386043772
3.5250851739565405
3.5244535747915506
3.5244535747915506
3.524137763539329
3.5250851972959936
3.525400985208762
3.526664230217648
3.5250851972959936
3.5254009216459963
3.5250851972959936
3.525401008548215
3.525400985208762
3.5235061410348862
3.5250851972959936
3.5250851739565405
3.525401008548215
3.5250851972959936
3.524137740199876
3.524769386043772
3.5250851972959936
3.5250851739565405
3.525401008548215
3.5244535747915506
3.524769386043772
3.525401008548215
3.5247692355787876
3.5257168198004365
3.5250851739565405
3.524137763539329
3.5257168198004365
3.524769386043772
3.526032631052658
3.524769386043772
3.5244535747915506
3.5250851972959936
3.5244535747915506
3.524769386043772
3.5244535747915506
3.5244535747915506
3.5257168198004365
3.525401008548215
3.524137763539329
3.5250851972959936
3.526348291839895
3.525400985208762
3.525400985208762
3.524769386043772
3.525401008548215
3.5244535747915506
3.525085110393775
3.5250851972959936
3.5244535747915506
3.5244535747915506
3.524769386043772
3.524769386043772
3.524769386043772
3.524137763539329
3.524137763539329
3.5244535747915506
3.524769386043772
3.5244535747915506
3.5238219522871077
3.524769362704319
3.5250851739565405
3.524769386043772
3.524769386043772
3.5250851972959936
3.5257167964609835
3.5250851739565405
3.524769386043772
3.5250851739565405
3.524769386043772
3.526032631052658
3.5250851972959936
3.524769386043772
3.526032607713205
3.524137763539329
3.524769386043772
3.5244535747915506
3.5235061410348862
3.5244535747915506
3.5250851739565405
3.525401008548215
3.524769386043772
3.5244535514520976
3.524769386043772
3.5250851972959936
3.5244535747915506
3.525401008548215
3.5250851739565405
3.524137763539329
3.5250851739565405
3.5250851972959936
3.524769386043772
3.524137763539329
3.526032631052658
3.524137763539329
3.525400985208762
3.525401008548215
3.5250851972959936
3.5257168198004365
3.5250851972959936
3.5244535747915506
3.525401008548215
3.5257168198004365
3.5254008580832306
3.5238219522871077
3.5228745185304433
3.524769386043772
3.5257168198004365
3.5238219522871077
3.524769386043772
3.525401008548215
3.5238219289476547
3.525401008548215
3.5244535747915506
3.5250851739565405
3.5257168198004365
3.5257168198004365
3.524769386043772
3.526032631052658
3.5257167328982177
3.5244535747915506
3.5250851972959936
3.524769386043772
3.5235061410348862
3.5250851972959936
3.5250851972959936
3.524769386043772
3.524769386043772
3.525401008548215
3.524137763539329
3.5244535747915506
3.5244535747915506
3.5250851972959936
3.524769386043772
3.525401008548215
3.525085110393775
3.524769386043772
3.5250851739565405
3.5244535747915506
3.524769386043772
3.524137763539329
3.5250851972959936
3.524769386043772
3.5260324805876735
3.524769386043772
3.5235061410348862
3.524769386043772
3.525401008548215
3.524769386043772
3.524769386043772
3.5250851972959936
3.524137763539329
3.524137763539329
3.5244535747915506
3.5250851972959936
3.5250851972959936
3.524137763539329
3.5244535747915506
3.524769386043772
3.5250851972959936
3.524769386043772
3.5257167964609835
3.5250851972959936
3.525401008548215
3.5250851739565405
3.525401008548215
3.525401008548215
3.5244535514520976
3.525401008548215
3.5244535747915506
3.524769362704319
3.524769386043772
3.5250851739565405
3.524769386043772
3.5244535747915506
3.524769362704319
3.5244535747915506
3.5250851739565405
3.5244535747915506
3.5250851972959936
3.5254009216459963
3.524769386043772
3.5250851972959936
3.525400985208762
3.526032631052658
3.524769386043772
3.525400985208762
3.524769386043772
3.5250851972959936
3.5244535747915506
3.526032631052658
3.5250851739565405
3.525401008548215
3.5244535747915506
3.524453487889332
3.524137763539329
3.5250851739565405
3.5244535514520976
3.525401008548215
3.524769386043772
3.524769386043772
3.5244535747915506
3.5257167964609835
3.524769386043772
3.524769386043772
3.524769386043772
3.524769386043772
3.524769386043772
3.5244535747915506
3.525401008548215
3.5250851972959936
3.5257167964609835
3.524769386043772
3.5244535747915506
3.524137763539329
3.524137763539329
3.5244535747915506
3.5250851972959936
3.5250851972959936
3.524137763539329
3.5250851972959936
3.5244535747915506
3.524769386043772
3.5250851972959936
3.525400985208762
3.5250851972959936
3.5257167328982177
3.525716669335452
3.5250851972959936
3.526348291839895
3.525401008548215
3.524769386043772
3.5244535747915506
3.524137763539329
3.5244535747915506
3.5244535747915506
3.524137740199876
3.524769386043772
3.5250851972959936
3.524137763539329
3.524769386043772
3.5250851972959936
3.5250851972959936
3.524769386043772
3.525401008548215
3.5257168198004365
3.5250851739565405
3.5250851972959936
3.5250851972959936
3.5254009216459963
3.524137763539329
3.524137763539329
3.525401008548215
3.524769386043772
3.524769362704319
3.5244535747915506
3.5257168198004365
3.5250851972959936
3.5244535747915506
3.5263484423048794
3.5244535747915506
3.5244535747915506
3.526032607713205
3.5238219522871077
3.5244535747915506
3.5250851972959936
3.524769362704319
3.525401008548215
3.5250851972959936
3.524137763539329
3.524769386043772
3.5244535514520976
3.5257167964609835
3.5244535747915506
3.524769386043772
3.524137763539329
3.5263484189654264
3.525716669335452
3.5244535747915506
3.5238219522871077
3.5244535747915506
3.5250851972959936
3.525401008548215
3.524137740199876
3.5244535747915506
3.5257167964609835
3.5244535747915506
3.524769386043772
3.5244535747915506
3.524769386043772
3.5263484423048794
3.525400985208762
3.5244535747915506
3.525401008548215
3.524769386043772
3.524769386043772
3.5257168198004365
3.5244535747915506
3.5257168198004365
3.524769386043772
3.524137763539329
3.524769386043772
3.5244535747915506
3.5244535747915506
3.524769386043772
3.5238219522871077
3.524769386043772
3.5250851972959936
3.524769362704319
3.5250851972959936
3.5257167964609835
3.5244535747915506
3.5244535747915506
3.5238219522871077
3.5250851972959936
3.525401008548215
3.525085110393775
3.524769386043772
3.5257167328982177
3.525716669335452
3.5269800414698693
3.5257167964609835
3.524769386043772
3.525401008548215
3.524769386043772
3.524769386043772
3.5244535514520976
3.524769362704319
3.524137763539329
3.524769386043772
3.5238219522871077
3.525401008548215
3.525085110393775
3.524769386043772
3.5244535747915506
3.5244535747915506
3.524137763539329
3.526032607713205
3.5250851972959936
3.5250851972959936
3.524137740199876
3.525401008548215
3.524769386043772
3.5250851739565405
3.5257168198004365
3.524769386043772
3.5238219522871077
3.5257168198004365
3.5257167328982177
3.5244535747915506
3.5238219522871077
3.525401008548215
3.524137763539329
3.5260324805876735
3.5244535747915506
3.5250851972959936
3.5250851972959936
3.524137763539329
3.5250851739565405
3.526032607713205
3.525400985208762
3.5244535747915506
3.525401008548215
3.5254009216459963
3.524769386043772
3.5238219522871077
3.524769386043772
3.524137763539329
3.5244535747915506
3.5263483554026607
3.5257168198004365
3.5254008580832306
3.5244535747915506
3.5263484423048794
3.524769386043772
3.5250851972959936
3.525401008548215
3.5247692991415533
3.525401008548215
3.5235061410348862
3.524769362704319
3.5250851739565405
3.5244535514520976
3.524769386043772
3.5250851972959936
3.524769386043772
3.524769386043772
3.524137763539329
3.524769362704319
3.5250851972959936
3.5250851972959936
3.524769386043772
3.524769386043772
3.5244535747915506
3.5250851972959936
3.5257168198004365
3.5244535514520976
3.525401008548215
3.5250851972959936
3.524137763539329
3.5250851972959936
3.5244535747915506
3.5244535747915506
3.5250851972959936
3.525400985208762
3.524137763539329
3.5250851972959936
3.524769386043772
3.525401008548215
3.5244535747915506
3.5244535747915506
3.5250851972959936
3.5250851739565405
3.5244535747915506
3.526032607713205
3.5250851972959936
3.5257167964609835
3.5238219522871077
3.5244535747915506
3.5257168198004365
3.526032631052658
3.5257167328982177
3.526032631052658
3.524137740199876
3.524769362704319
3.5250851972959936
3.5238219522871077
3.525401008548215
3.525401008548215
3.5257167964609835
3.524137763539329
3.524769386043772
3.5250851972959936
3.525401008548215
3.524137763539329
3.524769362704319
3.5257168198004365
3.5250851739565405
3.524769386043772
3.524769386043772
3.5250851739565405
3.5257167964609835
3.524769362704319
3.525401008548215
3.525401008548215
3.5257167328982177
3.5244535747915506
3.5244535747915506
3.5238219289476547
3.526032631052658
3.5250851972959936
3.5244535747915506
3.5250851739565405
3.525400985208762
3.526032544150439
3.5250851972959936
3.524769386043772
3.5250851972959936
3.5257168198004365
3.524769386043772
3.524137763539329
3.5250851972959936
3.5238219522871077
3.526032631052658
3.5250851739565405
3.5244535747915506
3.524137763539329
3.524137763539329
3.5250851739565405
3.5257168198004365
3.5244535747915506
3.5244535747915506
3.525401008548215
3.525400985208762
3.524137763539329
3.524137763539329
3.524769386043772
3.524137763539329
3.5250851972959936
3.526032631052658
3.5257168198004365
3.5244535747915506
3.5257168198004365
3.5250851972959936
3.524769386043772
3.525401008548215
3.5257167964609835
3.5250851739565405
3.5244535747915506
3.524137763539329
3.5250851972959936
3.525401008548215
3.525401008548215
3.524769386043772
3.5263484423048794
3.524137763539329
3.5250851972959936
3.524769386043772
3.5250851739565405
3.526032544150439
3.5257168198004365
3.5250851739565405
3.5257168198004365
3.5250851972959936
3.5263483554026607
3.5244535747915506
3.5250851972959936
3.5244535747915506
3.5257168198004365
3.5244535747915506
3.524137763539329
3.5250851972959936
3.524137763539329
3.524769362704319
3.526032631052658
3.524769386043772
3.5250851739565405
3.5250851739565405
3.5244535747915506
3.525401008548215
3.5231903297826648
3.524137763539329
3.525401008548215
3.5244535747915506
3.5250851972959936
3.524769386043772
3.524769362704319
3.5250851972959936
3.524769386043772
3.526032607713205
3.525401008548215
3.524137763539329
3.524769386043772
3.525401008548215
3.524769386043772
3.525400985208762
3.5257168198004365
3.5260324805876735
3.524769386043772
3.525401008548215
3.5250851739565405
3.524769386043772
3.5244535747915506
3.5244535747915506
3.5257168198004365
3.524769386043772
3.525401008548215
3.5250851739565405
3.5250851972959936
3.5238219522871077
3.524769362704319
3.524769386043772
3.524769386043772
3.524137763539329
3.5235061410348862
3.526348291839895
3.525401008548215
3.5250851972959936
3.5250851739565405
3.5250851972959936
3.524769386043772
3.5257167328982177
3.524769386043772
3.524769386043772
3.5250851972959936
3.5250851972959936
3.5250851972959936
3.5250851972959936
3.525401008548215
3.5244535514520976
3.5250851972959936
3.525400985208762
3.525401008548215
3.5244535747915506
3.526032544150439
3.5250851972959936
3.5250851972959936
3.5247692991415533
3.5244535747915506
3.5257167328982177
3.524769386043772
3.524769386043772
3.524137763539329
3.5250851972959936
3.524769386043772
3.524137763539329
3.525401008548215
3.525400985208762
3.5238219522871077
3.524137763539329
3.524769386043772
3.5244535747915506
3.524137763539329
3.5250851739565405
3.5250851972959936
3.5244535514520976
3.524769386043772
3.5250851972959936
3.5250851739565405
3.524769386043772
3.5250851972959936
3.5250851972959936
3.525401008548215
3.524769386043772
3.524769386043772
3.5250851972959936
3.524769386043772
3.5250851972959936
3.524137763539329
3.5244535747915506
3.5250851739565405
3.524137763539329
3.525401008548215
3.5250851739565405
3.5250851972959936
3.526032631052658
3.524769386043772
3.5257168198004365
3.5254009216459963
3.5244535747915506
3.5244535747915506
3.5238219522871077
3.526032631052658
3.5250851972959936
3.524137740199876
3.525401008548215
3.524137763539329
3.524137763539329
3.525401008548215
3.5257167328982177
3.525400985208762
3.526664230217648
3.5244535514520976
3.524769386043772
3.5238219522871077
3.524137763539329
3.5238219522871077
3.524137763539329
3.5250851972959936
3.5250851972959936
3.524137763539329
3.524137763539329
3.525400985208762
3.5257167964609835
3.5250851972959936
3.524137763539329
3.526032631052658
3.526032631052658
3.5257167328982177
3.525401008548215
3.525400985208762
3.5238219522871077
3.526032631052658
3.5250851739565405
3.524137763539329
3.5244535747915506
3.5250851972959936
3.5244535747915506
3.5250851972959936
3.5244535747915506
3.5244535747915506
3.525401008548215
3.524769386043772
3.5250851972959936
3.524769386043772
3.524769386043772
3.524137763539329
3.5244535747915506
3.525401008548215
3.5257167964609835
3.525401008548215
3.524137763539329
3.525085110393775
3.5250851972959936
3.526032544150439
3.524769386043772
3.5244535747915506
3.524769386043772
3.525401008548215
3.524137763539329
3.5257167328982177
3.5250851972959936
3.525401008548215
3.524769362704319
3.5263484423048794
3.5244535747915506
3.5238219522871077
3.5250851972959936
3.5244535747915506
3.5244535747915506
3.524769386043772
3.525401008548215
3.5244535747915506
3.5244535747915506
3.5244535747915506
3.524769386043772
3.524769386043772
3.5250851739565405
3.525401008548215
3.525400985208762
3.5244535747915506
3.525401008548215
3.5250851972959936
3.526032544150439
3.5244535747915506
3.5222428960260004
3.5257167964609835
3.524769386043772
3.525401008548215
3.5257168198004365
3.525400985208762
3.5244535747915506
3.525401008548215
3.5244535747915506
3.524769386043772
3.525401008548215
3.5244535747915506
3.5250851972959936
3.5244535747915506
3.525401008548215
3.525401008548215
3.524769386043772
3.524137763539329
3.524769386043772
3.5250851739565405
3.525401008548215
3.524769386043772
3.5244535747915506
3.525401008548215
3.5244535747915506
3.5244535514520976
3.524769386043772
3.524137763539329
3.5244535747915506
3.524137763539329
3.5250851739565405
3.526032607713205
3.5250851972959936
3.5244535514520976
3.524769386043772
3.5257168198004365
3.5244535747915506
3.524769386043772
3.524769386043772
3.5257167964609835
3.5257167964609835
3.525085110393775
3.5231903297826648
3.5244535747915506
3.5250851972959936
3.524769386043772
3.526032631052658
3.5257167964609835
3.5257168198004365
3.5250851739565405
3.5238219522871077
3.524769386043772
3.5257167964609835
3.5244535747915506
3.524769386043772
3.524769386043772
3.525401008548215
3.5250851972959936
3.5244535514520976
3.524769386043772
3.524769386043772
3.5250851972959936
3.5250851972959936
3.524769386043772
3.524769386043772
3.5250851972959936
3.526032607713205
3.524137740199876
3.524769386043772
3.5250851972959936
3.5244535747915506
3.524769386043772
3.525400985208762
3.525401008548215
3.525401008548215
3.524769362704319
3.5244535747915506
3.5250851972959936
3.5244535747915506
3.5250851972959936
3.524769386043772
3.5244535747915506
3.524137763539329
3.5241376766371104
3.5250851972959936
3.524769386043772
3.525400985208762
3.524769386043772
3.5244535747915506
3.524769386043772
3.525401008548215
3.526032544150439
3.524769386043772
3.524769386043772
3.524137763539329
3.525400985208762
3.5250851739565405
3.524769386043772
3.5263484423048794
3.5254009216459963
3.5250851972959936
3.526032544150439
3.525401008548215
3.525401008548215
3.524769386043772
3.5244535747915506
3.525401008548215
3.524769362704319
3.5250851972959936
3.5244535747915506
3.5250851972959936
3.525401008548215
3.5250851972959936
3.525400985208762
3.5263484189654264
3.5238219522871077
3.5250851972959936
3.5250851972959936
3.524137763539329
3.525401008548215
3.524769386043772
3.5250851972959936
3.5250851972959936
3.526032607713205
3.5250851972959936
3.525401008548215
3.524137763539329
3.5250851739565405
3.525401008548215
3.525401008548215
3.5244535747915506
3.525401008548215
3.524769386043772
3.524769386043772
3.524769386043772
3.5250851972959936
3.5250851972959936
3.5250851739565405
3.5250851972959936
3.5250851972959936
3.5244535747915506
3.525401008548215
3.5244535747915506
3.524137763539329
3.5250851972959936
3.524769386043772
3.524137763539329
3.5254009216459963
3.524769386043772
3.5238219522871077
3.524769386043772
3.5250851972959936
3.524769386043772
3.5244535747915506
3.524137763539329
3.5257168198004365
3.5257168198004365
3.5250851972959936
3.5250851972959936
3.5250851972959936
3.524769386043772
3.525401008548215
3.525401008548215
3.5244535747915506
3.5250851972959936
3.5250851972959936
3.5250851972959936
3.5250851972959936
3.526032631052658
3.5238219522871077
3.5263484423048794
3.524769362704319
3.524137763539329
3.5250851972959936
3.5244535747915506
3.5250851739565405
3.5244535747915506
3.5235061410348862
3.5250851972959936
3.5250851972959936
3.5250851972959936
3.5263484423048794
3.5244535747915506
3.524769386043772
3.524769386043772
3.5244535747915506
3.526032631052658
3.5254009216459963
3.524137763539329
3.5244535747915506
3.525400985208762
3.5250851972959936
3.5250851972959936
3.5250851972959936
3.5250851972959936
3.5250851739565405
3.5257168198004365
3.524769386043772
3.5238219522871077
3.5250851739565405
3.524769386043772
3.5250851739565405
3.524769386043772
3.524769386043772
3.5244535747915506
3.525401008548215
3.5254009216459963
3.524769386043772
3.5257168198004365
3.5260324805876735
3.5250851972959936
3.524769386043772
3.5250851739565405
3.5250851972959936
3.5257167964609835
3.524769386043772
3.525401008548215
3.5231903297826648
3.5257167964609835
3.5257168198004365
3.5238219522871077
3.526032631052658
3.5250851972959936
3.5244535747915506
3.5244535747915506
3.5244535747915506
3.5250851739565405
3.5244535747915506
3.524769386043772
3.525401008548215
3.5250851972959936
3.524137763539329
3.524137763539329
3.525085110393775
3.5257167964609835
3.5250851972959936
3.524137740199876
3.5250851972959936
3.525401008548215
3.5244535747915506
3.5250851972959936
3.5238219522871077
3.5250851739565405
3.5257168198004365
3.524137763539329
3.524137763539329
3.5244535747915506
3.5244535747915506
3.5250851972959936
3.5231903297826648
3.5244535747915506
3.5250851972959936
3.526032631052658
3.524137763539329
3.524769386043772
3.525400985208762
3.524769386043772
3.524769386043772
3.5244535747915506
3.5250851972959936
3.525401008548215
3.524769362704319
3.524137763539329
3.5263484189654264
3.5250851972959936
3.5257168198004365
3.524769362704319
3.525400985208762
3.5250851972959936
3.525401008548215
3.525085110393775
3.5235061410348862
3.5244535747915506
3.5266641030921164
3.5244535747915506
3.5244535514520976
3.5244535747915506
3.5250851972959936
3.5244535514520976
3.5250851972959936
3.524769386043772
3.5250851739565405
3.524769386043772
3.524769386043772
3.5250851972959936
3.5250851972959936
3.525085110393775
3.524769386043772
3.525401008548215
3.525401008548215
3.5250851972959936
3.5250851739565405
3.5250851739565405
3.525401008548215
3.5244535747915506
3.524769386043772
3.525401008548215
3.5250851972959936
3.5250851972959936
3.5235061410348862
3.524137763539329
3.525400985208762
3.526032631052658
3.5238219522871077
3.5250851972959936
3.5250851972959936
3.5244535747915506
3.5250851972959936
3.526032607713205
3.525085110393775
3.5250851972959936
3.526032607713205
3.5244535747915506
3.524769386043772
3.525401008548215
3.5244535747915506
3.5244535747915506
3.5244535747915506
3.524769386043772
3.526032631052658
3.524137763539329
3.524769386043772
3.525401008548215
3.524137763539329
3.5231903297826648
3.526032607713205
3.524769386043772
3.525401008548215
3.5250851739565405
3.5250851972959936
3.5250851972959936
3.524769386043772
3.524769386043772
3.524769386043772
3.5244535747915506
3.524137763539329
3.5235061410348862
3.524137763539329
3.5257168198004365
3.525400985208762
3.525401008548215
3.524137763539329
3.524769386043772
3.524769386043772
3.5238219289476547
3.5250851972959936
3.5263483554026607
3.524769386043772
3.5257168198004365
3.5244535747915506
3.5257168198004365
3.524769386043772
3.5250851739565405
3.5244535747915506
3.524769386043772
3.525085110393775
3.5238219522871077
3.524769386043772
3.5244535747915506
3.524769386043772
3.5244535747915506
3.5250851972959936
3.5257168198004365
3.525401008548215
3.524769386043772
3.525401008548215
3.5244535747915506
3.526032631052658
3.525085110393775
3.5250851972959936
3.525400985208762
3.5238219522871077
3.525401008548215
3.5250851972959936
3.5250851972959936
3.5257168198004365
3.525085046831009
3.5250851972959936
3.5250851739565405
3.5250851972959936
3.525401008548215
3.524137763539329
3.5250851972959936
3.5250851972959936
3.5250851739565405
3.524769386043772
3.5250851972959936
3.524769362704319
3.5250851972959936
3.5257168198004365
3.5250851972959936
3.524769386043772
3.524137763539329
3.526032631052658
3.5257167964609835
3.524769386043772
3.524137763539329
3.524769386043772
3.524769386043772
3.5238219289476547
3.5250851739565405
3.5250851739565405
3.526032607713205
3.5257168198004365
3.5257168198004365
3.5250851739565405
3.5250851972959936
3.525401008548215
3.524769362704319
3.525401008548215
3.525085110393775
3.5250851739565405
3.5238219522871077
3.5244535747915506
3.525401008548215
3.5263484189654264
3.524137763539329
3.525401008548215
3.5254009216459963
3.524769386043772
3.5250851972959936
3.524769386043772
3.5250851972959936
3.5257168198004365
3.5250851972959936
3.526032607713205
3.525401008548215
3.5250851972959936
3.524769386043772
3.5244535747915506
3.524769386043772
3.525400985208762
3.5244535747915506
3.525401008548215
3.5250851972959936
3.524769386043772
3.525401008548215
3.5250851972959936
3.5257168198004365
3.5244535747915506
3.524769386043772
3.5257168198004365
3.5244535747915506
3.526032631052658
3.525400985208762
3.5250851972959936
3.526032631052658
3.525085110393775
3.5250851972959936
3.525400985208762
3.524769386043772
3.524769386043772
3.5244535747915506
3.525401008548215
3.524769386043772
3.525716669335452
3.524769386043772
3.5257167328982177
3.5244535747915506
3.5250851972959936
3.5244535747915506
3.5244535747915506
3.524769386043772
3.5244535747915506
3.524769386043772
3.5257167964609835
3.525401008548215
3.5257168198004365
3.524137763539329
3.5244535747915506
3.525400985208762
3.525401008548215
3.5250851972959936
3.5257167328982177
3.526032544150439
3.524137763539329
3.524769386043772
3.5250851972959936
3.5250851739565405
3.5235061410348862
3.5250851972959936
3.524769386043772
3.5250851972959936
3.526032631052658
3.525401008548215
3.525401008548215
3.5244535747915506
3.524769386043772
3.5250851972959936
3.525401008548215
3.5244535747915506
3.5257167964609835
3.5244535747915506
3.525401008548215
3.524769386043772
3.5254008580832306
3.5250851972959936
3.5250851972959936
3.525400985208762
3.5250851739565405
3.524769362704319
3.524769386043772
3.525401008548215
3.5254009216459963
3.526032607713205
3.525401008548215
3.5257168198004365
3.525401008548215
3.526032607713205
3.524769386043772
3.5257168198004365
3.5263484189654264
3.524769386043772
3.524769386043772
3.524769386043772
3.524137763539329
3.5257168198004365
3.524769386043772
3.5244535747915506
3.525401008548215
3.5244535747915506
3.525401008548215
3.524769386043772
3.5244535747915506
3.5244535747915506
3.524137763539329
3.5250851972959936
3.5244535747915506
3.5250851739565405
3.5250851972959936
3.525401008548215
3.5257167964609835
3.5257168198004365
3.5250851739565405
3.524769386043772
3.524137763539329
3.5250851739565405
3.524137763539329
3.524769386043772
3.5238219522871077
3.524137763539329
3.524769362704319
3.5231903297826648
3.524769386043772
3.525401008548215
3.524769362704319
3.525401008548215
3.5244535747915506
3.5238219522871077
3.524769386043772
3.5250851739565405
3.5238219522871077
3.5257168198004365
3.525085110393775
3.5244535747915506
3.5244535747915506
3.525400985208762
3.524769386043772
3.525401008548215
3.5250851972959936
3.524137763539329
3.525401008548215
3.5244535747915506
3.5257168198004365
3.526032607713205
3.524769386043772
3.5244535747915506
3.5263483554026607
3.525401008548215
3.5250851972959936
3.5250851972959936
3.524769362704319
3.5238219522871077
3.524769386043772
3.525401008548215
3.5250851972959936
3.5250851739565405
3.524769386043772
3.525401008548215
3.525716669335452
3.524769386043772
3.525401008548215
3.5250851972959936
3.5244535747915506
3.525401008548215
3.5250851972959936
3.5250851972959936
3.5244535747915506
3.5250851739565405
3.5257168198004365
3.525401008548215
3.5244535747915506
3.5257168198004365
3.5250851739565405
3.5257168198004365
3.5263484423048794
3.524769362704319
3.5250851972959936
3.524769386043772
3.524769386043772
3.524769386043772
3.5254009216459963
3.524769386043772
3.5244535747915506
3.5244535747915506
3.524769386043772
3.5250851972959936
3.5250851972959936
3.5244535747915506
3.5250851739565405
3.5238219522871077
3.526032631052658
3.5244535747915506
3.5244535747915506
3.5257167328982177
3.526032631052658
3.5250851972959936
3.5257168198004365
3.5250851972959936
3.525401008548215
3.525401008548215
3.5250851972959936
3.525401008548215
3.5238219522871077
3.5244535747915506
3.525401008548215
3.524769386043772
3.5257168198004365
3.524137763539329
3.5250851972959936
3.524769386043772
3.524769386043772
3.524769386043772
3.524137763539329
3.5250851739565405
3.524769386043772
3.5254008580832306
3.5250851972959936
3.5250851972959936
3.524769362704319
3.524137763539329
3.5238219522871077
3.524769386043772
3.525401008548215
3.526032544150439
3.5263484423048794
3.526032607713205
3.5250851739565405
3.5257167964609835
3.5244535747915506
3.5238219522871077
3.526664230217648
3.524453487889332
3.525401008548215
3.5244535514520976
3.526032607713205
3.525401008548215
3.524769362704319
3.524769386043772
3.5257168198004365
3.5250851739565405
3.525401008548215
3.524769386043772
3.525401008548215
3.526032631052658
3.5244535514520976
3.524137763539329
3.5250851972959936
3.525085110393775
3.5250851972959936
3.525400985208762
3.5244535747915506
3.524769386043772
3.524769386043772
3.525400985208762
3.524769386043772
3.524769386043772
3.524137763539329
3.5250851739565405
3.525400985208762
3.524769386043772
3.5250851972959936
3.5250851972959936
3.524137763539329
3.524137763539329
3.5257168198004365
3.5250851972959936
3.5250851972959936
3.524137763539329
3.5250851972959936
3.526032607713205
3.5244535747915506
3.525400985208762
3.5250851972959936
3.524453487889332
3.524769386043772
3.524769386043772
3.5250851739565405
3.524769386043772
3.5235061410348862
3.5244535747915506
3.5250851972959936
3.525400985208762
3.5263483554026607
3.524137763539329
3.524769362704319
3.524137763539329
3.525401008548215
3.525400985208762
3.5257168198004365
3.525400985208762
3.5250851739565405
3.525401008548215
3.5231903297826648
3.526032544150439
3.5250851972959936
3.525716669335452
3.526032631052658
3.5257167328982177
3.525400985208762
3.525401008548215
3.5250851739565405
3.5250851739565405
3.5257168198004365
3.5257167964609835
3.5250851972959936
3.5250851972959936
3.524769386043772
3.526032631052658
3.524769386043772
3.5257168198004365
3.5250851972959936
3.524137763539329
3.5244535747915506
3.525401008548215
3.524137763539329
3.5250851972959936
3.524769386043772
3.524769386043772
3.525401008548215
3.5254009216459963
3.524769386043772
3.5257168198004365
3.5238219522871077
3.5244535747915506
3.524769386043772
3.5257167328982177
3.5250851972959936
3.525400985208762
3.5257167964609835
3.525401008548215
3.5244535747915506
3.5250851972959936
3.524137763539329
3.5250851739565405
3.5244535747915506
3.526032631052658
3.524137763539329
3.524137763539329
3.5250851739565405
3.5244535747915506
3.524769386043772
3.5254008580832306
3.5263483554026607
3.524137763539329
3.5244535747915506
3.525401008548215
3.525400985208762
3.5244535747915506
3.5244535747915506
3.526032631052658
3.5250851972959936
3.5250851972959936
3.524769386043772
3.526664253557101
3.5263484189654264
3.5257167964609835
3.524769386043772
3.5257168198004365
3.525401008548215
3.5257167964609835
3.524769386043772
3.5244535747915506
3.525401008548215
3.5250851972959936
3.524137763539329
3.5250851972959936
3.526032607713205
3.5250851972959936
3.5250851972959936
3.5244535747915506
3.5257168198004365
3.5250851972959936
3.525400985208762
3.5250851972959936
3.525400985208762
3.5257167964609835
3.526032631052658
3.524137763539329
3.5257167328982177
3.524137763539329
3.5257167964609835
3.5244535747915506
3.524769386043772
3.5250851739565405
3.524769386043772
3.526032631052658
3.5257167964609835
3.5250851972959936
3.525401008548215
3.5250851739565405
3.524769386043772
3.524769386043772
3.524769362704319
3.5238219522871077
3.5257168198004365
3.524769362704319
3.524769386043772
3.524769386043772
3.5250851972959936
3.5257168198004365
3.5244535747915506
3.524769386043772
3.5250851972959936
3.525400985208762
3.524769386043772
3.525401008548215
3.525401008548215
3.5244535747915506
3.5250851972959936
3.525401008548215
3.5244535747915506
3.525401008548215
3.524137763539329
3.5257168198004365
3.5250851739565405
3.524769386043772
3.525401008548215
3.5244535747915506
3.5244535747915506
3.5250851972959936
3.5250851972959936
3.5257168198004365
3.5244535747915506
3.526032544150439
3.524769386043772
3.5250851972959936
3.5250851972959936
3.5250851972959936
3.526032544150439
3.524137763539329
3.525401008548215
3.5250851972959936
3.5257168198004365
3.524769386043772
3.5250851972959936
3.5250851972959936
3.524137763539329
3.5244535747915506
3.524769362704319
3.524769386043772
3.524769386043772
3.5244535747915506
3.5244535747915506
3.524769386043772
3.5244535514520976
3.524769386043772
3.525401008548215
3.5250851972959936
3.525401008548215
3.5238219289476547
3.5250851972959936
3.5244535747915506
3.5263484189654264
3.525401008548215
3.5257167964609835
3.525401008548215
3.5244535747915506
3.524769362704319
3.524137763539329
3.525401008548215
3.524769386043772
3.526032631052658
3.5244535747915506
3.5257167328982177
3.5257168198004365
3.525401008548215
3.525085110393775
3.525401008548215
3.526032607713205
3.525400985208762
3.524769386043772
3.524137763539329
3.5238219522871077
3.524137763539329
3.5244535514520976
3.5244535747915506
3.5250851739565405
3.524769386043772
3.524137763539329
3.524769386043772
3.5250851972959936
3.524769386043772
3.524769386043772
3.525401008548215
3.5254009216459963
3.5250851972959936
3.5250851972959936
3.5244535747915506
3.525400985208762
3.5250851739565405
3.5238219522871077
3.524769386043772
3.5257167964609835
3.524137763539329
3.525401008548215
3.5257167964609835
3.5250851972959936
3.5257167964609835
3.524137740199876
3.525401008548215
3.5244535747915506
3.5244535747915506
3.525401008548215
3.5257168198004365
3.524769386043772
3.5250851739565405
3.5257168198004365
3.5257168198004365
3.5235061410348862
3.525401008548215
3.5250851972959936
3.524769362704319
3.525400985208762
3.524769386043772
3.5250851972959936
3.5250851972959936
3.524137763539329
3.525401008548215
3.526032544150439
3.524769386043772
3.5257168198004365
3.525716669335452
3.524137763539329
3.5250851972959936
3.524769362704319
3.5244535747915506
3.524769386043772
3.525401008548215
3.5244535747915506
3.5250851972959936
3.5244535747915506
3.5257168198004365
3.5263482282771292
3.525400985208762
3.5257168198004365
3.525401008548215
3.5250851972959936
3.5235061410348862
3.524769386043772
3.526032544150439
3.5250851739565405
3.524769386043772
3.525401008548215
3.5257167964609835
3.5257167964609835
3.524769386043772
3.5250851972959936
3.5250851972959936
3.5238219522871077
3.5250851739565405
3.525401008548215
3.5244535747915506
3.525401008548215
3.524769386043772
3.525401008548215
3.5250851972959936
3.5250851972959936
3.5257167964609835
3.5244535747915506
3.5244535747915506
3.5244535747915506
3.526032607713205
3.525085110393775
3.5244535747915506
3.524769362704319
3.524769386043772
3.5235061410348862
3.524769362704319
3.5250851972959936
3.5244535747915506
3.524137763539329
3.5250851972959936
3.5257168198004365
3.524769386043772
3.525401008548215
3.5254009216459963
3.5250851972959936
3.524769386043772
3.525401008548215
3.5235061410348862
3.526032631052658
3.5250851972959936
3.524769386043772
3.5257167964609835
3.524769362704319
3.5250851972959936
3.524137763539329
3.524137763539329
3.525401008548215
3.5250851739565405
3.5244535747915506
3.525400985208762
3.5244535747915506
3.526032631052658
3.525400985208762
3.5250851972959936
3.525401008548215
3.5263483554026607
3.5244535747915506
3.525401008548215
3.5257167328982177
3.524137763539329
3.5244535747915506
3.5244535747915506
3.524769386043772
3.524137763539329
3.526032631052658
3.524769386043772
3.525401008548215
3.525716669335452
3.5244535747915506
3.5244535747915506
3.524137763539329
3.524137763539329
3.524769386043772
3.5250851739565405
3.524769386043772
3.525401008548215
3.524769386043772
3.524769386043772
3.5244535747915506
3.525400985208762
3.5244535747915506
3.5263484189654264
3.524137740199876
3.525401008548215
3.5250851972959936
3.524769386043772
3.5250851972959936
3.5250851972959936
3.524137763539329
3.5250851972959936
3.525401008548215
3.5257168198004365
3.524769386043772
3.524769386043772
3.5244535747915506
3.524769362704319
3.5244535747915506
3.5257168198004365
3.525085110393775
3.526032631052658
3.5244535747915506
3.5257167328982177
3.5244535747915506
3.5257167964609835
3.5244535747915506
3.5244535747915506
3.5250851972959936
3.5244535747915506
3.524137763539329
3.5244535747915506
3.525400985208762
3.5250851972959936
3.5244535747915506
3.5257167964609835
3.5250851972959936
3.5250851739565405
3.524769362704319
3.5244535747915506
3.5257168198004365
3.525401008548215
3.5257167964609835
3.524769386043772
3.5244535747915506
3.5250851972959936
3.5244535514520976
3.524769386043772
3.524769386043772
3.5250851972959936
3.524769386043772
3.525400985208762
3.524769362704319
3.5250851972959936
3.525400985208762
3.5250851972959936
3.525401008548215
3.525401008548215
3.5257168198004365
3.5250851972959936
3.524769386043772
3.5244535747915506
3.524769386043772
3.5250851739565405
3.525401008548215
3.5250851739565405
3.5244535747915506
3.5250851972959936
3.524769386043772
3.524137763539329
3.525401008548215
3.525400985208762
3.5250851972959936
3.5250851972959936
3.5257168198004365
3.525401008548215
3.5250851972959936
3.5257168198004365
3.5244535747915506
3.525085110393775
3.524137763539329
3.5250851972959936
3.524769362704319
3.524137763539329
3.5244535747915506
3.5250851972959936
3.524769386043772
3.5247692355787876
3.524137763539329
3.5244535747915506
3.526032631052658
3.525401008548215
3.524137763539329
3.526032631052658
3.5244535747915506
3.5260324805876735
3.5244535747915506
3.5250851972959936
3.5244535747915506
3.525401008548215
3.525401008548215
3.524769362704319
3.5250851972959936
3.5250851739565405
3.5238219522871077
3.524769386043772
3.5244535747915506
3.525401008548215
3.524769362704319
3.5244535747915506
3.5244535747915506
3.5244535747915506
3.525401008548215
3.5250851739565405
3.524137763539329
3.5244535747915506
3.524137763539329
3.5244535747915506
3.5250851972959936
3.5241376766371104
3.5257168198004365
3.5250851972959936
3.5250851972959936
3.524137763539329
3.5254009216459963
3.5269799779071036
3.5257168198004365
3.5250851739565405
3.525401008548215
3.5254009216459963
3.526032607713205
3.524769386043772
3.524769386043772
3.5250851972959936
3.524769386043772
3.5254009216459963
3.525401008548215
3.5257167964609835
3.525401008548215
3.524769386043772
3.5244535747915506
3.524769386043772
3.5238219522871077
3.5250851972959936
3.5250851972959936
3.524137763539329
3.524137763539329
3.524769386043772
3.5250851739565405
3.524769386043772
3.5250851972959936
3.524769386043772
3.5250851972959936
3.525400985208762
3.525401008548215
3.525401008548215
3.5244535747915506
3.5250851972959936
3.5238219522871077
3.5238219522871077
3.5257168198004365
3.524137763539329
3.5257168198004365
3.525401008548215
3.524137763539329
3.5244535747915506
3.5269800648093224
3.524769386043772
3.5238219522871077
3.5257168198004365
3.525400985208762
3.5250851972959936
3.5244535747915506
3.524769386043772
3.5250851972959936
3.5238219289476547
3.5257168198004365
3.524769386043772
3.526032607713205
3.525401008548215
3.5244535747915506
3.525400985208762
3.525401008548215
3.524769386043772
3.5257168198004365
3.5235061410348862
3.524137763539329
3.524769386043772
3.524769386043772
3.524769386043772
3.5257168198004365
3.5241376766371104
3.524137763539329
3.524769386043772
3.5244535747915506
3.524769386043772
3.5244535747915506
3.524137763539329
3.5250851972959936
3.524769386043772
3.5250851972959936
3.526032607713205
3.524769386043772
3.5257168198004365
3.524769362704319
3.524769386043772
3.5244535747915506
3.5244535747915506
3.5250851972959936
3.5244535747915506
3.5238219522871077
3.524137763539329
3.525085110393775
3.5257168198004365
3.5250851972959936
3.525716669335452
3.524137763539329
3.5257167328982177
3.5250851739565405
3.5250851972959936
3.524137763539329
3.5244535747915506
3.5250851972959936
3.5250851972959936
3.5235061410348862
3.524769386043772
3.5257167964609835
3.5254009216459963
3.526032607713205
3.524769386043772
3.525401008548215
3.525401008548215
3.5244535514520976
3.5238219522871077
3.526032544150439
3.524769386043772
3.524769386043772
3.524769386043772
3.5250851972959936
3.526032631052658
3.5244535514520976
3.5257167964609835
3.5250851739565405
3.524769386043772
3.5257168198004365
3.5244535747915506
3.5250851739565405
3.5244535747915506
3.5257167328982177
3.5250851972959936
3.524769386043772
3.5244535747915506
3.5250851972959936
3.524769386043772
3.524769386043772
3.5257168198004365
3.524769386043772
3.525085110393775
3.524137763539329
3.525401008548215
3.5247692991415533
3.5231903297826648
3.524137763539329
3.524769386043772
3.525401008548215
3.524137763539329
3.525401008548215
3.5250851972959936
3.5244535747915506
3.524769386043772
3.524769386043772
3.524769386043772
3.524137763539329
3.525401008548215
3.5238219522871077
3.5250851972959936
3.5257167328982177
3.5250851739565405
3.5250851972959936
3.5250851739565405
3.5250851972959936
3.5250851972959936
3.524769362704319
3.524137763539329
3.5250851972959936
3.5254009216459963
3.5250851972959936
3.5250851972959936
3.525400985208762
3.525401008548215
3.5263484189654264
3.5238219522871077
3.525401008548215
3.525401008548215
3.525401008548215
3.524137763539329
3.5257168198004365
3.5250851972959936
3.524769386043772
3.524137763539329
3.5257168198004365
3.526032631052658
3.5250851972959936
3.525401008548215
3.524137763539329
3.5235061410348862
3.526032631052658
3.5244535747915506
3.5250851972959936
3.524769386043772
3.5250851972959936
3.5244535747915506
3.524769386043772
3.526032544150439
3.5250851972959936
3.5257168198004365
3.525401008548215
3.5250851972959936
3.524769362704319
3.5250851972959936
3.5244535747915506
3.5250851972959936
3.524137763539329
3.5244535747915506
3.524769386043772
3.5263484423048794
3.525401008548215
3.524769362704319
3.5257167964609835
3.525401008548215
3.526032607713205
3.526032607713205
3.5250851739565405
3.524769386043772
3.5257167964609835
3.524137763539329
3.5244535747915506
3.5244535747915506
3.526032631052658
3.524769386043772
3.524137763539329
3.524769386043772
3.5244535747915506
3.5244535747915506
3.5250851972959936
3.5250851739565405
3.524769386043772
3.525401008548215
3.5244535747915506
3.524137763539329
3.524769362704319
3.524137763539329
3.5257167964609835
3.5244535747915506
3.5250851972959936
3.525401008548215
3.5254009216459963
3.5250851972959936
3.5244535747915506
3.525401008548215
3.5250851972959936
3.525400985208762
3.5250851972959936
3.525401008548215
3.5250851739565405
3.525401008548215
3.525085110393775
3.524769386043772
3.5250851972959936
3.524769386043772
3.5250851972959936
3.524769386043772
3.5250851739565405
3.524769386043772
3.525400985208762
3.5250851739565405
3.5250851972959936
3.5244535747915506
3.5250851972959936
3.524769386043772
3.5244535747915506
3.5257168198004365
3.5250851972959936
3.5263484189654264
3.524137763539329
3.524137740199876
3.526032631052658
3.5250851972959936
3.5244535747915506
3.5244535747915506
3.5238219522871077
3.5244535747915506
3.524137763539329
3.5257167964609835
3.5257168198004365
3.5254009216459963
3.5254009216459963
3.5257167964609835
3.525401008548215
3.524769386043772
3.5244535747915506
3.5250851739565405
3.5257168198004365
3.5257167328982177
3.5244535747915506
3.525401008548215
3.5250851972959936
3.5250851972959936
3.524769386043772
3.5238219522871077
3.5250851972959936
3.5250851972959936
3.5238219522871077
3.524769386043772
3.524769362704319
3.5244535747915506
3.5250851739565405
3.5250851972959936
3.525401008548215
3.5250851972959936
3.5250851972959936
3.526032631052658
3.524769362704319
3.5250851972959936
3.524769386043772
3.5250851972959936
3.5238219522871077
3.5257168198004365
3.5254009216459963
3.5250851972959936
3.5250851972959936
3.524769386043772
3.5250851972959936
3.5244535747915506
3.524769386043772
3.5250851972959936
3.525085110393775
3.5257168198004365
3.5250851739565405
3.5244535747915506
3.526032631052658
3.524769386043772
3.5250851972959936
3.5250851972959936
3.524769386043772
3.524769386043772
3.524137763539329
3.524769386043772
3.525401008548215
3.525400985208762
3.5244535747915506
3.525401008548215
3.5244535747915506
3.5250851972959936
3.525400985208762
3.524769386043772
3.5250851972959936
3.5250851972959936
3.526032544150439
3.525401008548215
3.5254009216459963
3.5250851972959936
3.524769386043772
3.5257167328982177
3.525401008548215
3.5244535747915506
3.5250851972959936
3.526032631052658
3.524769386043772
3.525400985208762
3.5244535747915506
3.524769386043772
3.525401008548215
3.5250851972959936
3.5254009216459963
3.524769386043772
3.525400985208762
3.524769386043772
3.524769386043772
3.5244535747915506
3.5244535747915506
3.524769386043772
3.5250851972959936
3.5250851972959936
3.5238219522871077
3.5235061410348862
3.5244535747915506
3.5250851739565405
3.5244535747915506
3.526032631052658
3.524137763539329
3.525401008548215
3.5250851972959936
3.5238219289476547
3.5250851739565405
3.5250851972959936
3.524769386043772
3.5250851972959936
3.524769386043772
3.524769362704319
3.524769386043772
3.524769386043772
3.5250851972959936
3.5257168198004365
3.525401008548215
3.526664230217648
3.526032631052658
3.524137763539329
3.5244535747915506
3.5244535747915506
3.5244535747915506
3.525401008548215
3.524137763539329
3.5238219522871077
3.525401008548215
3.5250851739565405
3.5257168198004365
3.525401008548215
3.524137763539329
3.5257168198004365
3.524769386043772
3.525401008548215
3.5257168198004365
3.5244535747915506
3.5250851739565405
3.526032631052658
3.5250851739565405
3.524769386043772
3.525401008548215
3.5250851739565405
3.5244535747915506
3.525401008548215
3.524769386043772
3.524769386043772
3.524769386043772
3.525716669335452
3.5257168198004365
3.5238219522871077
3.524769386043772
3.5250851972959936
3.5250851739565405
3.5257168198004365
3.5250851972959936
3.525401008548215
3.524769386043772
3.5257168198004365
3.5250851739565405
3.5244535747915506
3.524769386043772
3.524769386043772
3.525401008548215
3.525401008548215
3.525401008548215
3.525401008548215
3.525401008548215
3.525401008548215
3.5263484423048794
3.524769386043772
3.5263484423048794
3.5257168198004365
3.525400985208762
3.5244535747915506
3.5257168198004365
3.5244535747915506
3.5250851972959936
3.524137763539329
3.526032544150439
3.5244535747915506
3.5257167964609835
3.525085110393775
3.524769386043772
3.524137763539329
3.5257167964609835
3.524769362704319
3.524769362704319
3.524769386043772
3.5247692991415533
3.524137763539329
3.524769386043772
3.524769386043772
3.525400985208762
3.524769386043772
3.524769362704319
3.5235061410348862
3.524769362704319
3.524769362704319
3.5244535747915506
3.526032544150439
3.5244535747915506
3.525400985208762
3.526032607713205
3.5257168198004365
3.524137763539329
3.5257168198004365
3.526032544150439
3.525401008548215
3.5257168198004365
3.5250851972959936
3.524769386043772
3.5244535747915506
3.5244535514520976
3.525401008548215
3.524769386043772
3.5250851972959936
3.5244535747915506
3.525400985208762
3.526032631052658
3.524137763539329
3.5257167964609835
3.524769386043772
3.5244535514520976
3.524769386043772
3.524769386043772
3.525400985208762
3.5257167964609835
3.5250851972959936
3.524769386043772
3.5250851972959936
3.5250851972959936
3.5250851972959936
3.525400985208762
3.5250851739565405
3.525401008548215
3.524769386043772
3.524137763539329
3.525401008548215
3.525400985208762
3.5238219522871077
3.5250851972959936
3.5250851972959936
3.5257168198004365
3.524137763539329
3.524769386043772
3.5254009216459963
3.524769386043772
3.525401008548215
3.5263483554026607
3.524769386043772
3.5257168198004365
3.524769362704319
3.5238219522871077
3.524137763539329
3.525401008548215
3.5238219522871077
3.5244535747915506
3.5250851972959936
3.5250851972959936
3.524769362704319
3.5250851972959936
3.525400985208762
3.5250851972959936
3.5250851972959936
3.5238219522871077
3.5250851972959936
3.5257168198004365
3.525085110393775
3.524769386043772
3.5250851739565405
3.5257168198004365
3.525401008548215
3.5244535747915506
3.5250851972959936
3.5257168198004365
3.524769386043772
3.5250851972959936
3.524769386043772
3.5257167964609835
3.524769386043772
3.524769362704319
3.524769386043772
3.5250851972959936
3.525085046831009
3.5250851972959936
3.524769386043772
3.524769386043772
3.524769386043772
3.525401008548215
3.525400985208762
3.5257168198004365
3.5244535514520976
3.524769386043772
3.524769386043772
3.5250851972959936
3.5244535747915506
3.524769386043772
3.526032631052658
3.526032607713205
3.525085110393775
3.5250851972959936
3.5250851739565405
3.524769386043772
3.5250851739565405
3.5250851739565405
3.525085110393775
3.524769386043772
3.5254009216459963
3.524137763539329
3.525401008548215
3.5244535747915506
3.5257168198004365
3.5257167964609835
3.524769386043772
3.524769386043772
3.525401008548215
3.5250851972959936
3.525400985208762
3.525400985208762
3.5257168198004365
3.5250851972959936
3.5257168198004365
3.526032631052658
3.5266641030921164
3.524769386043772
3.5250851972959936
3.525401008548215
3.525401008548215
3.5257167964609835
3.5250851739565405
3.5257168198004365
3.524137763539329
3.525401008548215
3.524769386043772
3.525400985208762
3.5250851972959936
3.5260324805876735
3.5235061410348862
3.525401008548215
3.525716669335452
3.524769386043772
3.5263484423048794
3.5244535747915506
3.524769386043772
3.524769386043772
3.526032607713205
3.5257168198004365
3.5244535747915506
3.5244535747915506
3.5250851972959936
3.5244535747915506
3.5250851972959936
3.5250851972959936
3.524137763539329
3.5244535747915506
3.5250851972959936
3.5238219522871077
3.5244535747915506
3.5244535747915506
3.5231903297826648
3.525401008548215
3.5254008580832306
3.5244535747915506
3.524769386043772
3.5250851972959936
3.524769386043772
3.5257168198004365
3.524137763539329
3.524769386043772
3.5250851972959936
3.5238219522871077
3.525401008548215
3.5250851972959936
3.5254009216459963
3.5250851972959936
3.525716669335452
3.5244535747915506
3.524769386043772
3.524769386043772
3.525400985208762
3.5250851972959936
3.5244535747915506
3.524769386043772
3.5250851972959936
3.525085110393775
3.525401008548215
3.5257167964609835
3.5238219522871077
3.5250851972959936
3.5250851739565405
3.5235061410348862
3.5244535747915506
3.5231903297826648
3.5250851739565405
3.5250851972959936
3.526032631052658
3.526032631052658
3.5244535747915506
3.524769362704319
3.5257168198004365
3.524769386043772
3.524769386043772
3.5244535747915506
3.524769386043772
3.524137763539329
3.525401008548215
3.5244535514520976
3.525400985208762
3.525401008548215
3.524769362704319
3.524769386043772
3.524769386043772
3.5244535747915506
3.524137763539329
3.524769386043772
3.5238219289476547
3.525401008548215
3.5250851972959936
3.5244535747915506
3.5250851972959936
3.5244535747915506
3.5250851739565405
3.5244535747915506
3.525401008548215
3.5235061410348862
3.5257168198004365
3.5250851972959936
3.526032607713205
3.5257167964609835
3.5257167964609835
3.524769386043772
3.526032631052658
3.524137763539329
3.5244535747915506
3.5257167964609835
3.525401008548215
3.5244535747915506
3.525401008548215
3.525401008548215
3.5250851972959936
3.5257167328982177
3.524137763539329
3.5250851739565405
3.525400985208762
3.5257167964609835
3.525401008548215
3.524769386043772
3.5257167328982177
3.524769362704319
3.5257168198004365
3.5250851972959936
3.526032607713205
3.524769386043772
3.524769386043772
3.524769386043772
3.5250851739565405
3.524769386043772
3.5250851972959936
3.5238219522871077
3.5250851972959936
3.5250851972959936
3.5250851972959936
3.5257168198004365
3.525085110393775
3.5244535747915506
3.5250851739565405
3.525400985208762
3.524769386043772
3.5250851739565405
3.5244535747915506
3.5231903297826648
3.5247692991415533
3.524769386043772
3.524137763539329
3.524769386043772
3.5257168198004365
3.5257168198004365
3.5250851972959936
3.524137763539329
3.5250851739565405
3.524769386043772
3.5231903297826648
3.5250851972959936
3.524769386043772
3.5250851972959936
3.5250851972959936
3.5257168198004365
3.524769362704319
3.526032607713205
3.5250851739565405
3.5257167964609835
3.5257167964609835
3.5257168198004365
3.525401008548215
3.525401008548215
3.526032607713205
3.525401008548215
3.524769386043772
3.5250851972959936
3.5257167964609835
3.5244535747915506
3.5244535747915506
3.5257167964609835
3.5235061410348862
3.524769386043772
3.5250851972959936
3.5263484423048794
3.525401008548215
3.5250851739565405
3.5250851972959936
3.526032607713205
3.524137763539329
3.5250851972959936
3.5250851972959936
3.5238219522871077
3.5244535747915506
3.526032607713205
3.525401008548215
3.5238219522871077
3.5250851972959936
3.5244535747915506
3.5250851739565405
3.524769386043772
3.5244535747915506
3.524769386043772
3.5263484423048794
3.525401008548215
3.5266641030921164
3.5244535747915506
3.5244535747915506
3.524769386043772
3.525401008548215
3.524137740199876
3.525401008548215
3.5244535747915506
3.5257167964609835
3.525401008548215
3.524769386043772
3.5244535747915506
3.5250851972959936
3.524769386043772
3.524137763539329
3.5244535747915506
3.525400985208762
3.525400985208762
3.524137763539329
3.525400985208762
3.526032631052658
3.5244535747915506
3.5250851972959936
3.525401008548215
3.524137763539329
3.5244535747915506
3.5244535747915506
3.524769386043772
3.526032631052658
3.524769386043772
3.524769386043772
3.525401008548215
3.5238219522871077
3.5250851972959936
3.525401008548215
3.5244535747915506
3.5250851972959936
3.525400985208762
3.5250851972959936
3.5250851972959936
3.524769386043772
3.525401008548215
3.5257167964609835
3.5257168198004365
3.525401008548215
3.5254009216459963
3.5244535747915506
3.525401008548215
3.524769386043772
3.524769386043772
3.524769386043772
3.524769386043772
3.5250851972959936
3.5254009216459963
3.5250851972959936
3.525401008548215
3.5244535747915506
3.526032607713205
3.524769386043772
3.524137763539329
3.524769386043772
3.5250851972959936
3.524769386043772
3.5263484423048794
3.5250851739565405
3.5250851972959936
3.5257168198004365
3.524769386043772
3.5244535747915506
3.524769362704319
3.5250851739565405
3.5250851972959936
3.5244535747915506
3.5231903297826648
3.524769386043772
3.5254009216459963
3.5250851972959936
3.5257168198004365
3.524137740199876
3.5250851972959936
3.525401008548215
3.5250851972959936
3.5238219522871077
3.5257167964609835
3.524769386043772
3.524769386043772
3.524137763539329
3.524137740199876
3.5244535747915506
3.5244535747915506
3.5244535747915506
3.525401008548215
3.526032607713205
3.525401008548215
3.524769362704319
3.524769386043772
3.5257168198004365
3.524769386043772
3.5244535514520976
3.525401008548215
3.5257167964609835
3.5250851972959936
3.525401008548215
3.5244535747915506
3.5244535747915506
3.525401008548215
3.5263483554026607
3.5257168198004365
3.5257168198004365
3.5244535747915506
3.5257168198004365
3.524769362704319
3.5244535514520976
3.5250851972959936
3.5244535747915506
3.524769386043772
3.5244535747915506
3.5257167964609835
3.5244535747915506
3.525401008548215
3.525085110393775
3.526032631052658
3.525400985208762
3.525400985208762
3.525401008548215
3.5250851972959936
3.5250851972959936
3.526032607713205
3.524769386043772
3.524769386043772
3.5257168198004365
3.524769362704319
3.5250851972959936
3.525401008548215
3.5244535747915506
3.524137763539329
3.5263483554026607
3.525401008548215
3.524137763539329
3.5244535514520976
3.5250851739565405
3.524769386043772
3.5244535747915506
3.5250851739565405
3.526032607713205
3.524137763539329
3.524769386043772
3.524137763539329
3.526032544150439
3.5263484423048794
3.524769362704319
3.5244535747915506
3.5244535747915506
3.524769386043772
3.5238219522871077
3.5257168198004365
3.526032544150439
3.526032607713205
3.5250851972959936
3.5250851972959936
3.524769386043772
3.5244535747915506
3.5238219522871077
3.5257168198004365
3.5247692991415533
3.524769386043772
3.524769386043772
3.5250851972959936
3.5250851972959936
3.5244535747915506
3.5250851739565405
3.524769386043772
3.524769362704319
3.524769386043772
3.5257168198004365
3.525401008548215
3.525401008548215
3.5257167964609835
3.524769386043772
3.5257168198004365
3.5244535514520976
3.524137763539329
3.524769386043772
3.5250851972959936
3.5263484189654264
3.524137763539329
3.524769386043772
3.5244535747915506
3.525400985208762
3.525400985208762
3.5250851972959936
3.5250851972959936
3.525401008548215
3.525400985208762
3.525400985208762
3.525401008548215
3.5250851972959936
3.5238219522871077
3.5257168198004365
3.5250851972959936
3.525401008548215
3.525400985208762
3.525085110393775
3.525401008548215
3.524769386043772
3.524137763539329
3.525401008548215
3.5257167964609835
3.5250851972959936
3.5244535747915506
3.524769386043772
3.524769386043772
3.525401008548215
3.525401008548215
3.5250851972959936
3.524137763539329
3.525401008548215
3.524769386043772
3.525401008548215
3.526032631052658
3.525085110393775
3.5257168198004365
3.524769386043772
3.525401008548215
3.526032631052658
3.524769362704319
3.5244535747915506
3.5263484423048794
3.5244535747915506
3.524769386043772
3.5257168198004365
3.524769386043772
3.525401008548215
3.5244535747915506
3.525401008548215
3.525401008548215
3.524769362704319
3.525400985208762
3.5244535747915506
3.524769386043772
3.5257168198004365
3.525400985208762
3.5250851972959936
3.5238219522871077
3.5238219522871077
3.5244535747915506
3.5254009216459963
3.525401008548215
3.524769386043772
3.5257167328982177
3.5250851972959936
3.524137763539329
3.524769362704319
3.5244535747915506
3.5244535747915506
3.5250851739565405
3.524769386043772
3.525400985208762
3.524769386043772
3.526032631052658
3.5244535514520976
3.5238219522871077
3.5244535747915506
3.524769386043772
3.524769386043772
3.5244535747915506
3.526032631052658
3.525401008548215
3.5257167964609835
3.5250851972959936
3.5250851972959936
3.5247692991415533
3.525401008548215
3.5244535747915506
3.525401008548215
3.525401008548215
3.5250851739565405
3.525400985208762
3.5250851972959936
3.524769386043772
3.5250851972959936
3.5257167964609835
3.5244535747915506
3.524137763539329
3.5238219522871077
3.525400985208762
3.525401008548215
3.5257167964609835
3.5250851972959936
3.5250851739565405
3.524769386043772
3.524137763539329
3.5250851739565405
3.524769362704319
3.525401008548215
3.5257167328982177
3.524137763539329
3.5257167328982177
3.5257168198004365
3.5250851972959936
3.524769386043772
3.5244535747915506
3.525401008548215
3.524769386043772
3.5263484189654264
3.5244535747915506
3.5250851739565405
3.5257168198004365
3.524769386043772
3.526032607713205
3.5244535747915506
3.525400985208762
3.526032631052658
3.524769386043772
3.525401008548215
3.5244535747915506
3.526032544150439
3.5250851972959936
3.525401008548215
3.525400985208762
3.525401008548215
3.5257168198004365
3.5254009216459963
3.525401008548215
3.525401008548215
3.5250851972959936
3.525401008548215
3.526032631052658
3.525401008548215
3.5257168198004365
3.524769362704319
3.5257168198004365
3.526032631052658
3.524769386043772
3.5250851972959936
3.5250851972959936
3.524769386043772
3.5257168198004365
3.5257168198004365
3.526032607713205
3.5250851972959936
3.526032631052658
3.5254008580832306
3.5257167964609835
3.5257168198004365
3.525401008548215
3.5257167964609835
3.5250851972959936
3.5244535747915506
3.5250851972959936
3.526032631052658
3.525401008548215
3.5263484423048794
3.524769386043772
3.525401008548215
3.5257167964609835
3.5257167964609835
3.5250851972959936
3.525401008548215
3.5244535747915506
3.526664253557101
3.525401008548215
3.5269800648093224
3.524769386043772
3.5257168198004365
3.525401008548215
3.5257168198004365
3.526032607713205
3.5250851972959936
3.5244535747915506
3.526032631052658
3.525401008548215
3.525401008548215
3.5250851972959936
3.525401008548215
3.5250851972959936
3.524137763539329
3.5257167964609835
3.525401008548215
3.5257168198004365
3.524769386043772
3.524769386043772
3.5250851972959936
3.526032607713205
3.525401008548215
3.526032631052658
3.5250851739565405
3.525401008548215
3.526032631052658
3.526664166654882
3.5250851972959936
3.5257167964609835
3.5250851739565405
3.524769386043772
3.526032607713205
3.525400985208762
3.526032631052658
3.5250851972959936
3.5250851972959936
3.525401008548215
3.526032607713205
3.5257168198004365
3.524769386043772
3.5257168198004365
3.5257167964609835
3.525400985208762
3.524769386043772
3.525401008548215
3.524137763539329
3.5257168198004365
3.525401008548215
3.5250851972959936
3.524769386043772
3.525401008548215
3.5257168198004365
3.5257168198004365
3.5250851739565405
3.526348291839895
3.5250851972959936
3.524769386043772
3.526032631052658
3.5263484189654264
3.5257167964609835
3.525401008548215
3.5254008580832306
3.5257167964609835
3.524769386043772
3.5263484189654264
3.526664253557101
3.5250851972959936
3.5263484423048794
3.5250851972959936
3.5260324805876735
3.525401008548215
3.525401008548215
3.526032607713205
3.5257168198004365
3.525400985208762
3.525401008548215
3.526664253557101
3.524769386043772
3.525401008548215
3.5250851972959936
3.5250851972959936
3.5250851972959936
3.5250851972959936
3.5244535747915506
3.525401008548215
3.524137740199876
3.524769386043772
3.5257168198004365
3.5244535747915506
3.5257168198004365
3.526032631052658
3.5254009216459963
3.525401008548215
3.5250851972959936
3.5250851972959936
3.5250851972959936
3.526032607713205
3.525401008548215
3.5250851972959936
3.525401008548215
3.5250851972959936
3.5254009216459963
3.5257167964609835
3.5250851739565405
3.5250851739565405
3.5250851739565405
3.524769386043772
3.5244535747915506
3.5257168198004365
3.5244535514520976
3.524137763539329
3.5257167328982177
3.524769386043772
3.5250851972959936
3.525401008548215
3.525401008548215
3.525401008548215
3.5250851972959936
3.5250851972959936
3.5257167964609835
3.526032631052658
3.5257168198004365
3.5250851972959936
3.5263484423048794
3.526032631052658
3.5250851972959936
3.5257168198004365
3.524137763539329
3.5250851972959936
3.526032607713205
3.525401008548215
3.5250851972959936
3.5238219522871077
3.5257168198004365
3.5244535747915506
3.5250851739565405
3.5257168198004365
3.5244535747915506
3.525401008548215
3.525401008548215
3.5244535514520976
3.525401008548215
3.524137763539329
3.5250851972959936
3.526032631052658
3.5263484189654264
3.5250851972959936
3.526664253557101
3.524769386043772
3.5244535747915506
3.5250851972959936
3.5244535747915506
3.5269799779071036
3.5257167964609835
3.5257168198004365
3.5250851972959936
3.5257167328982177
3.5238219522871077
3.5257168198004365
3.525400985208762
3.525401008548215
3.524769386043772
3.5257167964609835
3.526664253557101
3.5257168198004365
3.5250851739565405
3.525401008548215
3.525401008548215
3.526032631052658
3.5250851972959936
3.525401008548215
3.526664253557101
3.524769386043772
3.525401008548215
3.524769386043772
3.5231903297826648
3.526032607713205
3.5257168198004365
3.526032631052658
3.526664253557101
3.526032607713205
3.525401008548215
3.525401008548215
3.5250851972959936
3.525401008548215
3.5257167964609835
3.526032631052658
3.526032631052658
3.5250851739565405
3.5257168198004365
3.525401008548215
3.5257167964609835
3.526032607713205
3.5260324805876735
3.524769386043772
3.526664253557101
3.5250851972959936
3.526032631052658
3.525400985208762
3.525401008548215
3.525401008548215
3.5250851739565405
3.524137763539329
3.526664253557101
3.5257167328982177
3.524769386043772
3.525401008548215
3.5250851972959936
3.5250851972959936
3.526032631052658
3.5244535747915506
3.5263484423048794
3.5254009216459963
3.5250851972959936
3.524769386043772
3.5244535747915506
3.5257168198004365
3.525401008548215
3.5257168198004365
3.525401008548215
3.5263484189654264
3.524137763539329
3.5250851972959936
3.5257167964609835
3.5244535747915506
3.5244535747915506
3.5244535747915506
3.5257168198004365
3.5263484423048794
3.5257168198004365
3.5235061410348862
3.525401008548215
3.5244535747915506
3.5257168198004365
3.526348291839895
3.5250851972959936
3.526032631052658
3.526032607713205
3.5263484189654264
3.5263484423048794
3.5250851739565405
3.525401008548215
3.5263484423048794
3.5263484189654264
3.5257168198004365
3.5257168198004365
3.524769386043772
3.5250851972959936
3.5263483554026607
3.5250851972959936
3.5257168198004365
3.5257168198004365
3.526664253557101
3.5257167964609835
3.526032607713205
3.524769386043772
3.5257167964609835
3.5250851972959936
3.5254009216459963
3.5250851972959936
3.525401008548215
3.5257168198004365
3.5250851972959936
3.5263484423048794
3.5250851972959936
3.5257168198004365
3.5250851972959936
3.5250851972959936
3.526032631052658
3.525401008548215
3.524769386043772
3.524769386043772
3.5250851972959936
3.5244535747915506
3.5250851972959936
3.525401008548215
3.5250851739565405
3.5257168198004365
3.524769386043772
3.524137763539329
3.524769386043772
3.526032607713205
3.5250851972959936
3.525400985208762
3.5250851972959936
3.526032607713205
3.5263484423048794
3.525400985208762
3.524137763539329
3.5269800648093224
3.5250851739565405
3.525401008548215
3.5257168198004365
3.525400985208762
3.5257168198004365
3.5257168198004365
3.5250851739565405
3.5257168198004365
3.5250851972959936
3.5263484423048794
3.5244535747915506
3.5257168198004365
3.5263484423048794
3.5263484423048794
3.5250851972959936
3.5244535747915506
3.5257168198004365
3.5257168198004365
3.525401008548215
3.524769386043772
3.524769362704319
3.5257168198004365
3.524769386043772
3.525401008548215
3.5250851972959936
3.526664166654882
3.5257168198004365
3.5244535747915506
3.5250851972959936
3.526032631052658
3.5250851972959936
3.526032631052658
3.5250851972959936
3.5257167964609835
3.525400985208762
3.525401008548215
3.524769386043772
3.526032631052658
3.5250851739565405
3.5257167964609835
3.524769386043772
3.525401008548215
3.5257168198004365
3.5250851972959936
3.5263484189654264
3.5257168198004365
3.5263484189654264
3.5244535747915506
3.525401008548215
3.526032631052658
3.526032631052658
3.5257167328982177
3.5257167328982177
3.526032631052658
3.525401008548215
3.5250851972959936
3.5257168198004365
3.5250851972959936
3.525401008548215
3.5250851972959936
3.5244535747915506
3.526032631052658
3.5257167964609835
3.524137763539329
3.5257168198004365
3.5250851972959936
3.524769386043772
3.5263484423048794
3.524769386043772
3.5257168198004365
3.526032631052658
3.5250851739565405
3.5250851972959936
3.5254009216459963
3.5244535747915506
3.5257168198004365
3.5257167964609835
3.525401008548215
3.5263484189654264
3.5257167964609835
3.525401008548215
3.525401008548215
3.5250851972959936
3.5250851972959936
3.5257168198004365
3.525401008548215
3.5257168198004365
3.524769386043772
3.525401008548215
3.5250851972959936
3.526032631052658
3.524769386043772
3.5257168198004365
3.5250851972959936
3.5250851972959936
3.5250851972959936
3.5250851972959936
3.5257168198004365
3.5257168198004365
3.526979914344338
3.5250851972959936
3.5257168198004365
3.524769362704319
3.5250851972959936
3.5250851972959936
3.525401008548215
3.525401008548215
3.5250851972959936
3.525401008548215
3.525401008548215
3.526032607713205
3.5250851972959936
3.5250851972959936
3.525401008548215
3.525400985208762
3.5244535747915506
3.5257167328982177
3.5250851972959936
3.526664253557101
3.5250851972959936
3.526664253557101
3.5244535747915506
3.525401008548215
3.5257168198004365
3.525400985208762
3.5257168198004365
3.5272957255965594
3.5238219522871077
3.5263484423048794
3.5250851739565405
3.5244535747915506
3.525401008548215
3.5257168198004365
3.5257167964609835
3.526032631052658
3.5257167328982177
3.525401008548215
3.5250851972959936
3.5257167964609835
3.5250851972959936
3.5250851972959936
3.524769386043772
3.526032631052658
3.5250851972959936
3.524137763539329
3.524769386043772
3.525400985208762
3.524769386043772
3.5250851972959936
3.5257168198004365
3.5263484423048794
3.5250851972959936
3.5244535747915506
3.526032631052658
3.525400985208762
3.5257168198004365
3.525401008548215
3.5250851972959936
3.524769386043772
3.5244535747915506
3.5257167964609835
3.525401008548215
3.524769386043772
3.5250851739565405
3.5257167964609835
3.5263484189654264
3.526032607713205
3.524137763539329
3.5244535747915506
3.525401008548215
3.524769386043772
3.524769386043772
3.524769386043772
3.5250851972959936
3.5250851972959936
3.525401008548215
3.5254009216459963
3.5257168198004365
3.525401008548215
3.524769386043772
3.5250851972959936
3.5244535747915506
3.524769386043772
3.5250851972959936
3.5257167964609835
3.525085110393775
3.526032631052658
3.5257167964609835
3.5257167964609835
3.5235061410348862
3.524769386043772
3.525401008548215
3.5257168198004365
3.5260324805876735
3.524769386043772
3.524769386043772
3.524769386043772
3.526664253557101
3.5257167964609835
3.524769386043772
3.5263484423048794
3.5257167964609835
3.525400985208762
3.5250851972959936
3.5263483554026607
3.5257168198004365
3.5250851972959936
3.5250851739565405
3.525401008548215
3.5263484423048794
3.5250851739565405
3.526032631052658
3.5250851972959936
3.5263484423048794
3.525401008548215
3.5244535747915506
3.525401008548215
3.525401008548215
3.525401008548215
3.5257168198004365
3.5257168198004365
3.5250851972959936
3.5244535747915506
3.524769386043772
3.525401008548215
3.5250851972959936
3.5257168198004365
3.5250851739565405
3.5257168198004365
3.524769386043772
3.5257168198004365
3.525401008548215
3.5250851972959936
3.525401008548215
3.5257168198004365
3.5250851739565405
3.5257168198004365
3.525401008548215
3.525400985208762
3.5257168198004365
3.524137763539329
3.524769386043772
3.5257168198004365
3.525401008548215
3.5254009216459963
3.5263484189654264
3.5257167964609835
3.5250851972959936
3.5244535747915506
3.5257167964609835
3.5269800414698693
3.526032631052658
3.526032544150439
3.5250851972959936
3.5250851972959936
3.526664166654882
3.5263484189654264
3.5257167964609835
3.5250851739565405
3.525401008548215
3.5257167964609835
3.5250851972959936
3.525401008548215
3.5250851739565405
3.5257167964609835
3.525401008548215
3.5257168198004365
3.5257168198004365
3.5250851972959936
3.525401008548215
3.526032631052658
3.5250851972959936
3.525401008548215
3.525401008548215
3.5244535747915506
3.5250851972959936
3.5257168198004365
3.5257168198004365
3.525401008548215
3.5257167964609835
3.5250851972959936
3.5257168198004365
3.5257168198004365
3.524769386043772
3.525400985208762
3.524769386043772
3.527295852722091
3.524769362704319
3.525401008548215
3.5257167328982177
3.5263484423048794
3.525401008548215
3.5250851972959936
3.526032607713205
3.526664253557101
3.526032607713205
3.526032631052658
3.525401008548215
3.525400985208762
3.525401008548215
3.5257167964609835
3.5250851739565405
3.5257168198004365
3.5257167964609835
3.526032631052658
3.524769386043772
3.524769386043772
3.526032631052658
3.526032631052658
3.5250851972959936
3.525401008548215
3.5257167964609835
3.525401008548215
3.5257168198004365
3.524769386043772
3.5250851972959936
3.526032631052658
3.524769362704319
3.5257168198004365
3.525400985208762
3.5244535747915506
3.525401008548215
3.5257167964609835
3.524137763539329
3.5257168198004365
3.525400985208762
3.526032631052658
3.525401008548215
3.524769386043772
3.526032631052658
3.5244535747915506
3.524137763539329
3.5257167964609835
3.5257167328982177
3.525401008548215
3.524769362704319
3.5257168198004365
3.5244535747915506
3.5250851972959936
3.524769386043772
3.524769386043772
3.525400985208762
3.5250851972959936
3.5244535747915506
3.525401008548215
3.525401008548215
3.5257167964609835
3.5257168198004365
3.525400985208762
3.5250851972959936
3.526664253557101
3.5244535747915506
3.5250851972959936
3.5250851972959936
3.526664230217648
3.5250851972959936
3.525400985208762
3.5250851739565405
3.526664253557101
3.5257168198004365
3.5257168198004365
3.526032631052658
3.5257167964609835
3.5257168198004365
3.525400985208762
3.526032631052658
3.5257168198004365
3.5250851972959936
3.524769386043772
3.5250851972959936
3.5257168198004365
3.5250851972959936
3.526032544150439
3.526032631052658
3.5250851972959936
3.525400985208762
3.525401008548215
3.5263484189654264
3.524769386043772
3.525401008548215
3.524769386043772
3.524769386043772
3.5263484423048794
3.525401008548215
3.5250851972959936
3.5257168198004365
3.5257168198004365
3.5257168198004365
3.5250851972959936
3.5257168198004365
3.524137763539329
3.5250851739565405
3.524769386043772
3.525401008548215
3.5250851972959936
3.526664253557101
3.5257168198004365
3.5244535747915506
3.525401008548215
3.524769386043772
3.525401008548215
3.5250851972959936
3.5250851972959936
3.525401008548215
3.5244535747915506
3.5263484189654264
3.5250851972959936
3.5250851972959936
3.525401008548215
3.5250851972959936
3.5263484189654264
3.5263484423048794
3.525400985208762
3.524769386043772
3.5257168198004365
3.526032607713205
3.5250851972959936
3.525401008548215
3.525401008548215
3.5257168198004365
3.5250851972959936
3.525400985208762
3.5257168198004365
3.525401008548215
3.5250851972959936
3.525401008548215
3.5257167964609835
3.5257168198004365
3.526032631052658
3.5257167328982177
3.5244535747915506
3.524769386043772
3.525401008548215
3.526032631052658
3.5244535747915506
3.526032607713205
3.5250851972959936
3.524137763539329
3.5250851972959936
3.5254009216459963
3.525401008548215
3.5257168198004365
3.526032607713205
3.526032631052658
3.526032631052658
3.526032544150439
3.524769386043772
3.525401008548215
3.5250851972959936
3.525401008548215
3.524769386043772
3.5250851972959936
3.524769386043772
3.524769386043772
3.526664230217648
3.5250851972959936
3.5244535747915506
3.5250851972959936
3.525401008548215
3.5250851972959936
3.5263484189654264
3.526032607713205
3.5244535747915506
3.525401008548215
3.5257167964609835
3.5257168198004365
3.5250851972959936
3.524769386043772
3.5250851972959936
3.525401008548215
3.5257167964609835
3.5250851972959936
3.524137763539329
3.525401008548215
3.524769386043772
3.525401008548215
3.5250851972959936
3.525401008548215
3.524769386043772
3.525401008548215
3.526664253557101
3.5257167964609835
3.5250851972959936
3.525401008548215
3.526032544150439
3.5244535747915506
3.5263484423048794
3.5263483554026607
3.525401008548215
3.526032631052658
3.5250851739565405
3.5250851972959936
3.525401008548215
3.525400985208762
3.524769386043772
3.5250851972959936
3.5247692991415533
3.5257168198004365
3.5254009216459963
3.5257168198004365
3.5238219522871077
3.5250851972959936
3.5250851972959936
3.5257168198004365
3.525401008548215
3.5244535747915506
3.5257168198004365
3.525400985208762
3.5250851972959936
3.526664230217648
3.5250851972959936
3.5250851972959936
3.5250851972959936
3.5250851972959936
3.526032631052658
3.5250851972959936
3.526032607713205
3.5257167964609835
3.525401008548215
3.525401008548215
3.5263484189654264
3.524769386043772
3.526032631052658
3.5250851972959936
3.524769386043772
3.526032631052658
3.5254009216459963
3.524769386043772
3.5257168198004365
3.5250851739565405
3.526664230217648
3.525401008548215
3.524769386043772
3.525401008548215
3.5250851972959936
3.5250851972959936
3.526032631052658
3.5257167964609835
3.5257168198004365
3.526032607713205
3.525401008548215
3.526032631052658
3.5250851972959936
3.526664230217648
3.524769386043772
3.5250851739565405
3.5263484423048794
3.5257168198004365
3.5250851972959936
3.5250851972959936
3.526032631052658
3.5263484189654264
3.5250851972959936
3.526032544150439
3.5257168198004365
3.5244535747915506
3.526032607713205
3.5257168198004365
3.524769386043772
3.5257167964609835
3.5263484423048794
3.5254009216459963
3.526032631052658
3.524769386043772
3.525401008548215
3.5257168198004365
3.525401008548215
3.5244535747915506
3.526032631052658
3.524769362704319
3.5244535747915506
3.525401008548215
3.5244535747915506
3.526032607713205
3.5257167328982177
3.525401008548215
3.527295852722091
3.5250851739565405
3.526032607713205
3.5244535747915506
3.524769386043772
3.5263484423048794
3.5257168198004365
3.5250851972959936
3.526032631052658
3.526032607713205
3.5257168198004365
3.525401008548215
3.5257168198004365
3.5257168198004365
3.525401008548215
3.525401008548215
3.525401008548215
3.5238219522871077
3.5263484423048794
3.526032607713205
3.5257167964609835
3.525401008548215
3.5250851972959936
3.5263484423048794
3.5257168198004365
3.524769386043772
3.5269800414698693
3.5244535514520976
3.5250851972959936
3.524769386043772
3.5257167964609835
3.5263484189654264
3.5257168198004365
3.5257167328982177
3.5250851972959936
3.5263484189654264
3.524769386043772
3.525401008548215
3.524769386043772
3.526032631052658
3.5257168198004365
3.524769386043772
3.5263484423048794
3.5250851972959936
3.5244535747915506
3.526032607713205
3.524769362704319
3.524769386043772
3.525401008548215
3.5244535747915506
3.5250851972959936
3.5250851972959936
3.5250851972959936
3.5250851972959936
3.5244535747915506
3.5263483554026607
3.5257168198004365
3.524137763539329
3.5257167328982177
3.524769386043772
3.5250851739565405
3.5257168198004365
3.525401008548215
3.524769362704319
3.5257168198004365
3.525401008548215
3.524769386043772
3.5250851972959936
3.526032544150439
3.524769386043772
3.5263484423048794
3.5257168198004365
3.5250851972959936
3.5263484423048794
3.525401008548215
3.524769386043772
3.526032607713205
3.5257168198004365
3.524769386043772
3.524137763539329
3.5250851972959936
3.526032631052658
3.524769386043772
3.526032631052658
3.5250851972959936
3.525400985208762
3.524769386043772
3.5257168198004365
3.5244535747915506
3.526664166654882
3.525401008548215
3.526032607713205
3.5263484423048794
3.5244535747915506
3.524769386043772
3.526032631052658
3.5250851739565405
3.5257168198004365
3.5250851972959936
3.524769386043772
3.5250851972959936
3.526664253557101
3.525400985208762
3.5263484189654264
3.5250851972959936
3.525401008548215
3.5250851972959936
3.526032544150439
3.525401008548215
3.5250851972959936
3.525401008548215
3.5250851972959936
3.525401008548215
3.5263484189654264
3.525401008548215
3.525401008548215
3.5257167328982177
3.5250851972959936
3.5250851972959936
3.525401008548215
3.5257168198004365
3.526032607713205
3.5244535747915506
3.526032631052658
3.525401008548215
3.5250851972959936
3.524769362704319
3.5244535747915506
3.526032631052658
3.5244535747915506
3.524137763539329
3.526032631052658
3.525401008548215
3.526032631052658
3.5257167964609835
3.525400985208762
3.5250851972959936
3.5257167328982177
3.5238219522871077
3.5250851972959936
3.5250851972959936
3.5244535514520976
3.525401008548215
3.526032607713205
3.5257167964609835
3.5263484189654264
3.526032631052658
3.5250851972959936
3.524769386043772
3.5250851972959936
3.525401008548215
3.5263483554026607
3.524769386043772
3.525401008548215
3.5250851972959936
3.5244535747915506
3.5257168198004365
3.525401008548215
3.526664166654882
3.526032607713205
3.524769386043772
3.525401008548215
3.525400985208762
3.525401008548215
3.525401008548215
3.526664230217648
3.5250851972959936
3.5269800414698693
3.525400985208762
3.525401008548215
3.524769386043772
3.5250851739565405
3.526664230217648
3.526032631052658
3.5257168198004365
3.5257168198004365
3.5250851972959936
3.526664230217648
3.5257168198004365
3.5254009216459963
3.5244535747915506
3.5263484189654264
3.5257168198004365
3.525401008548215
3.525401008548215
3.526032607713205
3.5257168198004365
3.5244535747915506
3.5250851972959936
3.524769386043772
3.5244535747915506
3.5250851972959936
3.5250851972959936
3.524769362704319
3.525401008548215
3.526032607713205
3.526664166654882
3.526664253557101
3.5257168198004365
3.5250851972959936
3.526032631052658
3.5257167964609835
3.525401008548215
3.5263484423048794
3.525401008548215
3.5250851972959936
3.5257167328982177
3.524769386043772
3.525401008548215
3.5263484189654264
3.5244535747915506
3.525401008548215
3.5257168198004365
3.5257168198004365
3.5244535747915506
3.5257168198004365
3.524769386043772
3.526032607713205
3.525401008548215
3.5250851972959936
3.524769362704319
3.525401008548215
3.525400985208762
3.525401008548215
3.524769386043772
3.5250851972959936
3.526032631052658
3.5257168198004365
3.5244535747915506
3.526032631052658
3.525401008548215
3.5257167964609835
3.5257168198004365
3.525401008548215
3.5250851972959936
3.5257168198004365
3.524769386043772
3.526032631052658
3.5260324805876735
3.5250851972959936
3.5250851972959936
3.5266641030921164
3.5257168198004365
3.525401008548215
3.524769362704319
3.525401008548215
3.525401008548215
3.5257168198004365
3.5244535747915506
3.5244535747915506
3.525401008548215
3.525401008548215
3.5257168198004365
3.524769386043772
3.526664166654882
3.5254009216459963
3.5263484423048794
3.525401008548215
3.526032631052658
3.525400985208762
3.525401008548215
3.526032631052658
3.524769386043772
3.5269800414698693
3.5257168198004365
3.524769386043772
3.524769386043772
3.5244535747915506
3.524769386043772
3.525401008548215
3.5244535747915506
3.5257168198004365
3.5235061410348862
3.5250851972959936
3.525401008548215
3.5257167964609835
3.525401008548215
3.526032607713205
3.5250851972959936
3.5250851972959936
3.5257168198004365
3.525400985208762
3.5250851972959936
3.5244535747915506
3.526032607713205
3.525401008548215
3.525400985208762
3.525401008548215
3.5250851972959936
3.5250851972959936
3.5263483554026607
3.5263484189654264
3.525401008548215
3.524769386043772
3.5250851972959936
3.526032631052658
3.5257168198004365
3.524769386043772
3.5269800414698693
3.524769386043772
3.526032631052658
3.526664253557101
3.5257167328982177
3.525401008548215
3.525401008548215
3.5250851972959936
3.524769386043772
3.5257167964609835
3.5257168198004365
3.5250851972959936
3.526348291839895
3.525400985208762
3.525400985208762
3.5244535747915506
3.525400985208762
3.5263484189654264
3.5250851972959936
3.5250851972959936
3.525716669335452
3.525401008548215
3.526664253557101
3.5257167328982177
3.5263484423048794
3.525401008548215
3.5250851972959936
3.5257168198004365
3.5250851972959936
3.5250851972959936
3.526032631052658
3.524769386043772
3.525401008548215
3.5250851739565405
3.5257168198004365
3.525401008548215
3.5244535747915506
3.524769386043772
3.525400985208762
3.5257168198004365
3.524769386043772
3.526032607713205
3.524769386043772
3.5250851972959936
3.5257167964609835
3.5257168198004365
3.526032607713205
3.5250851972959936
3.5250851972959936
3.525401008548215
3.526032607713205
3.526032631052658
3.5250851739565405
3.5257167964609835
3.525401008548215
3.525401008548215
3.5257168198004365
3.5257168198004365
3.525401008548215
3.5263484423048794
3.5250851739565405
3.525401008548215
3.525401008548215
3.524769386043772
3.526032631052658
3.525400985208762
3.5257167964609835
3.5250851972959936
3.526032631052658
3.525400985208762
3.526032631052658
3.526032607713205
3.525401008548215
3.526032631052658
3.5244535747915506
3.5257167964609835
3.5250851972959936
3.5254009216459963
3.525401008548215
3.525401008548215
3.525085110393775
3.524769386043772
3.5250851972959936
3.5250851972959936
3.525401008548215
3.525400985208762
3.5257167964609835
3.524769386043772
3.5257167964609835
3.5250851972959936
3.525401008548215
3.5257167964609835
3.5263484423048794
3.5263484189654264
3.5254009216459963
3.525401008548215
3.525400985208762
3.5244535747915506
3.525401008548215
3.525401008548215
3.526032631052658
3.5250851972959936
3.5263484189654264
3.525401008548215
3.5263484423048794
3.5257168198004365
3.5257168198004365
3.525401008548215
3.5250851739565405
3.525401008548215
3.525401008548215
3.524769386043772
3.5263484423048794
3.5250851972959936
3.524769386043772
3.5250851972959936
3.5257168198004365
3.5250851972959936
3.526032631052658
3.5257167964609835
3.524769386043772
3.5257168198004365
3.5257168198004365
3.526664230217648
3.525400985208762
3.5250851972959936
3.5250851972959936
3.5250851739565405
3.5257168198004365
3.5250851972959936
3.524769386043772
3.5244535747915506
3.524769386043772
3.524769386043772
3.524137763539329
3.526664253557101
3.524769362704319
3.5257167964609835
3.525401008548215
3.526032607713205
3.5250851972959936
3.524769362704319
3.524769362704319
3.5263484189654264
3.5257168198004365
3.525400985208762
3.5250851972959936
3.5244535747915506
3.5257167328982177
3.525401008548215
3.5250851972959936
3.525401008548215
3.524769386043772
3.5260324805876735
3.5257168198004365
3.5257167964609835
3.5250851972959936
3.5257168198004365
3.525401008548215
3.5250851972959936
3.5263484423048794
3.525400985208762
3.526032631052658
3.5250851972959936
3.5244535747915506
3.525401008548215
3.525400985208762
3.526664230217648
3.525401008548215
3.5244535747915506
3.526032607713205
3.525401008548215
3.5263484189654264
3.525401008548215
3.525401008548215
3.524769386043772
3.5250851972959936
3.525400985208762
3.5257168198004365
3.525400985208762
3.5257168198004365
3.524769386043772
3.5250851972959936
3.5250851739565405
3.525401008548215
3.5244535747915506
3.5250851972959936
3.525401008548215
3.5257167964609835
3.525401008548215
3.524137763539329
3.524769386043772
3.5257168198004365
3.5231903297826648
3.5250851972959936
3.5250851972959936
3.526032631052658
3.525401008548215
3.5257167328982177
3.524769362704319
3.5257168198004365
3.5263481647143635
3.524769386043772
3.526032631052658
3.526032607713205
3.5269800414698693
3.526032544150439
3.524769386043772
3.526032631052658
3.5250851972959936
3.5250851739565405
3.5250851972959936
3.525401008548215
3.5263484189654264
3.525401008548215
3.524769386043772
3.524769386043772
3.525400985208762
3.5257168198004365
3.524769386043772
3.525401008548215
3.526032631052658
3.526032631052658
3.5257168198004365
3.5257168198004365
3.524769386043772
3.524769386043772
3.524137763539329
3.5250851972959936
3.526664253557101
3.524769386043772
3.5263484189654264
3.5257168198004365
3.5250851972959936
3.5257168198004365
3.5244535747915506
3.525401008548215
3.525401008548215
3.5250851972959936
3.5263484189654264
3.5263484423048794
3.525400985208762
3.5250851972959936
3.5263483554026607
3.525401008548215
3.5257168198004365
3.525401008548215
3.525400985208762
3.524769386043772
3.5257168198004365
3.526032631052658
3.5263484189654264
3.5250851972959936
3.525401008548215
3.524137763539329
3.524769386043772
3.526032607713205
3.5250851739565405
3.5257168198004365
3.525401008548215
3.525400985208762
3.5257168198004365
3.524769386043772
3.5250851972959936
3.525401008548215
3.5257167964609835
3.524769386043772
3.526032607713205
3.5238219522871077
3.5250851972959936
3.524769386043772
3.524769386043772
3.5250851972959936
3.524769386043772
3.5257168198004365
3.524769386043772
3.5250851972959936
3.526664253557101
3.5244535747915506
3.524769386043772
3.5263484423048794
3.525401008548215
3.5244535747915506
3.525400985208762
3.525401008548215
3.5257168198004365
3.524769386043772
3.5257168198004365
3.525401008548215
3.5244535747915506
3.5244535747915506
3.5257168198004365
3.525401008548215
3.525401008548215
3.5250851972959936
3.524769386043772
3.5263484189654264
3.5254009216459963
3.525401008548215
3.525401008548215
3.526032631052658
3.526032631052658
3.524769386043772
3.524769362704319
3.526664253557101
3.5257167328982177
3.5263484423048794
3.525401008548215
3.525401008548215
3.526032631052658
3.524769362704319
3.526032631052658
3.526664253557101
3.526032544150439
3.525401008548215
3.526664253557101
3.525401008548215
3.526979914344338
3.525401008548215
3.526348291839895
3.5257168198004365
3.5257168198004365
3.526032607713205
3.5257168198004365
3.5250851739565405
3.524769386043772
3.524769386043772
3.5244535747915506
3.5257168198004365
3.5250851972959936
3.524769362704319
3.525401008548215
3.525401008548215
3.5238219522871077
3.5257168198004365
3.524769386043772
3.5250851972959936
3.5250851972959936
3.524769362704319
3.5250851972959936
3.525401008548215
3.5257168198004365
3.526032607713205
3.526032607713205
3.525400985208762
3.5257168198004365
3.5263484189654264
3.5250851972959936
3.5257168198004365
3.5244535747915506
3.5257168198004365
3.5257168198004365
3.524769386043772
3.525401008548215
3.525401008548215
3.5250851972959936
3.5257168198004365
3.5244535747915506
3.524769386043772
3.526032631052658
3.526032607713205
3.524769386043772
3.5257168198004365
3.5257167964609835
3.525401008548215
3.525400985208762
3.526032631052658
3.525401008548215
3.526032607713205
3.5257168198004365
3.5250851972959936
3.524769362704319
3.5257168198004365
3.526032607713205
3.5250851972959936
3.526032631052658
3.5266640395293507
3.525401008548215
3.5250851972959936
3.524769386043772
3.5244535747915506
3.526032631052658
3.524137763539329
3.524769386043772
3.5250851972959936
3.5250851972959936
3.525401008548215
3.5257168198004365
3.5257167964609835
3.5257168198004365
3.5263483554026607
3.525401008548215
3.525401008548215
3.524137763539329
3.5235061410348862
3.525401008548215
3.5250851972959936
3.526032544150439
3.524769386043772
3.5263484189654264
3.526032607713205
3.5250851972959936
3.524769386043772
3.5263484423048794
3.526032631052658
3.526979850781572
3.5257168198004365
3.5250851972959936
3.524769386043772
3.5257168198004365
3.526032607713205
3.525401008548215
3.526032631052658
3.525401008548215
3.5250851972959936
3.5257167964609835
3.526664230217648
3.526032631052658
3.524137763539329
3.526032631052658
3.5250851972959936
3.5250851739565405
3.526032631052658
3.5257168198004365
3.5257167964609835
3.5244535747915506
3.5257168198004365
3.525400985208762
3.5257168198004365
3.5263484189654264
3.526032607713205
3.5257167964609835
3.524769386043772
3.525401008548215
3.5238219522871077
3.524137763539329
3.524769386043772
3.525401008548215
3.524769386043772
3.5257167964609835
3.524769386043772
3.525401008548215
3.5250851972959936
3.5257168198004365
3.525401008548215
3.5254009216459963
3.5244535747915506
3.525401008548215
3.526032544150439
3.524769386043772
3.525401008548215
3.5244535747915506
3.5257168198004365
3.5238219522871077
3.524137763539329
3.5257168198004365
3.526032631052658
3.5263484189654264
3.5257167328982177
3.5250851972959936
3.526032607713205
3.5244535747915506
3.5250851972959936
3.5257168198004365
3.5257168198004365
3.5250851972959936
3.526032544150439
3.5263483554026607
3.525401008548215
3.5244535747915506
3.525401008548215
3.524769386043772
3.525401008548215
3.5250851972959936
3.526032607713205
3.525400985208762
3.525401008548215
3.524137763539329
3.5257167964609835
3.525401008548215
3.525400985208762
3.5257168198004365
3.5257167964609835
3.5254009216459963
3.5244535747915506
3.525401008548215
3.524137763539329
3.526032631052658
3.5257167964609835
3.526032607713205
3.525401008548215
3.526664230217648
3.5263484423048794
3.5250851972959936
3.5250851972959936
3.5257168198004365
3.5257167964609835
3.5238219522871077
3.526032607713205
3.5250851972959936
3.5250851972959936
3.5250851972959936
3.526032607713205
3.5257168198004365
3.5250851739565405
3.524769386043772
3.525401008548215
3.524769386043772
3.5244535747915506
3.525401008548215
3.526032631052658
3.5257168198004365
3.524769386043772
3.525401008548215
3.525401008548215
3.524769386043772
3.525400985208762
3.5263484423048794
3.5257167964609835
3.525401008548215
3.526664166654882
3.524769386043772
3.5257168198004365
3.5250851739565405
3.524137763539329
3.5263484423048794
3.5250851972959936
3.525401008548215
3.524769386043772
3.526032631052658
3.526032631052658
3.5244535747915506
3.5250851972959936
3.524769386043772
3.524769386043772
3.5250851972959936
3.5257167964609835
3.526032607713205
3.525401008548215
3.5244535747915506
3.525401008548215
3.5244535747915506
3.5257167328982177
3.5244535747915506
3.5250851739565405
3.5244535747915506
3.5250851972959936
3.526032544150439
3.525401008548215
3.5257168198004365
3.5250851972959936
3.5257168198004365
3.5254009216459963
3.526032631052658
3.526664253557101
3.5257167328982177
3.5257168198004365
3.526032631052658
3.524137740199876
3.524769386043772
3.5263483554026607
3.5250851972959936
3.526032631052658
3.525401008548215
3.525400985208762
3.526032631052658
3.5257167964609835
3.5257168198004365
3.525401008548215
3.5250851972959936
3.5250851972959936
3.5250851972959936
3.525401008548215
3.5257168198004365
3.5263483554026607
3.5244535747915506
3.525401008548215
3.5250851972959936
3.526032607713205
3.5244535747915506
3.525400985208762
3.5257168198004365
3.5250851972959936
3.5250851739565405
3.5257168198004365
3.5257168198004365
3.5250851972959936
3.5257168198004365
3.526664230217648
3.5244535747915506
3.5250851972959936
3.5244535747915506
3.524137763539329
3.5250851972959936
3.5257168198004365
3.5244535747915506
3.5257168198004365
3.5250851739565405
3.5257168198004365
3.5257168198004365
3.5263483554026607
3.524137763539329
3.5257168198004365
3.524769386043772
3.524137763539329
3.5257167964609835
3.525400985208762
3.525401008548215
3.5250851972959936
3.525400985208762
3.5257168198004365
3.525401008548215
3.5263484423048794
3.5257168198004365
3.5244535747915506
3.525401008548215
3.5235061410348862
3.5244535514520976
3.525401008548215
3.525400985208762
3.525400985208762
3.5257168198004365
3.525401008548215
3.5250851972959936
3.526032631052658
3.5263483554026607
3.524769386043772
3.5257168198004365
3.5257167964609835
3.524769386043772
3.5244535747915506
3.525400985208762
3.5269800414698693
3.525401008548215
3.524769386043772
3.5257168198004365
3.5257167964609835
3.5250851972959936
3.525401008548215
3.5257167964609835
3.525401008548215
3.524137763539329
3.5250851739565405
3.5244535747915506
3.5257168198004365
3.525400985208762
3.5257168198004365
3.526032631052658
3.5250851739565405
3.5257168198004365
3.5257168198004365
3.5250851739565405
3.524769386043772
3.526032631052658
3.5244535747915506
3.5257168198004365
3.5250851972959936
3.5254009216459963
3.5257168198004365
3.525401008548215
3.525400985208762
3.526032631052658
3.5244535747915506
3.5250851972959936
3.525401008548215
3.525400985208762
3.5257168198004365
3.526032631052658
3.526032544150439
3.525401008548215
3.526032631052658
3.5250851972959936
3.525401008548215
3.5250851972959936
3.524137763539329
3.525401008548215
3.5250851739565405
3.525401008548215
3.5250851972959936
3.5250851739565405
3.5250851972959936
3.5257167964609835
3.5250851972959936
3.5257168198004365
3.5244535747915506
3.5257168198004365
3.5250851972959936
3.524769386043772
3.524769386043772
3.5263484189654264
3.525401008548215
3.525401008548215
3.5250851972959936
3.5250851972959936
3.5250851972959936
3.5250851972959936
3.525401008548215
3.526664166654882
3.5257168198004365
3.525401008548215
3.5263484189654264
3.5250851739565405
3.5257168198004365
3.525401008548215
3.5244535747915506
3.5250851972959936
3.5257167964609835
3.5257168198004365
3.5244535747915506
3.526348291839895
3.5263484423048794
3.5257167328982177
3.5250851972959936
3.5238219522871077
3.5257168198004365
3.524769386043772
3.5257168198004365
3.526032631052658
3.5257168198004365
3.5250851972959936
3.525401008548215
3.5263484423048794
3.526032631052658
3.5250851972959936
3.5250851972959936
3.524769386043772
3.5263484423048794
3.524769386043772
3.5250851972959936
3.5250851972959936
3.525400985208762
3.5257168198004365
3.5250851739565405
3.5257167964609835
3.526664166654882
3.5244535747915506
3.525401008548215
3.525400985208762
3.5250851972959936
3.526032631052658
3.524769386043772
3.5250851972959936
3.525401008548215
3.5250851972959936
3.524769386043772
3.5257167964609835
3.5244535747915506
3.525401008548215
3.5250851972959936
3.524769386043772
3.5257167964609835
3.525401008548215
3.526032607713205
3.526032607713205
3.525400985208762
3.5269800648093224
3.524769386043772
3.525401008548215
3.5250851972959936
3.5257168198004365
3.5250851972959936
3.524769386043772
3.526032631052658
3.526032631052658
3.5244535747915506
3.525401008548215
3.525401008548215
3.5244535747915506
3.5257168198004365
3.5257168198004365
3.5250851972959936
3.526032631052658
3.5263483554026607
3.525401008548215
3.5257168198004365
3.5257168198004365
3.5263484423048794
3.5260324805876735
3.526664253557101
3.524769386043772
3.525401008548215
3.526664166654882
3.526032631052658
3.525401008548215
3.524137763539329
3.5257168198004365
3.5244535747915506
3.525401008548215
3.5257168198004365
3.526032607713205
3.526032631052658
3.5244535747915506
3.5257168198004365
3.526032631052658
3.525400985208762
3.5257168198004365
3.526032631052658
3.5250851972959936
3.525401008548215
3.5250851972959936
3.5244535747915506
3.5257168198004365
3.525401008548215
3.525401008548215
3.525401008548215
3.524769386043772
3.5250851972959936
3.525400985208762
3.526032607713205
3.5250851972959936
3.5257168198004365
3.5257168198004365
3.526032631052658
3.5244535747915506
3.5257168198004365
3.5257168198004365
3.525400985208762
3.5244535747915506
3.524769386043772
3.5263484423048794
3.525401008548215
3.525400985208762
3.525401008548215
3.525401008548215
3.5257168198004365
3.5250851972959936
3.5244535747915506
3.5250851972959936
3.526664253557101
3.5257167964609835
3.525401008548215
3.5257168198004365
3.5250851972959936
3.525401008548215
3.524769386043772
3.5250851739565405
3.5263484189654264
3.526032631052658
3.525400985208762
3.5257168198004365
3.526032607713205
3.526032631052658
3.5269800648093224
3.5250851972959936
3.5250851972959936
3.525401008548215
3.525401008548215
3.525400985208762
3.525401008548215
3.525401008548215
3.524137763539329
3.5263484423048794
3.524769386043772
3.525401008548215
3.5257168198004365
3.5250851972959936
3.5244535747915506
3.526664253557101
3.525400985208762
3.5244535747915506
3.5250851972959936
3.524769386043772
3.526032631052658
3.5257168198004365
3.5257167964609835
3.5257168198004365
3.5244535747915506
3.5257167964609835
3.5257168198004365
3.525401008548215
3.524769386043772
3.5257168198004365
3.524769386043772
3.525401008548215
3.525401008548215
3.524769386043772
3.526032631052658
3.525401008548215
3.526032544150439
3.524137763539329
3.5257168198004365
3.524137763539329
3.525401008548215
3.5250851972959936
3.5257167964609835
3.5250851972959936
3.5250851972959936
3.5244535747915506
3.524769386043772
3.524137763539329
3.525400985208762
3.524769386043772
3.525401008548215
3.5244535747915506
3.5257168198004365
3.525401008548215
3.524769386043772
3.5257168198004365
3.526032544150439
3.5257168198004365
3.525401008548215
3.525401008548215
3.5250851972959936
3.526032631052658
3.5244535747915506
3.525401008548215
3.525401008548215
3.525400985208762
3.526032631052658
3.524769386043772
3.525401008548215
3.525401008548215
3.5250851972959936
3.5250851739565405
3.5263484423048794
3.5254009216459963
3.526032631052658
3.5257168198004365
3.525401008548215
3.5250851972959936
3.524769386043772
3.525401008548215
3.5257168198004365
3.524769386043772
3.5250851739565405
3.5263484423048794
3.5244535747915506
3.5257168198004365
3.525401008548215
3.524769386043772
3.524769386043772
3.5257168198004365
3.526348291839895
3.526032607713205
3.525401008548215
3.524769386043772
3.5263484423048794
3.5257167328982177
3.5250851972959936
3.5250851972959936
3.5260324805876735
3.5250851972959936
3.5257168198004365
3.5250851972959936
3.5257168198004365
3.5250851972959936
3.525400985208762
3.5257168198004365
3.5257167964609835
3.5244535747915506
3.5263484423048794
3.525401008548215
3.5257168198004365
3.5250851972959936
3.5244535747915506
3.5257168198004365
3.526032607713205
3.5263484189654264
3.526032631052658
3.526032607713205
3.5257167964609835
3.5250851972959936
3.5244535514520976
3.5250851972959936
3.5244535747915506
3.5250851972959936
3.525400985208762
3.526664230217648
3.5254008580832306
3.525401008548215
3.526032607713205
3.5257168198004365
3.5257168198004365
3.5250851739565405
3.5250851972959936
3.5250851972959936
3.5257168198004365
3.5250851972959936
3.525400985208762
3.5257168198004365
3.526032631052658
3.5250851739565405
3.524769386043772
3.5250851972959936
3.524137763539329
3.526032631052658
3.524769386043772
3.5244535747915506
3.525400985208762
3.524137763539329
3.524769386043772
3.5250851972959936
3.525401008548215
3.525401008548215
3.524769362704319
3.526032631052658
3.524769386043772
3.524769386043772
3.5263484189654264
3.526032544150439
3.5250851972959936
3.526032607713205
3.526032607713205
3.525401008548215
3.525401008548215
3.5250851972959936
3.524769386043772
3.526348291839895
3.5257167964609835
3.5257167964609835
3.526032544150439
3.5263484423048794
3.5250851972959936
3.5244535747915506
3.526664253557101
3.5257168198004365
3.5263484423048794
3.5250851972959936
3.5250851972959936
3.524769386043772
3.5250851972959936
3.525400985208762
3.5257168198004365
3.526032544150439
3.5250851739565405
3.5250851972959936
3.526032607713205
3.5257168198004365
3.526032631052658
3.525085110393775
3.5250851972959936
3.5257167964609835
3.5257168198004365
3.524769386043772
3.5244535747915506
3.525401008548215
3.5269800648093224
3.525085110393775
3.525401008548215
3.5250851972959936
3.5257168198004365
3.524769386043772
3.526032607713205
3.5250851972959936
3.525401008548215
3.525401008548215
3.5257167964609835
3.5257168198004365
3.524769386043772
3.524769386043772
3.524137763539329
3.5250851972959936
3.526032631052658
3.5254009216459963
3.5257167964609835
3.5250851972959936
3.5257168198004365
3.5257168198004365
3.524769386043772
3.526032631052658
3.525401008548215
3.5244535747915506
3.5257168198004365
3.526032607713205
3.5250851972959936
3.526032631052658
3.5257167964609835
3.5244535747915506
3.525401008548215
3.524769386043772
3.524769386043772
3.525401008548215
3.5257168198004365
3.524769386043772
3.5244535514520976
3.525401008548215
3.525401008548215
3.525400985208762
3.5257168198004365
3.525401008548215
3.524769386043772
3.5244535747915506
3.526032544150439
3.5257167964609835
3.525401008548215
3.524769386043772
3.525400985208762
3.524769386043772
3.5250851972959936
3.524769386043772
3.525401008548215
3.5263484423048794
3.5257167964609835
3.525401008548215
3.525085110393775
3.5269800414698693
3.5263484423048794
3.5257168198004365
3.526032631052658
3.526032631052658
3.524769386043772
3.525401008548215
3.5257167964609835
3.524137763539329
3.526664253557101
3.5263484189654264
3.5257168198004365
3.5257168198004365
3.5257168198004365
3.525401008548215
3.5263484189654264
3.5247692991415533
3.5244535747915506
3.5263484189654264
3.5244535747915506
3.526664253557101
3.5250851739565405
3.5250851972959936
3.5257168198004365
3.525400985208762
3.5263484423048794
3.5250851972959936
3.525401008548215
3.526032631052658
3.525401008548215
3.5260324805876735
3.524769386043772
3.525401008548215
3.524769386043772
3.525401008548215
3.525401008548215
3.524769362704319
3.5257168198004365
3.5250851739565405
3.524769386043772
3.5257168198004365
3.5247692991415533
3.524769386043772
3.5263484189654264
3.525401008548215
3.526032631052658
3.524769386043772
3.5257168198004365
3.5257168198004365
3.526032607713205
3.5250851739565405
3.5250851972959936
3.5244535747915506
3.5257168198004365
3.526032631052658
3.5250851972959936
3.5244535747915506
3.5244535747915506
3.5257167328982177
3.5244535747915506
3.526032631052658
3.525401008548215
3.5257168198004365
3.5257168198004365
3.524769386043772
3.5257168198004365
3.5263484423048794
3.5250851972959936
3.525401008548215
3.524137763539329
3.5250851972959936
3.5257167964609835
3.525401008548215
3.5244535747915506
3.526032631052658
3.5250851739565405
3.5250851972959936
3.525401008548215
3.5250851739565405
3.526032607713205
3.526032631052658
3.524769386043772
3.5257168198004365
3.5257167328982177
3.5250851972959936
3.5250851972959936
3.5244535747915506
3.524769386043772
3.525401008548215
3.524137763539329
3.526032631052658
3.5250851972959936
3.525401008548215
3.526032631052658
3.5250851972959936
3.5250851972959936
3.524137763539329
3.526032631052658
3.5257168198004365
3.5250851972959936
3.5257168198004365
3.5257168198004365
3.524769386043772
3.526032607713205
3.5250851739565405
3.524769386043772
3.525401008548215
3.524769386043772
3.5250851972959936
3.5257168198004365
3.525401008548215
3.524769386043772
3.5263484423048794
3.5250851739565405
3.5257168198004365
3.5257168198004365
3.525400985208762
3.524769386043772
3.525400985208762
3.5257168198004365
3.525401008548215
3.524769386043772
3.525401008548215
3.5257168198004365
3.5250851739565405
3.5250851972959936
3.526032607713205
3.526032631052658
3.525401008548215
3.5263484189654264
3.5244535747915506
3.5263484423048794
3.5250851739565405
3.5257168198004365
3.525401008548215
3.525401008548215
3.526032607713205
3.525401008548215
3.5257168198004365
3.5257168198004365
3.525401008548215
3.5257168198004365
3.525401008548215
3.5257168198004365
3.5257168198004365
3.5250851739565405
3.525401008548215
3.5257168198004365
3.5244535747915506
3.5257168198004365
3.5250851972959936
3.5250851972959936
3.5244535747915506
3.524769386043772
3.526032631052658
3.525401008548215
3.524137763539329
3.524769386043772
3.5263484189654264
3.524769386043772
3.5257167328982177
3.524769386043772
3.5257168198004365
3.5263483554026607
3.5257167964609835
3.525401008548215
3.5250851972959936
3.525400985208762
3.524769386043772
3.524137763539329
3.525401008548215
3.524769386043772
3.526032607713205
3.5250851972959936
3.5250851972959936
3.524769386043772
3.525400985208762
3.524769386043772
3.5257168198004365
3.524769386043772
3.5244535514520976
3.524137763539329
3.5244535747915506
3.526032631052658
3.5250851972959936
3.5250851739565405
3.524769386043772
3.525401008548215
3.524769386043772
3.525401008548215
3.526979914344338
3.5250851972959936
3.5257168198004365
3.525400985208762
3.525401008548215
3.5263484423048794
3.526032607713205
3.5244535747915506
3.524769386043772
3.526032631052658
3.525401008548215
3.525400985208762
3.524769386043772
3.526664253557101
3.524769386043772
3.5257167964609835
3.5250851972959936
3.525400985208762
3.525401008548215
3.5250851972959936
3.526032607713205
3.526032631052658
3.525400985208762
3.525401008548215
3.526032631052658
3.524137763539329
3.5250851972959936
3.524769362704319
3.524137763539329
3.5250851972959936
3.5269800414698693
3.5250851972959936
3.5244535747915506
3.524769386043772
3.5250851972959936
3.5257168198004365
3.5257168198004365
3.524769386043772
3.525401008548215
3.5254009216459963
3.525401008548215
3.5263483554026607
3.5250851972959936
3.5250851972959936
3.5263484423048794
3.525401008548215
3.5257168198004365
3.5244535747915506
3.5244535747915506
3.524769386043772
3.5250851972959936
3.5263484423048794
3.5257168198004365
3.524769386043772
3.526032631052658
3.526032607713205
3.525401008548215
3.524769386043772
3.5250851972959936
3.5244535747915506
3.5250851972959936
3.524769386043772
3.524769386043772
3.5250851972959936
3.5257167328982177
3.525401008548215
3.5250851972959936
3.524769386043772
3.526032631052658
3.525401008548215
3.525401008548215
3.525401008548215
3.525401008548215
3.5250851972959936
3.5263484423048794
3.525400985208762
3.5250851972959936
3.5257168198004365
3.5250851739565405
3.525401008548215
3.5250851972959936
3.524769386043772
3.5257168198004365
3.5257167964609835
3.5257168198004365
3.526664253557101
3.526032544150439
3.5257167328982177
3.526032631052658
3.5235061410348862
3.5250851972959936
3.525401008548215
3.5244535747915506
3.5263484189654264
3.525401008548215
3.526032631052658
3.5263484423048794
3.525400985208762
3.525401008548215
3.5269800648093224
3.525401008548215
3.526032631052658
3.5250851972959936
3.526032607713205
3.526032607713205
3.5257167964609835
3.5266641030921164
3.5244535747915506
3.524769386043772
3.5244535747915506
3.5244535747915506
3.5257168198004365
3.5257167964609835
3.5263484423048794
3.526032631052658
3.524769386043772
3.5250851972959936
3.525401008548215
3.5235061410348862
3.525401008548215
3.5244535747915506
3.5250851739565405
3.526032631052658
3.525401008548215
3.5250851972959936
3.5263484423048794
3.5250851739565405
3.524769386043772
3.525401008548215
3.5238219522871077
3.5257168198004365
3.5238219522871077
3.524137763539329
3.525401008548215
3.5257168198004365
3.524769386043772
3.525401008548215
3.5257168198004365
3.5257167964609835
3.5263484423048794
3.5257168198004365
3.5244535747915506
3.525401008548215
3.5257168198004365
3.524769386043772
3.526664253557101
3.524769386043772
3.5257168198004365
3.5263484423048794
3.5266641030921164
3.525401008548215
3.524769386043772
3.525401008548215
3.525401008548215
3.5250851972959936
3.5250851972959936
3.5244535747915506
3.524769386043772
3.5250851972959936
3.525401008548215
3.525400985208762
3.5263484423048794
3.5257168198004365
3.526032631052658
3.526032631052658
3.5244535514520976
3.5266641030921164
3.5250851972959936
3.5250851972959936
3.526032631052658
3.5263484189654264
3.5257168198004365
3.5257168198004365
3.5263483554026607
3.5257168198004365
3.525401008548215
3.5263484189654264
3.5250851972959936
3.5257168198004365
3.526032607713205
3.525401008548215
3.525085110393775
3.5244535747915506
3.5263484423048794
3.5244535747915506
3.5257168198004365
3.5263484423048794
3.5250851739565405
3.526032631052658
3.5257168198004365
3.526348291839895
3.5257168198004365
3.5244535747915506
3.525401008548215
3.526032631052658
3.526032607713205
3.524769386043772
3.525401008548215
3.524769386043772
3.5244535747915506
3.524769386043772
3.5244535747915506
3.5250851972959936
3.5257167964609835
3.526032631052658
3.526032631052658
3.5257168198004365
3.525401008548215
3.525401008548215
3.5257168198004365
3.524769386043772
3.5263484189654264
3.5263484423048794
3.526032631052658
3.5250851739565405
3.5257168198004365
3.5263484189654264
3.5257168198004365
3.5257168198004365
3.5250851972959936
3.5257168198004365
3.5257168198004365
3.5257167964609835
3.526032607713205
3.5250851972959936
3.5250851972959936
3.525401008548215
3.526032631052658
3.526032631052658
3.5257168198004365
3.5244535747915506
3.5250851972959936
3.5250851972959936
3.524769386043772
3.5257168198004365
3.524769386043772
3.526664230217648
3.5263484423048794
3.524769386043772
3.525401008548215
3.5263484189654264
3.526664230217648
3.525401008548215
3.5244535747915506
3.5263483554026607
3.526032631052658
3.5260324805876735
3.525401008548215
3.524769386043772
3.526032607713205
3.526032631052658
3.5257168198004365
3.526032631052658
3.526032631052658
3.525085110393775
3.5257168198004365
3.5250851972959936
3.525400985208762
3.525401008548215
3.525400985208762
3.5244535747915506
3.5263484423048794
3.5250851739565405
3.5263484423048794
3.524769386043772
3.526032607713205
3.5250851972959936
3.526032544150439
3.525401008548215
3.5250851972959936
3.524769386043772
3.524137763539329
3.525401008548215
3.525400985208762
3.5250851972959936
3.524137740199876
3.524769386043772
3.5257168198004365
3.5250851972959936
3.525401008548215
3.524769386043772
3.5257167964609835
3.525401008548215
3.525401008548215
3.5250851972959936
3.525401008548215
3.5250851972959936
3.5257167964609835
3.526032544150439
3.525401008548215
3.5250851972959936
3.5257167964609835
3.525401008548215
3.526032631052658
3.5244535747915506
3.524137763539329
3.5257168198004365
3.525401008548215
3.5257168198004365
3.5263484189654264
3.5263484189654264
3.5250851972959936
3.526032631052658
3.525401008548215
3.5250851972959936
3.5257167964609835
3.524769386043772
3.524769386043772
3.5250851972959936
3.524137763539329
3.5250851972959936
3.5244535747915506
3.526664253557101
3.526032607713205
3.525401008548215
3.5263484423048794
3.526664166654882
3.5250851972959936
3.526032631052658
3.525400985208762
3.524769386043772
3.526032631052658
3.525401008548215
3.5244535747915506
3.5257167964609835
3.5257168198004365
3.5257168198004365
3.525401008548215
3.524769386043772
3.5257168198004365
3.525401008548215
3.524769386043772
3.5257168198004365
3.5250851972959936
3.5244535747915506
3.524769386043772
3.5250851972959936
3.5250851972959936
3.525401008548215
3.5231903297826648
3.524769386043772
3.524769362704319
3.5257168198004365
3.5250851972959936
3.5250851972959936
3.524769386043772
3.5263484189654264
3.5250851972959936
3.5250851972959936
3.5257167964609835
3.5250851972959936
3.524769386043772
3.526032607713205
3.525401008548215
3.526032631052658
3.524769386043772
3.525401008548215
3.5257168198004365
3.524769386043772
3.526032607713205
3.526032631052658
3.5250851739565405
3.5244535747915506
3.524769386043772
3.5250851972959936
3.525401008548215
3.5250851972959936
3.525401008548215
3.5263484423048794
3.525401008548215
3.5244535747915506
3.525401008548215
3.5250851972959936
3.5257168198004365
3.5257167964609835
3.524769386043772
3.526979914344338
3.5257168198004365
3.5244535747915506
3.5250851739565405
3.5263484423048794
3.5250851972959936
3.525401008548215
3.5250851972959936
3.524137763539329
3.5250851972959936
3.524769386043772
3.5250851972959936
3.525401008548215
3.5263484423048794
3.524769386043772
3.525401008548215
3.5257168198004365
3.524137763539329
3.524769386043772
3.526032631052658
3.5250851739565405
3.5257168198004365
3.526664230217648
3.525401008548215
3.5250851972959936
3.526032544150439
3.525401008548215
3.5250851972959936
3.5254008580832306
3.5250851972959936
3.5244535747915506
3.524137763539329
3.525401008548215
3.524769362704319
3.5257168198004365
3.5250851972959936
3.5250851739565405
3.5250851972959936
3.524769386043772
3.5250851972959936
3.5250851972959936
3.524769386043772
3.5257168198004365
3.525401008548215
3.525400985208762
3.526032607713205
3.5257168198004365
3.525401008548215
3.5250851972959936
3.5250851739565405
3.526032607713205
3.5257168198004365
3.5244535747915506
3.5257168198004365
3.5257168198004365
3.526032631052658
3.5269800648093224
3.5263484189654264
3.5244535747915506
3.5269800414698693
3.5257168198004365
3.5257168198004365
3.5263484423048794
3.525401008548215
3.5250851972959936
3.525401008548215
3.5257167964609835
3.5250851972959936
3.5250851972959936
3.526032607713205
3.5244535747915506
3.5257167964609835
3.5250851972959936
3.5257168198004365
3.5257167964609835
3.5244535747915506
3.5257168198004365
3.5244535747915506
3.5250851972959936
3.525401008548215
3.526032631052658
3.525401008548215
3.5250851972959936
3.5263484423048794
3.5263484189654264
3.524769362704319
3.524769386043772
3.525400985208762
3.525401008548215
3.5257167964609835
3.525401008548215
3.5257168198004365
3.524769386043772
3.5250851972959936
3.5257168198004365
3.525401008548215
3.5257168198004365
3.5263483554026607
3.524769362704319
3.5250851972959936
3.5250851972959936
3.524769386043772
3.526032631052658
3.524769386043772
3.5257168198004365
3.524769386043772
3.525400985208762
3.526032631052658
3.526664166654882
3.526032631052658
3.5257168198004365
3.525401008548215
3.524769386043772
3.5257168198004365
3.5257167964609835
3.526032631052658
3.5260324805876735
3.5263484423048794
3.526664253557101
3.5250851972959936
3.526032631052658
3.5257168198004365
3.5250851972959936
3.526032631052658
3.5257167964609835
3.525401008548215
3.526664253557101
3.525401008548215
3.524769386043772
3.5257168198004365
3.5263484189654264
3.5257168198004365
3.5257168198004365
3.5257168198004365
3.526664253557101
3.525401008548215
3.5257168198004365
3.5250851972959936
3.5257168198004365
3.525401008548215
3.527295852722091
3.5244535514520976
3.525401008548215
3.525401008548215
3.524769386043772
3.526032607713205
3.5250851739565405
3.526032631052658
3.5263484189654264
3.5247692991415533
3.526032631052658
3.526032544150439
3.524769386043772
3.525400985208762
3.5250851972959936
3.5257168198004365
3.5263484189654264
3.524769362704319
3.5257168198004365
3.5250851972959936
3.5263484189654264
3.5257168198004365
3.524769386043772
3.525401008548215
3.526032631052658
3.5250851739565405
3.5257168198004365
3.524769386043772
3.5257168198004365
3.525401008548215
3.5250851972959936
3.5257168198004365
3.525401008548215
3.5257168198004365
3.525401008548215
3.526032631052658
3.524769386043772
3.526032607713205
3.5263484189654264
3.524769362704319
3.525401008548215
3.5263484423048794
3.5250851972959936
3.5257167964609835
3.5257168198004365
3.5257168198004365
3.5257168198004365
3.526032544150439
3.5263484189654264
3.524769386043772
3.5250851739565405
3.5250851972959936
3.5250851972959936
3.5250851972959936
3.526032631052658
3.525400985208762
3.526348291839895
3.526032631052658
3.524769386043772
3.525401008548215
3.526032631052658
3.5257167328982177
3.5244535747915506
3.526032631052658
3.5263483554026607
3.5257168198004365
3.526032607713205
3.524769386043772
3.524769386043772
3.525401008548215
3.5250851972959936
3.5257168198004365
3.5250851739565405
3.524769386043772
3.525401008548215
3.5260324805876735
3.5257168198004365
3.5257167964609835
3.525401008548215
3.5244535747915506
3.526032607713205
3.5244535747915506
3.5250851972959936
3.525401008548215
3.5257168198004365
3.525401008548215
3.524769386043772
3.5257167964609835
3.5257167964609835
3.524769386043772
3.5244535747915506
3.5244535747915506
3.524769386043772
3.5250851972959936
3.5257168198004365
3.525400985208762
3.5257167328982177
3.524769386043772
3.524769386043772
3.5263484423048794
3.526664166654882
3.5235061410348862
3.5257167964609835
3.524137763539329
3.5257167964609835
3.525401008548215
3.5257168198004365
3.524769386043772
3.526032607713205
3.525401008548215
3.5257168198004365
3.5250851972959936
3.525401008548215
3.5257168198004365
3.524769386043772
3.5263484189654264
3.525401008548215
3.524769362704319
3.5257168198004365
3.5250851972959936
3.5263484423048794
3.525401008548215
3.525401008548215
3.525401008548215
3.5257168198004365
3.525716669335452
3.5250851972959936
3.524769386043772
3.525401008548215
3.525401008548215
3.525400985208762
3.524769386043772
3.526032631052658
3.525400985208762
3.5250851972959936
3.5250851739565405
3.5244535747915506
3.526032631052658
3.525401008548215
3.5244535747915506
3.524769386043772
3.524137763539329
3.5250851972959936
3.525400985208762
3.524769386043772
3.525401008548215
3.5250851739565405
3.526032607713205
3.526664253557101
3.524769386043772
3.5250851972959936
3.5250851972959936
3.5257167964609835
3.5257168198004365
3.5250851972959936
3.525401008548215
3.526032631052658
3.5250851972959936
3.524769386043772
3.5257168198004365
3.5257167964609835
3.524137763539329
3.5257168198004365
3.524137763539329
3.5257168198004365
3.5250851972959936
3.5250851972959936
3.524137763539329
3.525400985208762
3.5250851972959936
3.5257168198004365
3.525400985208762
3.5250851972959936
3.5257167964609835
3.526032544150439
3.525401008548215
3.5257167328982177
3.5250851972959936
3.525401008548215
3.5263484423048794
3.526032631052658
3.5263484423048794
3.5250851972959936
3.5257168198004365
3.5250851739565405
3.5244535747915506
3.525401008548215
3.526032607713205
3.5257168198004365
3.525401008548215
3.526032631052658
3.5250851972959936
3.5254009216459963
3.5257167964609835
3.525401008548215
3.5257167964609835
3.524769386043772
3.526348291839895
3.525401008548215
3.5250851972959936
3.524769386043772
3.5250851972959936
3.526664230217648
3.524137763539329
3.5250851972959936
3.5257168198004365
3.525401008548215
3.526032631052658
3.5250851972959936
3.524137763539329
3.524769386043772
3.524769386043772
3.524769386043772
3.5263484423048794
3.5244535747915506
3.5250851972959936
3.525401008548215
3.5263484189654264
3.5250851972959936
3.5244535747915506
3.525401008548215
3.5250851972959936
3.5250851739565405
3.526032631052658
3.5250851739565405
3.5257168198004365
3.5250851972959936
3.524769386043772
3.5250851972959936
3.5257168198004365
3.525401008548215
3.526032631052658
3.525401008548215
3.525401008548215
3.5257168198004365
3.5257167964609835
3.5257168198004365
3.5250851972959936
3.5250851739565405
3.524769386043772
3.5257167964609835
3.5250851972959936
3.525401008548215
3.5250851972959936
3.5250851972959936
3.525401008548215
3.525401008548215
3.5244535747915506
3.524769386043772
3.525401008548215
3.524137763539329
3.525401008548215
3.525401008548215
3.5250851972959936
3.525401008548215
3.5250851972959936
3.525401008548215
3.5250851972959936
3.524769386043772
3.526032544150439
3.5254009216459963
3.524769386043772
3.524769362704319
3.5250851972959936
3.5257168198004365
3.5257168198004365
3.5250851972959936
3.524769386043772
3.5263484189654264
3.526032631052658
3.5250851739565405
3.525401008548215
3.525400985208762
3.526032631052658
3.5250851972959936
3.525400985208762
3.5257167964609835
3.5250851972959936
3.5260324805876735
3.524769386043772
3.5250851972959936
3.5250851739565405
3.525401008548215
3.5250851972959936
3.524769386043772
3.5257168198004365
3.526032607713205
3.5244535747915506
3.524769386043772
3.5250851972959936
3.526032631052658
3.525400985208762
3.526032607713205
3.5257168198004365
3.5257168198004365
3.525401008548215
3.5263484423048794
3.525401008548215
3.5250851972959936
3.525401008548215
3.524137763539329
3.524769386043772
3.5257168198004365
3.526032544150439
3.5250851972959936
3.5250851972959936
3.525401008548215
3.5257168198004365
3.5257168198004365
3.524769386043772
3.5263484423048794
3.5250851972959936
3.525401008548215
3.5257168198004365
3.5257168198004365
3.5257168198004365
3.5263484189654264
3.5250851972959936
3.525401008548215
3.525401008548215
3.524769386043772
3.526664253557101
3.525401008548215
3.5257168198004365
3.5257168198004365
3.5257167964609835
3.5263484423048794
3.526032631052658
3.5250851739565405
3.5250851972959936
3.525400985208762
3.5257168198004365
3.5257168198004365
3.5250851972959936
3.5263483554026607
3.5250851972959936
3.524137763539329
3.524137763539329
3.524769386043772
3.525401008548215
3.524137763539329
3.525401008548215
3.5257168198004365
3.5263484423048794
3.526032544150439
3.525401008548215
3.525401008548215
3.5257168198004365
3.5257168198004365
3.5250851972959936
3.524137763539329
3.524769386043772
3.5250851972959936
3.5250851972959936
3.524769386043772
3.525401008548215
3.5257168198004365
3.5257168198004365
3.5250851972959936
3.524769386043772
3.526664253557101
3.5250851739565405
3.526032631052658
3.5257168198004365
3.5257167964609835
3.524137763539329
3.5250851972959936
3.5244535747915506
3.5263484189654264
3.5244535747915506
3.5250851739565405
3.5257168198004365
3.524769386043772
3.524769386043772
3.5250851972959936
3.524769362704319
3.525401008548215
3.5257168198004365
3.5257168198004365
3.5263483554026607
3.524769386043772
3.524769386043772
3.525401008548215
3.5269799779071036
3.525401008548215
3.5250851972959936
3.5250851972959936
3.5257167328982177
3.5257168198004365
3.5250851972959936
3.5257168198004365
3.526032631052658
3.526032607713205
3.525401008548215
3.524769386043772
3.526032544150439
3.5257168198004365
3.525401008548215
3.526032631052658
3.5257168198004365
3.5244535747915506
3.525401008548215
3.524769386043772
3.5247692991415533
3.5250851972959936
3.5250851972959936
3.5244535747915506
3.526032607713205
3.5250851972959936
3.5263484423048794
3.5257167964609835
3.525085110393775
3.525401008548215
3.5257167328982177
3.526032631052658
3.526032607713205
3.524769386043772
3.5263484189654264
3.526032631052658
3.524769386043772
3.526032631052658
3.525400985208762
3.525401008548215
3.5250851972959936
3.525401008548215
3.5257168198004365
3.525401008548215
3.524769386043772
3.5250851972959936
3.526032607713205
3.5244535514520976
3.525401008548215
3.5257168198004365
3.524769386043772
3.5257168198004365
3.5250851739565405
3.5238219522871077
3.525400985208762
3.524769386043772
3.524769386043772
3.525401008548215
3.5263484423048794
3.5257168198004365
3.5257167328982177
3.5257168198004365
3.5257167964609835
3.524769386043772
3.524769386043772
3.524137763539329
3.5257168198004365
3.525401008548215
3.525401008548215
3.5250851972959936
3.525401008548215
3.5263484423048794
3.5250851972959936
3.525401008548215
3.526032631052658
3.5244535747915506
3.526032631052658
3.5244535747915506
3.5250851972959936
3.526032631052658
3.5257167964609835
3.5250851972959936
3.526032544150439
3.524769386043772
3.5250851972959936
3.525400985208762
3.5257167964609835
3.526032631052658
3.524769386043772
3.526032631052658
3.524137763539329
3.5250851739565405
3.5250851972959936
3.526032544150439
3.5257168198004365
3.5269800648093224
3.524137763539329
3.5257168198004365
3.5257168198004365
3.5254009216459963
3.524769386043772
3.526032607713205
3.5257167964609835
3.524137763539329
3.526032607713205
3.5244535747915506
3.5257168198004365
3.5257167328982177
3.5257168198004365
3.5250851972959936
3.526032607713205
3.525401008548215
3.526664166654882
3.5250851972959936
3.526032631052658
3.524769386043772
3.5244535747915506
3.5257168198004365
3.524769386043772
3.526032631052658
3.525401008548215
3.524769386043772
3.524769386043772
3.5250851972959936
3.524769386043772
3.526032631052658
3.5257168198004365
3.525401008548215
3.5250851972959936
3.525400985208762
3.5257168198004365
3.5257168198004365
3.5263484189654264
3.5250851972959936
3.5250851972959936
3.525401008548215
3.5257168198004365
3.526032607713205
3.5257168198004365
3.525401008548215
3.5250851739565405
3.5250851972959936
3.524769362704319
3.524769386043772
3.5257168198004365
3.526032544150439
3.525401008548215
3.524769386043772
3.5244535747915506
3.5257168198004365
3.524769386043772
3.5250851972959936
3.525401008548215
3.525401008548215
3.525401008548215
3.525401008548215
3.5257167964609835
3.5244535747915506
3.524769386043772
3.5250851972959936
3.525401008548215
3.525401008548215
3.524769386043772
3.5250851972959936
3.5250851972959936
3.525401008548215
3.526032631052658
3.5244535747915506
3.525401008548215
3.524769386043772
3.5244535514520976
3.5263484423048794
3.5257168198004365
3.524769386043772
3.526032631052658
3.525401008548215
3.524137763539329
3.526032607713205
3.5257168198004365
3.525401008548215
3.5263484423048794
3.5257168198004365
3.5263484423048794
3.5257168198004365
3.5250851972959936
3.5257168198004365
3.524769386043772
3.5263484189654264
3.5257168198004365
3.526032544150439
3.524769386043772
3.5257168198004365
3.525401008548215
3.526664253557101
3.5250851972959936
3.5263483554026607
3.524769386043772
3.5244535747915506
3.5254009216459963
3.5250851972959936
3.525401008548215
3.524769386043772
3.526032631052658
3.525401008548215
3.5250851972959936
3.526032631052658
3.5244535747915506
3.524137763539329
3.526032631052658
3.5250851972959936
3.525401008548215
3.5250851972959936
3.526348291839895
3.5257168198004365
3.5244535747915506
3.526032631052658
3.5250851972959936
3.524769386043772
3.5257168198004365
3.5250851972959936
3.5250851972959936
3.5244535747915506
3.5263484423048794
3.5250851972959936
3.5257168198004365
3.5257167964609835
3.5250851972959936
3.5250851972959936
3.5257168198004365
3.5257168198004365
3.525401008548215
3.525400985208762
3.525401008548215
3.524769386043772
3.524769386043772
3.5257167964609835
3.5257168198004365
3.5244535747915506
3.526032631052658
3.5250851972959936
3.5250851739565405
3.526032631052658
3.5250851972959936
3.525401008548215
3.5263484423048794
3.525401008548215
3.525085110393775
3.5257168198004365
3.5263484189654264
3.5263483554026607
3.5250851972959936
3.525401008548215
3.5244535747915506
3.5257168198004365
3.526032607713205
3.525401008548215
3.524769386043772
3.526032631052658
3.526664253557101
3.525401008548215
3.5257168198004365
3.5250851972959936
3.524769386043772
3.525401008548215
3.5257168198004365
3.526032631052658
3.525401008548215
3.526348291839895
3.5250851739565405
3.527295852722091
3.5254009216459963
3.526032607713205
3.524769386043772
3.5244535747915506
3.5257168198004365
3.5257167964609835
3.5238219522871077
3.5257168198004365
3.524769386043772
3.5257168198004365
3.5250851739565405
3.524769386043772
3.5257168198004365
3.5244535747915506
3.525401008548215
3.525401008548215
3.5250851972959936
3.525401008548215
3.526032631052658
3.5257167964609835
3.526032631052658
3.5257167964609835
3.525400985208762
3.525401008548215
3.526032631052658
3.525401008548215
3.5250851972959936
3.525400985208762
3.5257168198004365
3.5263483554026607
3.526032544150439
3.5257168198004365
3.5250851972959936
3.5257168198004365
3.526664253557101
3.5250851972959936
3.5250851972959936
3.5257167964609835
3.5254009216459963
3.5250851972959936
3.525400985208762
3.5257168198004365
3.5250851972959936
3.5250851972959936
3.5263484423048794
3.524769386043772
3.525401008548215
3.526032607713205
3.5250851739565405
3.525401008548215
3.525401008548215
3.5244535747915506
3.5257168198004365
3.5257168198004365
3.525401008548215
3.526032631052658
3.525401008548215
3.5250851972959936
3.524769386043772
3.525400985208762
3.5263484423048794
3.5263484189654264
3.5235061410348862
3.525401008548215
3.5244535747915506
3.525401008548215
3.524769386043772
3.5257167328982177
3.524137763539329
3.5244535747915506
3.525401008548215
3.5250851972959936
3.524137763539329
3.525401008548215
3.5257168198004365
3.525085110393775
3.525401008548215
3.526032607713205
3.5244535747915506
3.526032607713205
3.5238219522871077
3.526664230217648
3.5250851972959936
3.524769362704319
3.5244535747915506
3.5254009216459963
3.524137763539329
3.5257168198004365
3.524769386043772
3.5257168198004365
3.5257168198004365
3.5250851972959936
3.524769386043772
3.5250851972959936
3.5250851972959936
3.526032631052658
3.525400985208762
3.524769386043772
3.5263484189654264
3.5250851739565405
3.5250851972959936
3.5250851972959936
3.5263483554026607
3.526032607713205
3.524769386043772
3.526032631052658
3.5250851972959936
3.5244535747915506
3.525401008548215
3.524769386043772
3.5244535747915506
3.526032607713205
3.526032631052658
3.524769386043772
3.5250851972959936
3.5250851972959936
3.5257168198004365
3.5250851739565405
3.5250851972959936
3.526664166654882
3.525401008548215
3.524769386043772
3.5257168198004365
3.526032631052658
3.526032631052658
3.5257167964609835
3.525401008548215
3.5250851972959936
3.5257167964609835
3.525401008548215
3.5263484189654264
3.5250851972959936
3.5263484423048794
3.524769362704319
3.525401008548215
3.526032607713205
3.524769386043772
3.526032631052658
3.526032631052658
3.524769386043772
3.5244535747915506
3.526032631052658
3.5244535747915506
3.525401008548215
3.5244535747915506
3.525401008548215
3.524769386043772
3.525401008548215
3.5250851972959936
3.5257167328982177
3.5250851972959936
3.525401008548215
3.5244535747915506
3.5250851972959936
3.524769386043772
3.5250851739565405
3.525401008548215
3.5257168198004365
3.525401008548215
3.5250851972959936
3.526032607713205
3.526032631052658
3.524137763539329
3.525400985208762
3.5257168198004365
3.5250851972959936
3.525400985208762
3.5250851972959936
3.5263483554026607
3.5257168198004365
3.5257168198004365
3.526032631052658
3.524769386043772
3.526032631052658
3.5250851739565405
3.525400985208762
3.5257168198004365
3.525400985208762
3.5257168198004365
3.524769386043772
3.5250851972959936
3.525401008548215
3.5250851972959936
3.5250851972959936
3.5263483554026607
3.5257168198004365
3.525401008548215
3.5257168198004365
3.525401008548215
3.526032607713205
3.5257168198004365
3.525401008548215
3.5250851972959936
3.5244535747915506
3.525400985208762
3.5263484423048794
3.524769386043772
3.525401008548215
3.5250851972959936
3.524769362704319
3.5250851972959936
3.525401008548215
3.524769386043772
3.526032631052658
3.5257168198004365
3.525400985208762
3.5244535747915506
3.525400985208762
3.5250851972959936
3.5263484423048794
3.5250851972959936
3.5244535747915506
3.5263484189654264
3.5257168198004365
3.524769386043772
3.526032631052658
3.524137763539329
3.524769386043772
3.525401008548215
3.5250851972959936
3.5263484189654264
3.526032631052658
3.5244535747915506
3.526032631052658
3.5250851972959936
3.5257168198004365
3.5263484423048794
3.525401008548215
3.5244535747915506
3.525401008548215
3.5257168198004365
3.5244535747915506
3.5257168198004365
3.5257168198004365
3.5250851972959936
3.524769386043772
3.5257167964609835
3.5257168198004365
3.525401008548215
3.524137763539329
3.5250851972959936
3.525400985208762
3.5257168198004365
3.5250851972959936
3.524769386043772
3.525401008548215
3.524769386043772
3.526032607713205
3.525401008548215
3.5263484189654264
3.5257168198004365
3.525401008548215
3.526032631052658
3.5250851972959936
3.525401008548215
3.524769386043772
3.5250851972959936
3.5257167964609835
3.5250851972959936
3.524769386043772
3.524769386043772
3.5263484189654264
3.524137763539329
3.525400985208762
3.5250851972959936
3.526032607713205
3.524769386043772
3.5257168198004365
3.5257167964609835
3.524769386043772
3.526032631052658
3.524769362704319
3.5257168198004365
3.5244535747915506
3.5257167964609835
3.524769386043772
3.525401008548215
3.524769386043772
3.5257168198004365
3.5250851739565405
3.524769386043772
3.525400985208762
3.525401008548215
3.5250851972959936
3.525401008548215
3.5250851739565405
3.525401008548215
3.5257168198004365
3.5244535747915506
3.5244535747915506
3.526032631052658
3.526032631052658
3.5257167328982177
3.5257168198004365
3.5257168198004365
3.5257167964609835
3.524769386043772
3.526032631052658
3.5250851972959936
3.525401008548215
3.5257167964609835
3.525401008548215
3.5250851972959936
3.5257167328982177
3.525401008548215
3.5250851972959936
3.5250851972959936
3.524137763539329
3.526032607713205
3.525401008548215
3.525401008548215
3.526032607713205
3.524769386043772
3.5238219522871077
3.5257168198004365
3.5250851972959936
3.525401008548215
3.526032544150439
3.526032631052658
3.5257167964609835
3.5244535747915506
3.5244535747915506
3.525401008548215
3.5263484189654264
3.526032607713205
3.526032631052658
3.526032607713205
3.5257168198004365
3.526664253557101
3.525401008548215
3.5250851972959936
3.526032631052658
3.5250851972959936
3.5257168198004365
3.524769362704319
3.524769386043772
3.525401008548215
3.524769386043772
3.5257168198004365
3.524769386043772
3.524137740199876
3.525401008548215
3.5269800414698693
3.524769386043772
3.5250851972959936
3.5250851972959936
3.525400985208762
3.526032631052658
3.5254009216459963
3.5250851972959936
3.5257168198004365
3.525400985208762
3.5250851972959936
3.5257167964609835
3.5257168198004365
3.525401008548215
3.5257167328982177
3.5257168198004365
3.5269800648093224
3.525400985208762
3.5257168198004365
3.524769386043772
3.525400985208762
3.525401008548215
3.524769386043772
3.5250851972959936
3.525401008548215
3.5254009216459963
3.524769386043772
3.525401008548215
3.5250851972959936
3.526032631052658
3.5250851972959936
3.525401008548215
3.5263484423048794
3.5250851972959936
3.526032544150439
3.5250851972959936
3.525401008548215
3.525401008548215
3.5244535747915506
3.525400985208762
3.5250851972959936
3.5250851972959936
3.5244535747915506
3.5250851972959936
3.5257167964609835
3.5250851972959936
3.5257168198004365
3.5250851972959936
3.524769386043772
3.524769386043772
3.524137740199876
3.5263484423048794
3.5263484189654264
3.5250851972959936
3.525401008548215
3.5244535747915506
3.5250851972959936
3.525401008548215
3.525085110393775
3.5257168198004365
3.5250851972959936
3.526032607713205
3.524769386043772
3.5263483554026607
3.5257168198004365
3.526032631052658
3.5250851972959936
3.5244535747915506
3.5250851972959936
3.526032607713205
3.5263484189654264
3.5257168198004365
3.5238219522871077
3.5263484423048794
3.524769386043772
3.525401008548215
3.526032631052658
3.5257167964609835
3.525401008548215
3.525401008548215
3.526032631052658
3.526032631052658
3.525401008548215
3.5250851739565405
3.5263484423048794
3.5254009216459963
3.525401008548215
3.5244535747915506
3.524769386043772
3.526664230217648
3.524769386043772
3.5257167964609835
3.525400985208762
3.525401008548215
3.5257167964609835
3.5257168198004365
3.5260324805876735
3.5250851972959936
3.5257167964609835
3.525401008548215
3.5244535747915506
3.526032631052658
3.5257167964609835
3.5257167964609835
3.5257168198004365
3.524137763539329
3.5250851972959936
3.5250851972959936
3.5257167964609835
3.5257168198004365
3.5250851972959936
3.525401008548215
3.5250851972959936
3.5250851972959936
3.5244535747915506
3.526032631052658
3.525400985208762
3.5250851972959936
3.5244535747915506
3.5250851972959936
3.525401008548215
3.525400985208762
3.5244535514520976
3.5250851972959936
3.5257168198004365
3.5250851972959936
3.525401008548215
3.5257168198004365
3.5257168198004365
3.5257168198004365
3.524769386043772
3.524769386043772
3.525401008548215
3.525400985208762
3.5257167964609835
3.525401008548215
3.5257168198004365
3.524769386043772
3.5257168198004365
3.5250851972959936
3.5257168198004365
3.525401008548215
3.524769362704319
3.525401008548215
3.525716669335452
3.5257168198004365
3.5263484423048794
3.525401008548215
3.5257168198004365
3.5257168198004365
3.525400985208762
3.525401008548215
3.524769386043772
3.524769386043772
3.525401008548215
3.526032607713205
3.524769386043772
3.5279273481010023
3.5272957255965594
3.526032607713205
3.5250851972959936
3.5244535747915506
3.5250851972959936
3.526664230217648
3.5254009216459963
3.524769386043772
3.524769386043772
3.526032544150439
3.525401008548215
3.525400985208762
3.525401008548215
3.525401008548215
3.5257167964609835
3.525401008548215
3.526032607713205
3.524137763539329
3.5263484423048794
3.524769386043772
3.524769386043772
3.5257168198004365
3.5250851972959936
3.524769386043772
3.524769386043772
3.525400985208762
3.525401008548215
3.5250851972959936
3.5244535747915506
3.5263484189654264
3.5250851972959936
3.525401008548215
3.526032631052658
3.524769386043772
3.526032631052658
3.5250851739565405
3.5250851972959936
3.5250851972959936
3.524137763539329
3.5250851972959936
3.526032607713205
3.5254008580832306
3.5250851972959936
3.525401008548215
3.526032607713205
3.5257168198004365
3.5244535514520976
3.5250851972959936
3.5263484423048794
3.5257167964609835
3.525401008548215
3.525401008548215
3.524137763539329
3.525401008548215
3.524769362704319
3.5276116004115465
3.525401008548215
3.524769362704319
3.525401008548215
3.524769386043772
3.5257168198004365
3.5263484189654264
3.5257168198004365
3.525401008548215
3.524769386043772
3.525401008548215
3.526664253557101
3.525400985208762
3.525401008548215
3.525401008548215
3.5257167964609835
3.525401008548215
3.524769386043772
3.5250851739565405
3.5257168198004365
3.525400985208762
3.5250851972959936
3.5250851972959936
3.5260324805876735
3.5263484189654264
3.5257168198004365
3.525401008548215
3.5257168198004365
3.525401008548215
3.524769386043772
3.524769386043772
3.524769386043772
3.525401008548215
3.524769386043772
3.524769386043772
3.5250851972959936
3.524769386043772
3.5257168198004365
3.525401008548215
3.524769386043772
3.5257168198004365
3.525401008548215
3.5244535747915506
3.5244535747915506
3.5257168198004365
3.526664166654882
3.5250851972959936
3.524769386043772
3.5250851972959936
3.5250851972959936
3.5257167964609835
3.526032631052658
3.525401008548215
3.524769386043772
3.5244535747915506
3.5254009216459963
3.525401008548215
3.5244535747915506
3.525400985208762
3.525401008548215
3.525401008548215
3.5250851972959936
3.525401008548215
3.5250851972959936
3.5250851972959936
3.5263484423048794
3.524769362704319
3.525401008548215
3.525401008548215
3.524769386043772
3.526032607713205
3.525401008548215
3.5250851972959936
3.5269800414698693
3.5250851739565405
3.5263484423048794
3.5244535747915506
3.5250851972959936
3.5257168198004365
3.5250851972959936
3.524769386043772
3.5244535747915506
3.526032631052658
3.5263484423048794
3.525400985208762
3.5263484189654264
3.524769386043772
3.5250851972959936
3.5250851972959936
3.524769386043772
3.5257167328982177
3.525401008548215
3.5257168198004365
3.5244535747915506
3.526032631052658
3.525401008548215
3.5250851972959936
3.5263484423048794
3.525400985208762
3.524137763539329
3.525401008548215
3.525401008548215
3.5257167964609835
3.526032607713205
3.525401008548215
3.526664253557101
3.525401008548215
3.5257167964609835
3.5263484423048794
3.5250851972959936
3.525401008548215
3.524769386043772
3.5250851972959936
3.5250851972959936
3.5257168198004365
3.5250851739565405
3.5250851972959936
3.526664253557101
3.5257167964609835
3.525401008548215
3.525401008548215
3.5257167964609835
3.525401008548215
3.5263484423048794
3.524769386043772
3.5257168198004365
3.5250851739565405
3.5250851739565405
3.526032631052658
3.5257167964609835
3.5257168198004365
3.5250851972959936
3.5257168198004365
3.524769386043772
3.526032631052658
3.5257167328982177
3.525401008548215
3.526032607713205
3.526032607713205
3.5250851972959936
3.526032607713205
3.525400985208762
3.5263484423048794
3.526032607713205
3.524769386043772
3.526032607713205
3.5231903297826648
3.524769386043772
3.526664253557101
3.5244535747915506
3.524769386043772
3.5250851972959936
3.524769386043772
3.524137763539329
3.5257168198004365
3.525400985208762
3.5263484189654264
3.5250851972959936
3.5250851739565405
3.5257168198004365
3.526032607713205
3.526664253557101
3.526032631052658
3.5257167964609835
3.5250851972959936
3.527295876061544
3.525401008548215
3.524769386043772
3.525401008548215
3.525400985208762
3.5244535747915506
3.5250851972959936
3.5244535747915506
3.524137763539329
3.5250851972959936
3.525085110393775
3.5257168198004365
3.525401008548215
3.5257168198004365
3.5250851972959936
3.524769386043772
3.525401008548215
3.5250851972959936
3.526348291839895
3.525400985208762
3.5257168198004365
3.526032544150439
3.526032631052658
3.5263484189654264
3.524769386043772
3.5250851972959936
3.5250851972959936
3.5244535747915506
3.5250851972959936
3.526032544150439
3.5238219522871077
3.5263484189654264
3.526664166654882
3.5269799779071036
3.5263484423048794
3.525401008548215
3.5250851972959936
3.5250851972959936
3.525401008548215
3.526032631052658
3.5257168198004365
3.5257168198004365
3.5244535747915506
3.525401008548215
3.5250851972959936
3.5250851972959936
3.525400985208762
3.525401008548215
3.5250851972959936
3.5244535747915506
3.5257168198004365
3.524769386043772
3.525401008548215
3.526032631052658
3.5250851739565405
3.5250851972959936
3.525401008548215
3.5250851739565405
3.524769386043772
3.526664230217648
3.5244535747915506
3.5250851972959936
3.524769386043772
3.5244535747915506
3.525401008548215
3.5238219522871077
3.5257168198004365
3.524137763539329
3.5257167964609835
3.5250851972959936
3.5250851972959936
3.5257167964609835
3.526664230217648
3.524769386043772
3.5250851972959936
3.5263484423048794
3.526032607713205
3.524769386043772
3.525401008548215
3.5257168198004365
3.5250851972959936
3.5257168198004365
3.5250851972959936
3.5257168198004365
3.526664230217648
3.5244535747915506
3.5257168198004365
3.5257168198004365
3.5257168198004365
3.526032631052658
3.524137763539329
3.525401008548215
3.525401008548215
3.525401008548215
3.5263484189654264
3.524769386043772
3.5257168198004365
3.5257168198004365
3.5250851972959936
3.526032631052658
3.525400985208762
3.524769386043772
3.525401008548215
3.5250851972959936
3.525401008548215
3.5250851972959936
3.5250851739565405
3.526664253557101
3.526032631052658
3.5250851972959936
3.5257167964609835
3.526032631052658
3.5257168198004365
3.525400985208762
3.524769362704319
3.525401008548215
3.524137763539329
3.5244535747915506
3.525401008548215
3.5244535747915506
3.5257168198004365
3.524769386043772
3.525401008548215
3.525401008548215
3.5250851972959936
3.525401008548215
3.5257168198004365
3.5257168198004365
3.5257167964609835
3.524769386043772
3.5238219522871077
3.5263484423048794
3.5257167964609835
3.5244535747915506
3.5250851972959936
3.5250851972959936
3.5244535747915506
3.526032607713205
3.5250851972959936
3.5263484423048794
3.526032544150439
3.5257167328982177
3.5250851972959936
3.524769386043772
3.5257168198004365
3.525401008548215
3.524769386043772
3.5244535747915506
3.5250851972959936
3.5244535747915506
3.5257168198004365
3.5250851972959936
3.5250851972959936
3.524769386043772
3.524769386043772
3.5238219522871077
3.5257168198004365
3.5250851972959936
3.524769386043772
3.5263484189654264
3.525400985208762
3.5250851972959936
3.5250851972959936
3.5250851739565405
3.526664253557101
3.525716669335452
3.5250851972959936
3.5257168198004365
3.5257167328982177
3.526032607713205
3.526664166654882
3.525401008548215
3.525401008548215
3.5257168198004365
3.5257167964609835
3.5250851972959936
3.526032631052658
3.525400985208762
3.5250851972959936
3.525401008548215
3.5250851972959936
3.5257168198004365
3.5257167964609835
3.524769386043772
3.526032544150439
3.525400985208762
3.5250851972959936
3.5250851739565405
3.525400985208762
3.525401008548215
3.525400985208762
3.5244535747915506
3.5263484423048794
3.5250851972959936
3.5244535747915506
3.526664230217648
3.5257167964609835
3.5250851972959936
3.525401008548215
3.524769362704319
3.525401008548215
3.525401008548215
3.524769386043772
3.5250851972959936
3.5250851972959936
3.526032631052658
3.5244535747915506
3.5260324805876735
3.5257167964609835
3.5263484189654264
3.5250851972959936
3.525401008548215
3.524769386043772
3.5250851739565405
3.525401008548215
3.524769386043772
3.5244535747915506
3.5244535747915506
3.525400985208762
3.5257167964609835
3.525401008548215
3.5250851972959936
3.5257168198004365
3.5257168198004365
3.5250851972959936
3.525401008548215
3.526664230217648
3.5257167964609835
3.5250851972959936
3.5250851972959936
3.5257167964609835
3.5257168198004365
3.5269799779071036
3.5254008580832306
3.5257168198004365
3.5257167964609835
3.5257168198004365
3.5250851972959936
3.5250851972959936
3.5263484189654264
3.5257168198004365
3.524769386043772
3.5263484189654264
3.524769386043772
3.525401008548215
3.5244535747915506
3.5257168198004365
3.5244535747915506
3.5269800414698693
3.524769386043772
3.5244535747915506
3.524769386043772
3.5250851739565405
3.525401008548215
3.525401008548215
3.5257168198004365
3.524769386043772
3.525401008548215
3.5250851739565405
3.524769386043772
3.525401008548215
3.5250851739565405
3.5257168198004365
3.5250851972959936
3.5250851972959936
3.5257168198004365
3.526032631052658
3.525400985208762
3.5250851972959936
3.525401008548215
3.526032544150439
3.5257168198004365
3.5250851972959936
3.5250851972959936
3.525401008548215
3.5250851972959936
3.5250851739565405
3.524769386043772
3.5257167328982177
3.5254009216459963
3.5257168198004365
3.5244535747915506
3.5257168198004365
3.5263484423048794
3.5257167328982177
3.526032631052658
3.526032631052658
3.525401008548215
3.526032607713205
3.526032631052658
3.5250851972959936
3.526032631052658
3.5257167964609835
3.525400985208762
3.5244535747915506
3.5244535747915506
3.525401008548215
3.526032631052658
3.5244535747915506
3.5250851972959936
3.526979914344338
3.5238219522871077
3.5250851972959936
3.525401008548215
3.526032631052658
3.5244535747915506
3.5244535514520976
3.526032607713205
3.525401008548215
3.5250851739565405
3.5263484423048794
3.525401008548215
3.5257168198004365
3.5250851972959936
3.5257167964609835
3.5263484189654264
3.524769386043772
3.526664230217648
3.525401008548215
3.526032607713205
3.5257168198004365
3.5257168198004365
3.524769386043772
3.525401008548215
3.524769386043772
3.5257167964609835
3.526032631052658
3.525401008548215
3.524769386043772
3.5244535747915506
3.5257167964609835
3.5263484423048794
3.5263484189654264
3.526032607713205
3.5257168198004365
3.525401008548215
3.5250851972959936
3.524769386043772
3.5257168198004365
3.525401008548215
3.526032631052658
3.5250851739565405
3.5257168198004365
3.5263483554026607
3.5244535747915506
3.525401008548215
3.524769386043772
3.5244535747915506
3.524769386043772
3.524137740199876
3.5250851972959936
3.5257167964609835
3.526032607713205
3.526032631052658
3.524769386043772
3.524769386043772
3.526032631052658
3.524769362704319
3.525401008548215
3.5250851972959936
3.5250851972959936
3.524769386043772
3.5250851972959936
3.525401008548215
3.5250851972959936
3.5238219522871077
3.5263484423048794
3.5244535514520976
3.525401008548215
3.526032631052658
3.525401008548215
3.5250851972959936
3.5263484423048794
3.5244535747915506
3.5257168198004365
3.5244535747915506
3.5250851972959936
3.524769386043772
3.524769386043772
3.5250851972959936
3.5250851972959936
3.525401008548215
3.525401008548215
3.5257168198004365
3.525400985208762
3.5263484423048794
3.525401008548215
3.5250851972959936
3.5257168198004365
3.526032544150439
3.526032607713205
3.526032631052658
3.5250851972959936
3.526032631052658
3.525401008548215
3.5257168198004365
3.5250851972959936
3.525401008548215
3.5250851972959936
3.525401008548215
3.5250851972959936
3.524769386043772
3.524769386043772
3.525400985208762
3.5250851972959936
3.5263484189654264
3.524769386043772
3.525401008548215
3.524769386043772
3.525401008548215
3.525401008548215
3.5257167964609835
3.525401008548215
3.5257168198004365
3.524769386043772
3.525401008548215
3.5250851739565405
3.5257168198004365
3.525401008548215
3.524769386043772
3.5250851972959936
3.526032631052658
3.5254009216459963
3.5269800648093224
3.525401008548215
3.525401008548215
3.5257168198004365
3.525401008548215
3.525401008548215
3.5257168198004365
3.5260324805876735
3.526032631052658
3.525085110393775
3.5244535747915506
3.5257168198004365
3.5244535747915506
3.525401008548215
3.5257168198004365
3.5257167964609835
3.5244535747915506
3.526032607713205
3.524769386043772
3.524137763539329
3.5257167964609835
3.526032607713205
3.5257168198004365
3.5250851972959936
3.5244535747915506
3.5244535747915506
3.524769386043772
3.526032631052658
3.5250851972959936
3.524769386043772
3.525401008548215
3.526032631052658
3.525400985208762
3.5257168198004365
3.525400985208762
3.526032631052658
3.5257168198004365
3.524769386043772
3.525401008548215
3.526032631052658
3.525401008548215
3.5250851972959936
3.5250851972959936
3.524769386043772
3.5250851972959936
3.5257167964609835
3.524769386043772
3.5250851972959936
3.526348291839895
3.5244535747915506
3.525401008548215
3.526032607713205
3.5250851972959936
3.525401008548215
3.5250851972959936
3.5257168198004365
3.525401008548215
3.524769386043772
3.525401008548215
3.525401008548215
3.5250851972959936
3.524137763539329
3.524769386043772
3.526032631052658
3.5257168198004365
3.524769362704319
3.5257168198004365
3.5257167964609835
3.526032631052658
3.524769362704319
3.5257167964609835
3.525401008548215
3.5263483554026607
3.524769386043772
3.5244535747915506
3.524769386043772
3.524769386043772
3.5257168198004365
3.525401008548215
3.525401008548215
3.525401008548215
3.5257168198004365
3.5254009216459963
3.5257167328982177
3.524769386043772
3.526032607713205
3.5257168198004365
3.524137763539329
3.524769386043772
3.5250851972959936
3.525401008548215
3.525400985208762
3.5263484423048794
3.525400985208762
3.525401008548215
3.5250851972959936
3.5244535747915506
3.525401008548215
3.5257168198004365
3.526032607713205
3.524769386043772
3.524137763539329
3.526032607713205
3.526032607713205
3.5250851972959936
3.5250851972959936
3.5244535747915506
3.5250851972959936
3.5247692991415533
3.5257168198004365
3.5244535747915506
3.524769386043772
3.5250851972959936
3.525400985208762
3.524137763539329
3.5257168198004365
3.525401008548215
3.525401008548215
3.5257168198004365
3.5263484189654264
3.5250851972959936
3.526032631052658
3.5257168198004365
3.5263484423048794
3.525400985208762
3.525401008548215
3.524137763539329
3.5257167964609835
3.5257168198004365
3.524769386043772
3.5257168198004365
3.526032631052658
3.5257168198004365
3.5250851972959936
3.524769386043772
3.524769386043772
3.526032631052658
3.524769386043772
3.524137763539329
3.5257168198004365
3.526032607713205
3.5244535747915506
3.5250851972959936
3.5244535747915506
3.5257168198004365
3.5250851972959936
3.524769386043772
3.526664253557101
3.524769386043772
3.5244535747915506
3.5257168198004365
3.526032607713205
3.525401008548215
3.524137763539329
3.525401008548215
3.525401008548215
3.525400985208762
3.524769386043772
3.5257167964609835
3.526032631052658
3.5257168198004365
3.5263484423048794
3.525401008548215
3.525401008548215
3.5250851972959936
3.5250851972959936
3.5244535747915506
3.526348291839895
3.5257168198004365
3.524137763539329
3.5250851972959936
3.524769386043772
3.525401008548215
3.524769362704319
3.5257168198004365
3.5244535747915506
3.5250851972959936
3.524769386043772
3.524769386043772
3.5263484423048794
3.524137763539329
3.525401008548215
3.5250851972959936
3.526032631052658
3.5263484189654264
3.5250851972959936
3.524769386043772
3.525401008548215
3.5257167964609835
3.5257168198004365
3.5257168198004365
3.524769386043772
3.524769386043772
3.525401008548215
3.526032631052658
3.526032631052658
3.5244535747915506
3.525401008548215
3.525401008548215
3.5250851972959936
3.526032607713205
3.524769386043772
3.5257168198004365
3.526664253557101
3.525085110393775
3.5250851972959936
3.526032631052658
3.5250851972959936
3.5263484423048794
3.5263484189654264
3.525401008548215
3.5263484423048794
3.5250851739565405
3.524769386043772
3.526032631052658
3.524769386043772
3.526032631052658
3.5257168198004365
3.525401008548215
3.5257168198004365
3.5250851972959936
3.5250851972959936
3.5250851972959936
3.5276116004115465
3.524769386043772
3.524769386043772
3.525401008548215
3.5263484423048794
3.5250851972959936
3.525401008548215
3.525401008548215
3.5257167964609835
3.5244535747915506
3.526032544150439
3.5254009216459963
3.5257168198004365
3.5257168198004365
3.526032607713205
3.5257168198004365
3.5244535747915506
3.524769386043772
3.525401008548215
3.5257167964609835
3.5263484189654264
3.524769386043772
3.524769362704319
3.5244535747915506
3.5257168198004365
3.5263484423048794
3.5250851972959936
3.524769386043772
3.5250851972959936
3.525401008548215
3.5244535747915506
3.5250851972959936
3.5250851972959936
3.5244535747915506
3.5257168198004365
3.5257167328982177
3.5257168198004365
3.525401008548215
3.5250851972959936
3.5257168198004365
3.5263484189654264
3.526032631052658
3.5263484423048794
3.5250851972959936
3.525085110393775
3.5263484423048794
3.5238219522871077
3.524769386043772
3.526032631052658
3.5250851972959936
3.5257168198004365
3.5263484423048794
3.5250851972959936
3.5250851972959936
3.5263484423048794
3.5263483554026607
3.524769386043772
3.5257168198004365
3.526032544150439
3.526032631052658
3.525085046831009
3.525401008548215
3.525401008548215
3.524769386043772
3.5244535747915506
3.525401008548215
3.525401008548215
3.5263484423048794
3.525401008548215
3.5257167328982177
3.5257168198004365
3.5250851972959936
3.5250851972959936
3.525401008548215
3.5257168198004365
3.525401008548215
3.5257168198004365
3.5244535747915506
3.5257167964609835
3.524769386043772
3.526032607713205
3.526032631052658
3.5257168198004365
3.5250851972959936
3.5250851739565405
3.524769386043772
3.526032631052658
3.5263484189654264
3.524769386043772
3.5244535747915506
3.5257168198004365
3.5250851739565405
3.525401008548215
3.525401008548215
3.525400985208762
3.524769386043772
3.524769386043772
3.526032544150439
3.526032631052658
3.5269800414698693
3.525401008548215
3.5257168198004365
3.526032607713205
3.525401008548215
3.526032631052658
3.5244535747915506
3.5250851972959936
3.5257168198004365
3.525400985208762
3.525401008548215
3.5257168198004365
3.524769362704319
3.524769386043772
3.5244535747915506
3.5254009216459963
3.526032631052658
3.5250851972959936
3.525400985208762
3.524137763539329
3.5257168198004365
3.525085110393775
3.525401008548215
3.5257168198004365
3.524137763539329
3.524769386043772
3.5244535747915506
3.525400985208762
3.5250851972959936
3.525400985208762
3.5257168198004365
3.526664253557101
3.5254009216459963
3.525401008548215
3.5257168198004365
3.524137763539329
3.525401008548215
3.525401008548215
3.525401008548215
3.526032631052658
3.524769386043772
3.525716669335452
3.5250851972959936
3.5257168198004365
3.526032631052658
3.5250851972959936
3.5250851739565405
3.526032631052658
3.5257167328982177
3.5263483554026607
3.5250851972959936
3.524137763539329
3.5263484423048794
3.5263484189654264
3.524137763539329
3.5244535747915506
3.525401008548215
3.524769386043772
3.524769386043772
3.5263484423048794
3.5244535747915506
3.5257168198004365
3.525400985208762
3.5244535747915506
3.525401008548215
3.526032544150439
3.524769386043772
3.525401008548215
3.5250851739565405
3.525401008548215
3.5244535747915506
3.5250851972959936
3.5263484423048794
3.524769386043772
3.524769362704319
3.525401008548215
3.526032631052658
3.5263484189654264
3.5257168198004365
3.5250851972959936
3.5257168198004365
3.525401008548215
3.524769362704319
3.5257168198004365
3.5257168198004365
3.5250851972959936
3.5257168198004365
3.526032607713205
3.5250851972959936
3.526032631052658
3.524769386043772
3.525401008548215
3.525401008548215
3.526032607713205
3.5257168198004365
3.5263483554026607
3.525401008548215
3.5244535747915506
3.524769386043772
3.525401008548215
3.526032607713205
3.525400985208762
3.5250851972959936
3.5238219289476547
3.5244535747915506
3.5250851972959936
3.524137763539329
3.5257168198004365
3.5244535747915506
3.5244535747915506
3.524769386043772
3.524769386043772
3.5257168198004365
3.5250851972959936
3.5254009216459963
3.526664253557101
3.5250851972959936
3.5250851972959936
3.525401008548215
3.5244535747915506
3.5250851972959936
3.525401008548215
3.526032607713205
3.524769386043772
3.5257167964609835
3.5263484423048794
3.526664253557101
3.5257167964609835
3.526032607713205
3.5257168198004365
3.525401008548215
3.525401008548215
3.5250851739565405
3.525401008548215
3.5250851972959936
3.526032631052658
3.5257168198004365
3.525400985208762
3.525400985208762
3.5257168198004365
3.5257167964609835
3.526032631052658
3.5257168198004365
3.5263484189654264
3.525401008548215
3.526032607713205
3.525400985208762
3.5257168198004365
3.5244535747915506
3.5257167964609835
3.5257168198004365
3.525401008548215
3.526032631052658
3.5250851972959936
3.5250851739565405
3.526032607713205
3.5263484189654264
3.5257168198004365
3.5257168198004365
3.525401008548215
3.525400985208762
3.526032631052658
3.525716669335452
3.526032631052658
3.525400985208762
3.5250851972959936
3.5257168198004365
3.524769386043772
3.5250851739565405
3.525401008548215
3.5257167328982177
3.525401008548215
3.525400985208762
3.525401008548215
3.524769386043772
3.5263484423048794
3.5250851972959936
3.5263484423048794
3.5250851739565405
3.5257168198004365
3.525401008548215
3.524769386043772
3.525401008548215
3.5257167964609835
3.5250851972959936
3.525401008548215
3.5254008580832306
3.5244535747915506
3.5266641030921164
3.5250851972959936
3.525401008548215
3.5257167964609835
3.525401008548215
3.524769386043772
3.5250851739565405
3.526664253557101
3.525400985208762
3.5250851972959936
3.5250851972959936
3.5250851739565405
3.524137763539329
3.5263484423048794
3.5250851739565405
3.525401008548215
3.525401008548215
3.5250851739565405
3.525401008548215
3.5257168198004365
3.5250851972959936
3.526032631052658
3.5250851739565405
3.5238219522871077
3.5250851972959936
3.5257168198004365
3.526032631052658
3.5257168198004365
3.5244535747915506
3.5250851972959936
3.526032631052658
3.5244535747915506
3.5257168198004365
3.524769386043772
3.526032607713205
3.525401008548215
3.5257167964609835
3.5257168198004365
3.525401008548215
3.5257167328982177
3.5257168198004365
3.5250851972959936
3.524769386043772
3.524769386043772
3.5250851972959936
3.524137763539329
3.526032631052658
3.526032607713205
3.525401008548215
3.525401008548215
3.5250851739565405
3.5257168198004365
3.5257168198004365
3.5250851972959936
3.5244535747915506
3.526032631052658
3.5250851972959936
3.525401008548215
3.524769386043772
3.5257167964609835
3.524137763539329
3.524769386043772
3.5254009216459963
3.524769386043772
3.5257168198004365
3.5257168198004365
3.525401008548215
3.5263484189654264
3.524137763539329
3.525401008548215
3.5254009216459963
3.525401008548215
3.5257168198004365
3.525400985208762
3.5250851972959936
3.5250851972959936
3.526032607713205
3.526032607713205
3.524769386043772
3.5250851972959936
3.5250851972959936
3.5263484423048794
3.5263484189654264
3.526032631052658
3.5250851972959936
3.5250851972959936
3.5257168198004365
3.5263484189654264
3.525401008548215
3.5244535747915506
3.525400985208762
3.5257168198004365
3.526032631052658
3.5257167964609835
3.525401008548215
3.5250851972959936
3.5257168198004365
3.5257167964609835
3.5257168198004365
3.525400985208762
3.525401008548215
3.524769386043772
3.5250851972959936
3.525401008548215
3.525401008548215
3.5257168198004365
3.525401008548215
3.5250851739565405
3.5250851972959936
3.524769386043772
3.526032544150439
3.5244535747915506
3.5250851972959936
3.526032607713205
3.526032631052658
3.526032631052658
3.525401008548215
3.5257168198004365
3.5257168198004365
3.5238219522871077
3.526032631052658
3.524769386043772
3.5244535514520976
3.5257168198004365
3.525401008548215
3.5250851972959936
3.525401008548215
3.524769386043772
3.526664253557101
3.525401008548215
3.524769386043772
3.5257168198004365
3.525401008548215
3.524769362704319
3.5257168198004365
3.525401008548215
3.5250851972959936
3.525401008548215
3.524769386043772
3.524137763539329
3.526032607713205
3.524137763539329
3.5250851739565405
3.5257168198004365
3.525400985208762
3.5257168198004365
3.526032631052658
3.5257167964609835
3.5257168198004365
3.5257168198004365
3.5254008580832306
3.5250851972959936
3.5257167964609835
3.524769386043772
3.525401008548215
3.524769386043772
3.524769386043772
3.525401008548215
3.524769386043772
3.5244535747915506
3.525401008548215
3.5244535747915506
3.526664253557101
3.5257167964609835
3.5257167964609835
3.5263484423048794
3.5257167328982177
3.526032631052658
3.5257168198004365
3.525401008548215
3.526032631052658
3.5257167964609835
3.524769386043772
3.5257168198004365
3.524769362704319
3.5250851972959936
3.5257167964609835
3.5250851972959936
3.524769386043772
3.524769386043772
3.524769386043772
3.526032631052658
3.5260324805876735
3.524137763539329
3.5250851972959936
3.5250851972959936
3.524769386043772
3.524769386043772
3.525401008548215
3.5257168198004365
3.5250851739565405
3.524769386043772
3.5254009216459963
3.5244535747915506
3.525401008548215
3.524769362704319
3.526032631052658
3.526664253557101
3.524769386043772
3.525401008548215
3.526664166654882
3.5250851972959936
3.525401008548215
3.524769386043772
3.5250851972959936
3.525401008548215
3.525716669335452
3.5257168198004365
3.5250851972959936
3.526032607713205
3.5257168198004365
3.5244535747915506
3.5250851972959936
3.5257168198004365
3.524137763539329
3.5244535747915506
3.526032631052658
3.5250851972959936
3.525400985208762
3.5250851972959936
3.5250851739565405
3.524137763539329
3.5257167964609835
3.5250851972959936
3.5250851972959936
3.5250851739565405
3.524137763539329
3.525401008548215
3.5244535747915506
3.526032607713205
3.527295876061544
3.5244535747915506
3.5250851972959936
3.524769386043772
3.526032631052658
3.526032631052658
3.524769386043772
3.526664166654882
3.526032631052658
3.5257168198004365
3.5257168198004365
3.525401008548215
3.524137763539329
3.524137763539329
3.5257168198004365
3.5250851972959936
3.526664253557101
3.525401008548215
3.524769386043772
3.524769386043772
3.5244535747915506
3.524769386043772
3.525401008548215
3.5244535747915506
3.5263484423048794
3.5257168198004365
3.5257167964609835
3.525401008548215
3.5244535747915506
3.524769386043772
3.526032607713205
3.5250851972959936
3.524769386043772
3.526664253557101
3.5247692991415533
3.524769386043772
3.5263484189654264
3.526032607713205
3.526032607713205
3.526032607713205
3.525401008548215
3.525401008548215
3.5257167964609835
3.526032631052658
3.525400985208762
3.5257168198004365
3.5250851972959936
3.5257168198004365
3.5244535747915506
3.525401008548215
3.5263483554026607
3.5250851972959936
3.5250851972959936
3.525400985208762
3.524769386043772
3.5257168198004365
3.5257167964609835
3.525401008548215
3.526664166654882
3.5238219522871077
3.525401008548215
3.5257167328982177
3.525401008548215
3.526032631052658
3.5250851972959936
3.5257168198004365
3.526664253557101
3.5257167328982177
3.5250851972959936
3.5257168198004365
3.5257168198004365
3.525401008548215
3.524137763539329
3.524137763539329
3.524769386043772
3.526032544150439
3.526032631052658
3.524137763539329
3.5250851972959936
3.5250851972959936
3.5257168198004365
3.5257168198004365
3.524769386043772
3.5254009216459963
3.524769386043772
3.5263484189654264
3.525401008548215
3.525401008548215
3.5250851972959936
3.524769386043772
3.5250851972959936
3.526032631052658
3.5260324170249078
3.5250851972959936
3.5257167964609835
3.5244535747915506
3.5244535747915506
3.5250851739565405
3.526032631052658
3.527295852722091
3.5244535747915506
3.5257168198004365
3.524769386043772
3.5250851972959936
3.5250851972959936
3.5250851972959936
3.5257168198004365
3.525401008548215
3.5250851972959936
3.524769386043772
3.5257168198004365
3.5254009216459963
3.5250851972959936
3.5250851972959936
3.525401008548215
3.526032631052658
3.524137763539329
3.5254009216459963
3.5263484189654264
3.525401008548215
3.5244535747915506
3.5263484423048794
3.5244535747915506
3.525401008548215
3.524769386043772
3.526032631052658
3.5250851739565405
3.5250851972959936
3.5244535747915506
3.5250851972959936
3.5257168198004365
3.5263484189654264
3.526032631052658
3.524769386043772
3.524137763539329
3.524769386043772
3.5257168198004365
3.5250851972959936
3.5250851972959936
3.524769386043772
3.5244535747915506
3.525401008548215
3.525401008548215
3.5244535747915506
3.526032631052658
3.525401008548215
3.525401008548215
3.525401008548215
3.525401008548215
3.5250851972959936
3.525401008548215
3.5244535747915506
3.5257168198004365
3.524769386043772
3.525400985208762
3.525401008548215
3.5263484189654264
3.525401008548215
3.526032631052658
3.526032607713205
3.524137763539329
3.5250851972959936
3.5250851972959936
3.5257168198004365
3.5250851972959936
3.5250851972959936
3.525401008548215
3.524769386043772
3.5257168198004365
3.526032607713205
3.525401008548215
3.525401008548215
3.5244535747915506
3.524769386043772
3.5257168198004365
3.5250851972959936
3.5257168198004365
3.5257167964609835
3.526664166654882
3.5257168198004365
3.5257168198004365
3.526032607713205
3.5257168198004365
3.526032544150439
3.5250851972959936
3.5250851972959936
3.525400985208762
3.526032631052658
3.526032607713205
3.524769386043772
3.5257168198004365
3.526032631052658
3.5244535747915506
3.526032631052658
3.525400985208762
3.524769386043772
3.5257167328982177
3.525401008548215
3.5250851972959936
3.526032607713205
3.5257168198004365
3.5250851972959936
3.525401008548215
3.5257168198004365
3.524769386043772
3.525401008548215
3.525401008548215
3.5257167964609835
3.525401008548215
3.525401008548215
3.5257168198004365
3.5257168198004365
3.525401008548215
3.525401008548215
3.526032631052658
3.5257168198004365
3.525401008548215
3.526032607713205
3.5257168198004365
3.5269800648093224
3.5257167964609835
3.5250851972959936
3.525401008548215
3.5250851972959936
3.5244535747915506
3.5263483554026607
3.5244535747915506
3.524769386043772
3.5244535747915506
3.526032631052658
3.5257168198004365
3.525400985208762
3.524769386043772
3.5263484423048794
3.526032631052658
3.526979914344338
3.525400985208762
3.525401008548215
3.5257168198004365
3.524137740199876
3.526032631052658
3.525401008548215
3.5244535747915506
3.5263483554026607
3.526032544150439
3.5257167328982177
3.5257168198004365
3.524769386043772
3.524769386043772
3.5257167964609835
3.5257168198004365
3.525401008548215
3.5257168198004365
3.525400985208762
3.525401008548215
3.524769386043772
3.525401008548215
3.5257168198004365
3.526664230217648
3.524769386043772
3.5250851739565405
3.524769386043772
3.5250851972959936
3.5257168198004365
3.5257167964609835
3.5257168198004365
3.525400985208762
3.525401008548215
3.5263484189654264
3.5250851972959936
3.524769386043772
3.5263484423048794
3.5244535747915506
3.524769386043772
3.5257168198004365
3.526032631052658
3.5257168198004365
3.526032607713205
3.524769386043772
3.5244535747915506
3.5250851972959936
3.5257168198004365
3.524769386043772
3.5244535747915506
3.524769386043772
3.5250851972959936
3.524137763539329
3.5250851972959936
3.525401008548215
3.525401008548215
3.526032631052658
3.526032607713205
3.5244535747915506
3.525400985208762
3.526032607713205
3.526664253557101
3.524769386043772
3.524769386043772
3.526032631052658
3.525400985208762
3.524769386043772
3.524769386043772
3.526348291839895
3.5250851972959936
3.5244535747915506
3.526032544150439
3.525401008548215
3.525401008548215
3.5250851972959936
3.525401008548215
3.5250851739565405
3.524769386043772
3.5238219522871077
3.5257167964609835
3.525401008548215
3.5250851972959936
3.5254009216459963
3.5250851972959936
3.5263483554026607
3.525400985208762
3.5250851972959936
3.524769386043772
3.525400985208762
3.525401008548215
3.5250851972959936
3.526032631052658
3.5250851972959936
3.5244535747915506
3.526664230217648
3.524769386043772
3.525401008548215
3.5244535747915506
3.526032631052658
3.5257167964609835
3.525401008548215
3.5254009216459963
3.5244535747915506
3.5263484423048794
3.5244535747915506
3.526032607713205
3.525401008548215
3.5257167964609835
3.5257168198004365
3.5250851972959936
3.524137763539329
3.5244535747915506
3.526032631052658
3.526032607713205
3.5257168198004365
3.5250851972959936
3.5257168198004365
3.5257168198004365
3.5257167964609835
3.524137763539329
3.5257168198004365
3.526032607713205
3.5250851972959936
3.525401008548215
3.5250851739565405
3.525401008548215
3.526032631052658
3.5244535747915506
3.524137763539329
3.5257168198004365
3.5263484189654264
3.526032607713205
3.525400985208762
3.525400985208762
3.525401008548215
3.524769362704319
3.524769386043772
3.524769386043772
3.524137763539329
3.5254009216459963
3.524769386043772
3.525401008548215
3.5250851972959936
3.525401008548215
3.525401008548215
3.5263483554026607
3.524769386043772
3.5254009216459963
3.524769386043772
3.526032631052658
3.5257168198004365
3.5263484189654264
3.524769386043772
3.525400985208762
3.525401008548215
3.525401008548215
3.5244535747915506
3.526032631052658
3.5257167328982177
3.5250851972959936
3.525401008548215
3.5250851972959936
3.526032544150439
3.5257168198004365
3.5257167328982177
3.525401008548215
3.5257168198004365
3.5250851972959936
3.5250851972959936
3.525401008548215
3.5263483554026607
3.526032631052658
3.524769386043772
3.5257168198004365
3.526032631052658
3.526032607713205
3.5257168198004365
3.5257167964609835
3.526032544150439
3.5250851972959936
3.524769362704319
3.524769386043772
3.525401008548215
3.5250851972959936
3.526032631052658
3.525401008548215
3.5250851972959936
3.5250851972959936
3.5250851972959936
3.5257168198004365
3.5269799779071036
3.5257168198004365
3.5250851972959936
3.526664230217648
3.5260324805876735
3.5257168198004365
3.5257168198004365
3.526032607713205
3.5257168198004365
3.525400985208762
3.5250851972959936
3.524769386043772
3.5250851972959936
3.525401008548215
3.525401008548215
3.5244535747915506
3.5250851972959936
3.525401008548215
3.524769386043772
3.525401008548215
3.5244535747915506
3.525401008548215
3.5250851972959936
3.525401008548215
3.525401008548215
3.526032544150439
3.525401008548215
3.526032631052658
3.5254009216459963
3.5257168198004365
3.5250851739565405
3.5250851972959936
3.5257168198004365
3.524769386043772
3.526032607713205
3.524769386043772
3.524769386043772
3.5250851972959936
3.524137763539329
3.5257168198004365
3.5257167964609835
3.525400985208762
3.525400985208762
3.5257168198004365
3.526032544150439
3.5263484423048794
3.526032607713205
3.525401008548215
3.5257168198004365
3.5250851972959936
3.525401008548215
3.524769386043772
3.5257167964609835
3.526032631052658
3.524769386043772
3.5257168198004365
3.5263484423048794
3.5250851972959936
3.5257168198004365
3.526032607713205
3.5244535747915506
3.526032631052658
3.5257167328982177
3.525401008548215
3.525401008548215
3.525400985208762
3.524769386043772
3.5244535747915506
3.5238219522871077
3.5257168198004365
3.5250851972959936
3.5257167328982177
3.525401008548215
3.525400985208762
3.524137763539329
3.5257168198004365
3.525400985208762
3.5257168198004365
3.525401008548215
3.524137740199876
3.524769386043772
3.526032631052658
3.5257167964609835
3.526032631052658
3.5257168198004365
3.5250851972959936
3.525401008548215
3.524769386043772
3.5257168198004365
3.5250851972959936
3.5257167328982177
3.5244535747915506
3.525400985208762
3.5250851972959936
3.525401008548215
3.525401008548215
3.5238219522871077
3.524137763539329
3.524769386043772
3.5257167964609835
3.5257167964609835
3.524769362704319
3.526032631052658
3.525401008548215
3.525716669335452
3.5250851972959936
3.5257168198004365
3.5250851972959936
3.5257168198004365
3.526664230217648
3.5257168198004365
3.5257167964609835
3.525085110393775
3.5257168198004365
3.526664253557101
3.5250851739565405
3.5257168198004365
3.5257167964609835
3.524769386043772
3.525401008548215
3.5257167964609835
3.5244535747915506
3.525401008548215
3.525401008548215
3.5257168198004365
3.5257168198004365
3.5257168198004365
3.5257168198004365
3.5257168198004365
3.524137763539329
3.5250851972959936
3.5263484189654264
3.5263484189654264
3.525401008548215
3.5257168198004365
3.524769386043772
3.5257168198004365
3.525085110393775
3.5257167964609835
3.5257168198004365
3.526032607713205
3.525401008548215
3.5257168198004365
3.5257167964609835
3.525401008548215
3.526032631052658
3.5250851739565405
3.526032631052658
3.5257168198004365
3.525401008548215
3.526032631052658
3.526032631052658
3.524769386043772
3.5257168198004365
3.524769386043772
3.5257167328982177
3.526032631052658
3.525401008548215
3.526032631052658
3.5257168198004365
3.525401008548215
3.5257168198004365
3.525401008548215
3.5250851972959936
3.524137740199876
3.526032631052658
3.5244535747915506
3.526032607713205
3.5250851972959936
3.524769386043772
3.5257168198004365
3.525401008548215
3.5250851972959936
3.5263484423048794
3.5257167328982177
3.526032631052658
3.5263484189654264
3.5250851739565405
3.5257168198004365
3.525401008548215
3.525401008548215
3.525401008548215
3.5250851972959936
3.524769386043772
3.525401008548215
3.526032631052658
3.524769386043772
3.5269800414698693
3.525401008548215
3.5257167964609835
3.526032631052658
3.525716669335452
3.5244535747915506
3.524769386043772
3.5250851972959936
3.525401008548215
3.526032631052658
3.5257167964609835
3.5250851972959936
3.524769386043772
3.526032607713205
3.5250851972959936
3.524769386043772
3.5263484189654264
3.5250851972959936
3.524769386043772
3.5257167964609835
3.524769386043772
3.525401008548215
3.524769386043772
3.5257168198004365
3.5257168198004365
3.5257167964609835
3.526032631052658
3.5257167964609835
3.526032607713205
3.525401008548215
3.524769386043772
3.524769386043772
3.5244535747915506
3.5266641030921164
3.5263484189654264
3.525401008548215
3.5257167964609835
3.5257168198004365
3.5257168198004365
3.5250851739565405
3.5257168198004365
3.524769386043772
3.524769386043772
3.5244535747915506
3.5244535747915506
3.525400985208762
3.5250851972959936
3.5244535747915506
3.5250851972959936
3.5257168198004365
3.5257168198004365
3.5250851972959936
3.526032607713205
3.5250851739565405
3.525401008548215
3.525400985208762
3.524769386043772
3.5254008580832306
3.5250851739565405
3.5257168198004365
3.5269800414698693
3.524769362704319
3.5250851972959936
3.5244535747915506
3.525400985208762
3.525401008548215
3.5250851972959936
3.5257167964609835
3.524137763539329
3.524769386043772
3.525401008548215
3.5244535747915506
3.5269799779071036
3.525401008548215
3.525401008548215
3.525401008548215
3.524769386043772
3.5250851972959936
3.5257168198004365
3.5257168198004365
3.524769386043772
3.524769386043772
3.5250851972959936
3.5250851972959936
3.526664253557101
3.5250851972959936
3.5260324805876735
3.5257168198004365
3.525400985208762
3.524769386043772
3.5257168198004365
3.5250851972959936
3.5250851972959936
3.5254009216459963
3.525401008548215
3.526664253557101
3.5257168198004365
3.526032607713205
3.524769386043772
3.524769386043772
3.5250851972959936
3.5257168198004365
3.5250851972959936
3.5250851972959936
3.5244535747915506
3.5250851972959936
3.525400985208762
3.526348291839895
3.526032607713205
3.5257167964609835
3.525401008548215
3.525401008548215
3.525401008548215
3.5244535747915506
3.5244535747915506
3.524769386043772
3.5257168198004365
3.524137763539329
3.5269799779071036
3.5250851972959936
3.526348291839895
3.5257168198004365
3.526032607713205
3.526032544150439
3.5250851972959936
3.5244535747915506
3.5257168198004365
3.526664230217648
3.5250851972959936
3.526032631052658
3.524769386043772
3.5250851972959936
3.5257168198004365
3.5257167964609835
3.5250851972959936
3.525401008548215
3.524769386043772
3.525401008548215
3.5257168198004365
3.5263483554026607
3.5263484423048794
3.5250851739565405
3.5244535747915506
3.5250851739565405
3.524769386043772
3.5263484189654264
3.525400985208762
3.524769386043772
3.5257168198004365
3.525401008548215
3.5257168198004365
3.5263484423048794
3.5244535747915506
3.524769386043772
3.525401008548215
3.525401008548215
3.5250851972959936
3.5250851972959936
3.525401008548215
3.525401008548215
3.5244535747915506
3.524769362704319
3.526032607713205
3.525401008548215
3.526032631052658
3.5263484423048794
3.524137763539329
3.5250851972959936
3.5257167964609835
3.524769386043772
3.526032631052658
3.524769386043772
3.525401008548215
3.5263484189654264
3.524769386043772
3.5250851972959936
3.525400985208762
3.524769386043772
3.5250851972959936
3.5257168198004365
3.5263484423048794
3.5263484423048794
3.5250851739565405
3.5238219522871077
3.524769362704319
3.526032607713205
3.5257168198004365
3.5250851739565405
3.5250851739565405
3.524769386043772
3.524769386043772
3.525401008548215
3.5263483554026607
3.5263484423048794
3.5257168198004365
3.5263484189654264
3.524137763539329
3.525401008548215
3.526032544150439
3.525401008548215
3.524769386043772
3.5250851739565405
3.5269800648093224
3.5250851972959936
3.5257168198004365
3.5257168198004365
3.525401008548215
3.5244535747915506
3.5257168198004365
3.5250851972959936
3.5250851972959936
3.524137763539329
3.525401008548215
3.5257167964609835
3.5257167964609835
3.524137763539329
3.525401008548215
3.524769386043772
3.5257168198004365
3.526032544150439
3.526032607713205
3.525401008548215
3.5257168198004365
3.525400985208762
3.5257168198004365
3.5257167964609835
3.524769386043772
3.5250851972959936
3.5238219522871077
3.524769386043772
3.525401008548215
3.525401008548215
3.5257168198004365
3.526032631052658
3.5266641030921164
3.526032631052658
3.524769386043772
3.5260324805876735
3.524137763539329
3.5257168198004365
3.5244535747915506
3.5250851972959936
3.5263483554026607
3.526032631052658
3.5263484189654264
3.524769386043772
3.5257167964609835
3.526032631052658
3.526348291839895
3.5250851972959936
3.526032631052658
3.5263484189654264
3.524769386043772
3.5238219522871077
3.525400985208762
3.5257168198004365
3.5263483554026607
3.5244535747915506
3.5257168198004365
3.525400985208762
3.525401008548215
3.5257168198004365
3.5244535747915506
3.524769386043772
3.5257168198004365
3.5257168198004365
3.5254009216459963
3.5250851972959936
3.524769386043772
3.526032631052658
3.5250851972959936
3.524769386043772
3.525400985208762
3.5250851972959936
3.524769386043772
3.5238219522871077
3.526032631052658
3.525400985208762
3.5257168198004365
3.526032631052658
3.5257168198004365
3.524769386043772
3.525401008548215
3.5244535747915506
3.5250851972959936
3.5244535747915506
3.525400985208762
3.5257168198004365
3.526032631052658
3.526032631052658
3.5257168198004365
3.5257168198004365
3.5257167964609835
3.524769386043772
3.525401008548215
3.5250851972959936
3.5263484423048794
3.524137763539329
3.5250851972959936
3.524769386043772
3.5244535747915506
3.5257168198004365
3.5257167964609835
3.5266641030921164
3.525400985208762
3.5250851972959936
3.5257168198004365
3.526032631052658
3.5244535747915506
3.5257168198004365
3.524769386043772
3.524137763539329
3.5263484189654264
3.526032631052658
3.526032607713205
3.5244535747915506
3.524769386043772
3.5257168198004365
3.524769386043772
3.5257168198004365
3.5244535747915506
3.5250851739565405
3.526032607713205
3.5257168198004365
3.5257166057726863
3.5257168198004365
3.525401008548215
3.5250851972959936
3.5257168198004365
3.5263483554026607
3.5257167964609835
3.526032631052658
3.526032544150439
3.5250851972959936
3.525401008548215
3.526032544150439
3.5244535747915506
3.526032607713205
3.525401008548215
3.525401008548215
3.5254009216459963
3.524769386043772
3.5257168198004365
3.525400985208762
3.5263484189654264
3.5257168198004365
3.5244535747915506
3.526032631052658
3.524769386043772
3.524769386043772
3.5257168198004365
3.524769386043772
3.5250851972959936
3.524769386043772
3.5250851972959936
3.526032631052658
3.5250851739565405
3.526664253557101
3.5257167964609835
3.5257168198004365
3.5250851972959936
3.5244535747915506
3.5250851972959936
3.526032631052658
3.524769362704319
3.525401008548215
3.524769386043772
3.5257168198004365
3.524137763539329
3.5257167964609835
3.525401008548215
3.525401008548215
3.5250851972959936
3.525400985208762
3.526032631052658
3.5244535747915506
3.5257168198004365
3.524769386043772
3.524769386043772
3.526032631052658
3.5250851739565405
3.526032544150439
3.524769386043772
3.526032607713205
3.524769386043772
3.525401008548215
3.524137763539329
3.525401008548215
3.5257168198004365
3.5250851972959936
3.526032631052658
3.5250851972959936
3.5257168198004365
3.524769386043772
3.524769386043772
3.5269800648093224
3.5250851972959936
3.526032607713205
3.5250851972959936
3.5263484189654264
3.5257168198004365
3.526032631052658
3.524137763539329
3.5257167964609835
3.5263484423048794
3.5257167964609835
3.524137763539329
3.5250851972959936
3.524769386043772
3.526032607713205
3.524769362704319
3.525401008548215
3.5250851972959936
3.524769362704319
3.525401008548215
3.526032631052658
3.5257167964609835
3.5257168198004365
3.5250851972959936
3.524769386043772
3.525401008548215
3.524137763539329
3.5250851972959936
3.525400985208762
3.5257167964609835
3.525401008548215
3.526032631052658
3.5244535747915506
3.5257168198004365
3.525401008548215
3.524769386043772
3.5263484189654264
3.5257167964609835
3.5250851972959936
3.5244535747915506
3.5244535747915506
3.5263484423048794
3.5250851972959936
3.525400985208762
3.525401008548215
3.5257167964609835
3.525401008548215
3.525401008548215
3.5257167328982177
3.5257168198004365
3.5250851972959936
3.5250851739565405
3.5244535747915506
3.5257167964609835
3.526032631052658
3.525401008548215
3.5250851972959936
3.5238219522871077
3.526032631052658
3.5250851972959936
3.524137763539329
3.5250851972959936
3.5257167964609835
3.5250851972959936
3.5250851972959936
3.5257167964609835
3.524769386043772
3.5263484423048794
3.524137763539329
3.5263484423048794
3.524769386043772
3.524769386043772
3.525401008548215
3.525401008548215
3.5250851972959936
3.526032631052658
3.5250851972959936
3.5257168198004365
3.525401008548215
3.5250851972959936
3.5257168198004365
3.525401008548215
3.525400985208762
3.5257168198004365
3.525401008548215
3.524769386043772
3.5257168198004365
3.525401008548215
3.525401008548215
3.5257168198004365
3.5250851972959936
3.526032631052658
3.5257168198004365
3.525401008548215
3.5244535747915506
3.524769362704319
3.526032631052658
3.526032631052658
3.524137763539329
3.525401008548215
3.5257168198004365
3.524137763539329
3.524769386043772
3.524769386043772
3.5250851972959936
3.525401008548215
3.5257167964609835
3.5244535747915506
3.526032631052658
3.5263484189654264
3.5231903297826648
3.5263484423048794
3.5250851739565405
3.525400985208762
3.525401008548215
3.524769386043772
3.5250851972959936
3.525401008548215
3.524769386043772
3.5257167964609835
3.526664230217648
3.5263484423048794
3.525401008548215
3.5244535747915506
3.525400985208762
3.525401008548215
3.525401008548215
3.5244535747915506
3.5250851972959936
3.525400985208762
3.526664166654882
3.5244535747915506
3.5257168198004365
3.5244535747915506
3.5257168198004365
3.5257168198004365
3.525400985208762
3.5250851972959936
3.5257167964609835
3.524769386043772
3.526032631052658
3.524769386043772
3.5257168198004365
3.5250851972959936
3.524137740199876
3.524769386043772
3.5257168198004365
3.525400985208762
3.5250851972959936
3.525401008548215
3.5250851739565405
3.526032631052658
3.5257168198004365
3.5244535747915506
3.526032631052658
3.525401008548215
3.5260324805876735
3.526032631052658
3.5250851972959936
3.5257168198004365
3.5244535747915506
3.5266641030921164
3.5250851972959936
3.524769386043772
3.525401008548215
3.524769386043772
3.525401008548215
3.525401008548215
3.526032631052658
3.5250851739565405
3.526032631052658
3.526032544150439
3.5250851972959936
3.5250851972959936
3.5250851972959936
3.5257168198004365
3.526032631052658
3.525085110393775
3.5269800414698693
3.526664230217648
3.525401008548215
3.5250851972959936
3.524137763539329
3.524769386043772
3.525401008548215
3.5250851739565405
3.526664230217648
3.526032631052658
3.524769386043772
3.5250851972959936
3.525401008548215
3.5250851972959936
3.5257168198004365
3.5250851972959936
3.5250851972959936
3.525401008548215
3.525401008548215
3.5257168198004365
3.526032607713205
3.5257168198004365
3.5269800648093224
3.525401008548215
3.524769386043772
3.5250851972959936
3.525401008548215
3.525401008548215
3.5250851739565405
3.5257168198004365
3.5250851972959936
3.5257166057726863
3.524769386043772
3.5250851972959936
3.524769386043772
3.5257168198004365
3.526032607713205
3.526032631052658
3.526032607713205
3.525400985208762
3.526032631052658
3.5254009216459963
3.5238219522871077
3.526032631052658
3.5244535747915506
3.5263484423048794
3.524769386043772
3.5247692991415533
3.5250851972959936
3.5257167964609835
3.524137763539329
3.5257168198004365
3.526032544150439
3.525401008548215
3.5263484423048794
3.5250851739565405
3.525401008548215
3.526032544150439
3.525401008548215
3.526032607713205
3.5257168198004365
3.5250851972959936
3.5257168198004365
3.5254009216459963
3.5257168198004365
3.526032631052658
3.524769386043772
3.5257168198004365
3.525400985208762
3.5250851972959936
3.524137763539329
3.5244535514520976
3.5250851972959936
3.5250851972959936
3.525401008548215
3.5257168198004365
3.525400985208762
3.5257167964609835
3.5263484423048794
3.5244535514520976
3.5257168198004365
3.5263484423048794
3.525401008548215
3.5250851739565405
3.525400985208762
3.524769386043772
3.525401008548215
3.5254009216459963
3.5250851972959936
3.5257168198004365
3.524769386043772
3.525401008548215
3.5257168198004365
3.5254009216459963
3.5250851972959936
3.524137763539329
3.5254009216459963
3.5250851972959936
3.5257167964609835
3.5244535747915506
3.5257168198004365
3.525400985208762
3.526664253557101
3.525401008548215
3.5244535747915506
3.526032631052658
3.525401008548215
3.5257167964609835
3.5257168198004365
3.524769386043772
3.525401008548215
3.526979914344338
3.5257167328982177
3.525401008548215
3.5250851972959936
3.525401008548215
3.525401008548215
3.524769386043772
3.5257168198004365
3.526664253557101
3.525716669335452
3.526032631052658
3.526032631052658
3.5257168198004365
3.526032607713205
3.5257167964609835
3.525401008548215
3.526032631052658
3.525401008548215
3.5257168198004365
3.526032607713205
3.525400985208762
3.5250851972959936
3.5257168198004365
3.526032607713205
3.525401008548215
3.5263484189654264
3.524769386043772
3.5269800414698693
3.5257167328982177
3.5257168198004365
3.524769386043772
3.5257167964609835
3.5257168198004365
3.5250851972959936
3.5250851972959936
3.524769386043772
3.526032631052658
3.525400985208762
3.526032544150439
3.5257168198004365
3.524769386043772
3.5250851972959936
3.5263484189654264
3.525401008548215
3.5244535747915506
3.525401008548215
3.524769386043772
3.524769386043772
3.5263483554026607
3.524137763539329
3.525401008548215
3.524769362704319
3.5244535747915506
3.526032631052658
3.5263483554026607
3.526032544150439
3.5257168198004365
3.5254009216459963
3.527927411663768
3.5244535747915506
3.5244535747915506
3.5244535747915506
3.525401008548215
3.5257168198004365
3.526032631052658
3.5250851972959936
3.525401008548215
3.526032631052658
3.5250851739565405
3.526032631052658
3.5257168198004365
3.524769362704319
3.524769386043772
3.525401008548215
3.5238219522871077
3.5257168198004365
3.5257168198004365
3.5257167964609835
3.5257167328982177
3.5244535747915506
3.526032631052658
3.5257168198004365
3.5250851972959936
3.524769386043772
3.525401008548215
3.5257168198004365
3.5257167328982177
3.5250851972959936
3.5250851972959936
3.5257167964609835
3.5257168198004365
3.5250851972959936
3.525401008548215
3.525401008548215
3.5257168198004365
3.5257168198004365
3.5257168198004365
3.525401008548215
3.5263484189654264
3.525401008548215
3.5257167328982177
3.5257168198004365
3.5257168198004365
3.5257168198004365
3.525401008548215
3.5257168198004365
3.5250851972959936
3.5250851972959936
3.526032544150439
3.526664166654882
3.5257168198004365
3.5250851972959936
3.5250851739565405
3.525401008548215
3.5257167964609835
3.5244535747915506
3.5250851972959936
3.5244535747915506
3.525401008548215
3.525401008548215
3.524769386043772
3.5244535747915506
3.5266641030921164
3.5257168198004365
3.524137763539329
3.526032607713205
3.526032631052658
3.526664230217648
3.5257167328982177
3.5257168198004365
3.526032607713205
3.526664253557101
3.525401008548215
3.525400985208762
3.5257168198004365
3.524769386043772
3.525401008548215
3.524769386043772
3.526032544150439
3.5263484189654264
3.526032631052658
3.525400985208762
3.526032631052658
3.5263484423048794
3.524769362704319
3.5250851972959936
3.526032607713205
3.5257168198004365
3.5244535747915506
3.5250851972959936
3.5257168198004365
3.5250851972959936
3.526032607713205
3.525401008548215
3.5257167964609835
3.5257167964609835
3.5257168198004365
3.525401008548215
3.526032544150439
3.5250851972959936
3.524137763539329
3.524769386043772
3.525401008548215
3.524769362704319
3.525401008548215
3.525401008548215
3.525401008548215
3.5257168198004365
3.5257168198004365
3.526032631052658
3.525401008548215
3.524769386043772
3.5250851972959936
3.5250851972959936
3.5250851972959936
3.526032631052658
3.524137763539329
3.5263484423048794
3.525401008548215
3.5257167964609835
3.5257168198004365
3.525401008548215
3.5257168198004365
3.5263484423048794
3.5263483554026607
3.525401008548215
3.5257168198004365
3.5266641030921164
3.5257168198004365
3.525401008548215
3.5250851972959936
3.5257168198004365
3.524769386043772
3.5250851972959936
3.524769386043772
3.525401008548215
3.5263484189654264
3.526032544150439
3.5244535747915506
3.525401008548215
3.524769362704319
3.524137763539329
3.5263483554026607
3.5244535747915506
3.5263484189654264
3.524137763539329
3.5257168198004365
3.526032607713205
3.5250851972959936
3.525401008548215
3.526032631052658
3.5257168198004365
3.5257168198004365
3.525400985208762
3.5250851972959936
3.525401008548215
3.526032607713205
3.5244535747915506
3.525401008548215
3.5250851972959936
3.524769386043772
3.526032631052658
3.5257168198004365
3.5250851972959936
3.5250851972959936
3.525716669335452
3.525401008548215
3.5257168198004365
3.5257168198004365
3.526032631052658
3.5263483554026607
3.525401008548215
3.525401008548215
3.5263483554026607
3.5250851972959936
3.524769386043772
3.525401008548215
3.5244535747915506
3.5257167964609835
3.525401008548215
3.5263484423048794
3.525400985208762
3.5244535747915506
3.526032607713205
3.525401008548215
3.5257168198004365
3.5263484189654264
3.5257168198004365
3.525401008548215
3.5257167328982177
3.525401008548215
3.525401008548215
3.5250851972959936
3.526032631052658
3.5263484189654264
3.5250851972959936
3.524137763539329
3.525401008548215
3.5250851972959936
3.5250851972959936
3.526032631052658
3.525401008548215
3.526032631052658
3.5250851972959936
3.5257168198004365
3.525401008548215
3.5250851972959936
3.5244535747915506
3.524769386043772
3.525400985208762
3.5257168198004365
3.525401008548215
3.5257168198004365
3.526032631052658
3.526348291839895
3.524769386043772
3.524769386043772
3.525401008548215
3.525401008548215
3.5250851972959936
3.5250851739565405
3.526032631052658
3.5244535747915506
3.525401008548215
3.5238219522871077
3.524769386043772
3.5263484189654264
3.5257168198004365
3.5250851972959936
3.5263484423048794
3.5250851972959936
3.5254009216459963
3.5263484423048794
3.5257168198004365
3.525400985208762
3.524769386043772
3.526348291839895
3.524769386043772
3.5250851972959936
3.526664230217648
3.526032544150439
3.5257168198004365
3.5250851972959936
3.524769386043772
3.525401008548215
3.5263483554026607
3.526664230217648
3.526664253557101
3.525401008548215
3.526032607713205
3.5250851972959936
3.5250851972959936
3.5238219522871077
3.525401008548215
3.525400985208762
3.525401008548215
3.525401008548215
3.525400985208762
3.5257168198004365
3.5250851739565405
3.5263484189654264
3.5257168198004365
3.525401008548215
3.5250851972959936
3.525401008548215
3.5244535514520976
3.526032631052658
3.524769386043772
3.524769386043772
3.5238219522871077
3.526032607713205
3.5244535747915506
3.526032631052658
3.5257168198004365
3.526032607713205
3.5257168198004365
3.525400985208762
3.524769386043772
3.5250851972959936
3.525401008548215
3.5250851972959936
3.5263484423048794
3.5257168198004365
3.5250851972959936
3.524137763539329
3.526032631052658
3.524769386043772
3.5257168198004365
3.5257167328982177
3.525401008548215
3.5257168198004365
3.525400985208762
3.524769362704319
3.5257168198004365
3.526032544150439
3.5250851972959936
3.526032631052658
3.525401008548215
3.526664253557101
3.524769386043772
3.5235061410348862
3.5257168198004365
3.5257168198004365
3.524769386043772
3.5257168198004365
3.525400985208762
3.526032631052658
3.5257168198004365
3.524769386043772
3.524769386043772
3.5250851972959936
3.525401008548215
3.5250851972959936
3.525401008548215
3.5257167964609835
3.5257168198004365
3.525085110393775
3.5257168198004365
3.5257168198004365
3.5254009216459963
3.5250851972959936
3.526032631052658
3.524769386043772
3.526032631052658
3.525400985208762
3.5250851739565405
3.526032631052658
3.5244535747915506
3.525401008548215
3.525401008548215
3.5244535747915506
3.526032631052658
3.5257167328982177
3.524769386043772
3.525401008548215
3.5250851972959936
3.524769386043772
3.524769386043772
3.5250851972959936
3.525401008548215
3.5257167964609835
3.5244535747915506
3.525401008548215
3.5257167964609835
3.5244535747915506
3.526032631052658
3.5263483554026607
3.5250851972959936
3.5269799779071036
3.5257168198004365
3.5263484189654264
3.524769386043772
3.526032631052658
3.5250851972959936
3.5244535747915506
3.5263484189654264
3.5250851972959936
3.526348291839895
3.5257168198004365
3.5263484189654264
3.525401008548215
3.526032607713205
3.5250851739565405
3.524769386043772
3.5257168198004365
3.524769386043772
3.5250851972959936
3.5250851739565405
3.524137763539329
3.5263484189654264
3.526032607713205
3.5244535747915506
3.5250851972959936
3.5244535747915506
3.5257168198004365
3.525400985208762
3.526032631052658
3.525401008548215
3.5250851972959936
3.5244535747915506
3.525401008548215
3.525085110393775
3.524769386043772
3.524769386043772
3.5244535747915506
3.525401008548215
3.525401008548215
3.5263483554026607
3.525401008548215
3.5257167964609835
3.524769386043772
3.5244535747915506
3.5244535747915506
3.526032631052658
3.525400985208762
3.526032544150439
3.5257168198004365
3.526032544150439
3.525401008548215
3.524769386043772
3.5263484189654264
3.5257167964609835
3.5244535747915506
3.5250851972959936
3.5269800414698693
3.5250851972959936
3.526664253557101
3.5250851972959936
3.5263484423048794
3.5250851972959936
3.525401008548215
3.525401008548215
3.5250851972959936
3.525716669335452
3.5250851972959936
3.5257168198004365
3.524137763539329
3.5250851972959936
3.5263483554026607
3.5250851972959936
3.524769386043772
3.524769386043772
3.5254009216459963
3.5250851972959936
3.5257167964609835
3.525401008548215
3.5257167328982177
3.5250851739565405
3.5257168198004365
3.5257167328982177
3.525401008548215
3.524137763539329
3.524769386043772
3.5263483554026607
3.5257168198004365
3.5250851972959936
3.526032631052658
3.5257168198004365
3.5250851972959936
3.5257168198004365
3.5244535747915506
3.5244535747915506
3.5244535747915506
3.524769386043772
3.524769386043772
3.5244535747915506
3.5244535747915506
3.526032631052658
3.5260324805876735
3.525401008548215
3.5263484423048794
3.5244535514520976
3.5250851972959936
3.5257168198004365
3.5250851739565405
3.5244535747915506
3.525400985208762
3.524769386043772
3.5257168198004365
3.5257168198004365
3.5257168198004365
3.526032631052658
3.524769386043772
3.526032631052658
3.526032544150439
3.5257168198004365
3.525401008548215
3.5250851972959936
3.524769386043772
3.5250851972959936
3.525400985208762
3.5257168198004365
3.524769386043772
3.5250851972959936
3.5244535747915506
3.525400985208762
3.524769386043772
3.5257168198004365
3.524137763539329
3.5244535747915506
3.5250851972959936
3.5250851972959936
3.524769386043772
3.525401008548215
3.524769386043772
3.526032631052658
3.5257168198004365
3.524769386043772
3.5244535747915506
3.526032607713205
3.5250851972959936
3.5263484423048794
3.5250851972959936
3.5263484189654264
3.5257168198004365
3.526032544150439
3.5250851972959936
3.525401008548215
3.525401008548215
3.524769386043772
3.5263484189654264
3.5263484189654264
3.526032631052658
3.5263484423048794
3.524769362704319
3.526032631052658
3.5250851972959936
3.5257168198004365
3.5250851972959936
3.524769386043772
3.5250851972959936
3.5257168198004365
3.5257167964609835
3.5257168198004365
3.5257168198004365
3.5250851972959936
3.5250851972959936
3.526032631052658
3.524137763539329
3.5269799779071036
3.526032607713205
3.524137763539329
3.524769386043772
3.524769386043772
3.524769386043772
3.5250851972959936
3.5250851972959936
3.5250851739565405
3.5257168198004365
3.526032607713205
3.5257168198004365
3.5250851972959936
3.524137763539329
3.525401008548215
3.5257168198004365
3.526032607713205
3.524769386043772
3.5263484423048794
3.5244535747915506
3.524769386043772
3.5263484189654264
3.5257167964609835
3.526032631052658
3.5250851972959936
3.5244535747915506
3.5250851972959936
3.526032607713205
3.5257168198004365
3.5250851972959936
3.5250851739565405
3.525401008548215
3.524769386043772
3.5257168198004365
3.5250851972959936
3.5257168198004365
3.5244535514520976
3.524769386043772
3.524137763539329
3.525401008548215
3.524769386043772
3.526032631052658
3.5244535747915506
3.526032631052658
3.526032544150439
3.524137740199876
3.5263484423048794
3.524137763539329
3.526032607713205
3.527295789159325
3.525401008548215
3.525401008548215
3.525401008548215
3.524769362704319
3.524769386043772
3.5244535747915506
3.5250851972959936
3.526032544150439
3.5250851972959936
3.524769386043772
3.524769386043772
3.524137740199876
3.5257168198004365
3.524137763539329
3.5238219522871077
3.525400985208762
3.524769386043772
3.5257168198004365
3.524769386043772
3.524769386043772
3.524137763539329
3.5254009216459963
3.5244535747915506
3.5263484189654264
3.524769386043772
3.525401008548215
3.526032631052658
3.525400985208762
3.524769386043772
3.5257168198004365
3.525401008548215
3.525401008548215
3.5244535747915506
3.525400985208762
3.525401008548215
3.525085110393775
3.5250851972959936
3.525400985208762
3.525400985208762
3.5257168198004365
3.5244535747915506
3.5260324170249078
3.525401008548215
3.5257168198004365
3.5250851972959936
3.526032631052658
3.5235061410348862
3.526032607713205
3.5250851739565405
3.525401008548215
3.5257168198004365
3.5257168198004365
3.525401008548215
3.525401008548215
3.5257167964609835
3.525401008548215
3.525401008548215
3.524769386043772
3.525401008548215
3.5250851739565405
3.525401008548215
3.524769362704319
3.5257168198004365
3.524769386043772
3.525400985208762
3.525401008548215
3.525401008548215
3.524769362704319
3.524137763539329
3.526032607713205
3.5238219522871077
3.5263484189654264
3.524137763539329
3.524137763539329
3.5257168198004365
3.5257167964609835
3.5263484423048794
3.525401008548215
3.5257168198004365
3.525401008548215
3.524769362704319
3.524769386043772
3.5257168198004365
3.5257167964609835
3.5244535747915506
3.5250851972959936
3.526032631052658
3.525401008548215
3.5250851972959936
3.525401008548215
3.525401008548215
3.5257167964609835
3.5250851972959936
3.526032631052658
3.5250851972959936
3.5257168198004365
3.526032607713205
3.525401008548215
3.5257168198004365
3.524769386043772
3.5244535747915506
3.525401008548215
3.524137763539329
3.525401008548215
3.5257167964609835
3.526664230217648
3.526032631052658
3.5257168198004365
3.5250851972959936
3.5257168198004365
3.525400985208762
3.526032631052658
3.526664166654882
3.5244535747915506
3.5263484423048794
3.5257168198004365
3.525400985208762
3.5250851972959936
3.5257167964609835
3.524769386043772
3.5257168198004365
3.5235061410348862
3.5263484189654264
3.5263484423048794
3.525401008548215
3.5263484423048794
3.5263484189654264
3.525401008548215
3.5257168198004365
3.524137763539329
3.524769386043772
3.526032631052658
3.524769362704319
3.5257168198004365
3.526032631052658
3.526032631052658
3.525401008548215
3.5250851972959936
3.5257168198004365
3.5269800648093224
3.5250851739565405
3.5250851972959936
3.526032607713205
3.525401008548215
3.526032631052658
3.524769386043772
3.525401008548215
3.526664230217648
3.524769386043772
3.5257167964609835
3.526032631052658
3.524137763539329
3.5257168198004365
3.524137763539329
3.524769386043772
3.525401008548215
3.5250851972959936
3.524769386043772
3.5257168198004365
3.5250851972959936
3.526032631052658
3.5250851972959936
3.525401008548215
3.524137763539329
3.5257168198004365
3.524137763539329
3.5257168198004365
3.5244535747915506
3.5250851972959936
3.526032631052658
3.5250851972959936
3.5250851972959936
3.526032631052658
3.5250851739565405
3.5250851972959936
3.526032631052658
3.525401008548215
3.525401008548215
3.526348291839895
3.5257167328982177
3.5257168198004365
3.5263484189654264
3.524769386043772
3.525401008548215
3.524769386043772
3.525401008548215
3.5257168198004365
3.525401008548215
3.525401008548215
3.526032607713205
3.5250851739565405
3.5250851972959936
3.525400985208762
3.5257168198004365
3.525401008548215
3.524137763539329
3.526032607713205
3.5257168198004365
3.5235061410348862
3.5250851972959936
3.525401008548215
3.524769386043772
3.5250851972959936
3.5238219522871077
3.5244535747915506
3.524137763539329
3.5257167328982177
3.5250851972959936
3.525401008548215
3.5263484189654264
3.5257168198004365
3.5263484189654264
3.525400985208762
3.5250851972959936
3.526032607713205
3.525400985208762
3.525401008548215
3.526032631052658
3.5250851972959936
3.5250851972959936
3.5257168198004365
3.526032607713205
3.526032631052658
3.5250851972959936
3.524769386043772
3.5257168198004365
3.5257167964609835
3.5244535747915506
3.526664230217648
3.5250851972959936
3.5250851972959936
3.5250851972959936
3.525085110393775
3.5244535747915506
3.5257168198004365
3.5244535747915506
3.5257167964609835
3.524769386043772
3.525401008548215
3.5257168198004365
3.5257168198004365
3.524769386043772
3.524769386043772
3.5263484189654264
3.525401008548215
3.525401008548215
3.525401008548215
3.5250851972959936
3.5250851972959936
3.5257167964609835
3.525401008548215
3.5254009216459963
3.525401008548215
3.5250851972959936
3.525400985208762
3.526032631052658
3.5257168198004365
3.5254009216459963
3.5250851972959936
3.5250851972959936
3.5244535747915506
3.5250851972959936
3.5244535747915506
3.5250851972959936
3.526032631052658
3.525085110393775
3.526032631052658
3.5250851972959936
3.5257167328982177
3.5257168198004365
3.525401008548215
3.5244535747915506
3.5257168198004365
3.5254009216459963
3.525401008548215
3.524769386043772
3.524769386043772
3.5244535747915506
3.5250851972959936
3.525401008548215
3.5244535747915506
3.524137763539329
3.5263484189654264
3.5257168198004365
3.524769386043772
3.526032631052658
3.5250851739565405
3.5250851972959936
3.524769386043772
3.5257168198004365
3.525401008548215
3.526032631052658
3.525401008548215
3.5250851972959936
3.526032631052658
3.524769362704319
3.5257168198004365
3.526032607713205
3.526032607713205
3.526032631052658
3.526032607713205
3.524137763539329
3.525401008548215
3.5244535747915506
3.5250851972959936
3.5250851739565405
3.525401008548215
3.525401008548215
3.5250851739565405
3.526032631052658
3.5257167964609835
3.5244535747915506
3.526664166654882
3.5250851972959936
3.524137763539329
3.5244535747915506
3.5257168198004365
3.5250851972959936
3.526032631052658
3.5257168198004365
3.524769386043772
3.525401008548215
3.524769362704319
3.5250851972959936
3.526032631052658
3.5244535747915506
3.525401008548215
3.524769386043772
3.5257168198004365
3.526032544150439
3.526032607713205
3.5250851972959936
3.526032607713205
3.5250851972959936
3.5250851972959936
3.5244535747915506
3.525401008548215
3.526032631052658
3.5238219522871077
3.527295852722091
3.526348291839895
3.526032631052658
3.524769386043772
3.5263484189654264
3.5250851972959936
3.5269800648093224
3.5244535747915506
3.526032631052658
3.5257168198004365
3.526032631052658
3.5244535747915506
3.525401008548215
3.524137763539329
3.525401008548215
3.5257168198004365
3.525401008548215
3.5257168198004365
3.525401008548215
3.5257168198004365
3.5250851972959936
3.525401008548215
3.526664253557101
3.5257167964609835
3.5250851972959936
3.5250851972959936
3.5257168198004365
3.5244535747915506
3.5263484423048794
3.5250851739565405
3.524769386043772
3.524769386043772
3.5244535747915506
3.524769386043772
3.524137763539329
3.5263484189654264
3.525401008548215
3.5244535747915506
3.5250851972959936
3.526664230217648
3.5257167964609835
3.526664166654882
3.525401008548215
3.5263484189654264
3.5257168198004365
3.5250851972959936
3.5257168198004365
3.526979914344338
3.5231903297826648
3.5250851972959936
3.525400985208762
3.5250851972959936
3.5250851972959936
3.5257168198004365
3.525401008548215
3.526032607713205
3.526032544150439
3.525401008548215
3.5250851972959936
3.526664230217648
3.5263483554026607
3.524769386043772
3.525401008548215
3.5263484423048794
3.525085110393775
3.524769386043772
3.525400985208762
3.525401008548215
3.526032631052658
3.524137763539329
3.5257168198004365
3.5250851972959936
3.525400985208762
3.5250851972959936
3.5250851972959936
3.5244535747915506
3.526032631052658
3.5250851972959936
3.5250851739565405
3.525401008548215
3.526664166654882
3.526032607713205
3.525401008548215
3.524769386043772
3.524769386043772
3.525401008548215
3.5257168198004365
3.5257168198004365
3.5250851972959936
3.525400985208762
3.525401008548215
3.5257168198004365
3.525400985208762
3.5257167964609835
3.5244535747915506
3.525401008548215
3.525401008548215
3.5257167964609835
3.524769386043772
3.5257168198004365
3.525400985208762
3.5250851972959936
3.5250851972959936
3.5250851739565405
3.5257168198004365
3.5257168198004365
3.524769362704319
3.526032631052658
3.524769386043772
3.525401008548215
3.5257168198004365
3.5250851972959936
3.5250851972959936
3.525401008548215
3.525400985208762
3.5250851972959936
3.524769386043772
3.525401008548215
3.524137763539329
3.526032631052658
3.5263483554026607
3.526032631052658
3.5250851739565405
3.5250851972959936
3.524769386043772
3.525401008548215
3.5250851972959936
3.5250851972959936
3.5250851972959936
3.5263484423048794
3.525401008548215
3.524769362704319
3.5257168198004365
3.525401008548215
3.5257168198004365
3.525401008548215
3.5263484189654264
3.5250851739565405
3.5257168198004365
3.526032631052658
3.5247692991415533
3.524137763539329
3.525401008548215
3.5250851972959936
3.5250851972959936
3.524769386043772
3.525401008548215
3.526032631052658
3.5257168198004365
3.5250851972959936
3.525401008548215
3.524137763539329
3.525401008548215
3.5250851972959936
3.525401008548215
3.526032631052658
3.5257168198004365
3.524769386043772
3.5244535747915506
3.525716669335452
3.5244535747915506
3.5257168198004365
3.525401008548215
3.5244535747915506
3.5257168198004365
3.524769362704319
3.5257168198004365
3.526032544150439
3.525400985208762
3.5257168198004365
3.5250851972959936
3.5250851972959936
3.526032631052658
3.525400985208762
3.5263484423048794
3.525400985208762
3.525401008548215
3.525401008548215
3.525401008548215
3.525401008548215
3.5269800414698693
3.524137763539329
3.5250851972959936
3.5260324805876735
3.525401008548215
3.5250851972959936
3.525401008548215
3.5257168198004365
3.526032631052658
3.526032544150439
3.5263483554026607
3.524769386043772
3.526032607713205
3.525401008548215
3.5250851972959936
3.525401008548215
3.526032631052658
3.5254009216459963
3.525401008548215
3.525401008548215
3.5250851972959936
3.5257168198004365
3.526032544150439
3.525401008548215
3.5257168198004365
3.525085110393775
3.5250851739565405
3.525401008548215
3.524769386043772
3.5257168198004365
3.5250851739565405
3.524769386043772
3.526032631052658
3.5250851739565405
3.526032631052658
3.5257168198004365
3.525401008548215
3.5257168198004365
3.526664230217648
3.5250851972959936
3.5250851972959936
3.5254008580832306
3.5263484423048794
3.526664166654882
3.5250851972959936
3.5263484189654264
3.525401008548215
3.5257168198004365
3.526032631052658
3.524769386043772
3.5250851972959936
3.525400985208762
3.5250851972959936
3.5250851972959936
3.525401008548215
3.525401008548215
3.5257168198004365
3.524769386043772
3.526664253557101
3.5250851739565405
3.5250851972959936
3.525401008548215
3.525401008548215
3.5250851972959936
3.5257168198004365
3.524769362704319
3.5257168198004365
3.5250851972959936
3.5263483554026607
3.525401008548215
3.524769362704319
3.526032631052658
3.5263484423048794
3.524137763539329
3.5257167964609835
3.526032607713205
3.5257168198004365
3.5257168198004365
3.525400985208762
3.525401008548215
3.5257168198004365
3.5257167964609835
3.5250851972959936
3.526032607713205
3.524769386043772
3.526664253557101
3.525401008548215
3.5250851972959936
3.5257168198004365
3.5257167964609835
3.5250851972959936
3.525085110393775
3.524769386043772
3.526032631052658
3.525401008548215
3.5250851972959936
3.526032631052658
3.5250851739565405
3.525401008548215
3.5263483554026607
3.525400985208762
3.525401008548215
3.525400985208762
3.5257168198004365
3.526664230217648
3.5250851739565405
3.5244535747915506
3.524137763539329
3.525401008548215
3.526032607713205
3.524769362704319
3.5257168198004365
3.524769386043772
3.5244535514520976
3.5250851972959936
3.525400985208762
3.5250851972959936
3.5263484189654264
3.5250851739565405
3.5250851972959936
3.526032631052658
3.525401008548215
3.526032631052658
3.525401008548215
3.5250851972959936
3.5257168198004365
3.5257168198004365
3.5244535747915506
3.5257168198004365
3.5250851739565405
3.524769386043772
3.5263484423048794
3.524137763539329
3.526032631052658
3.5257168198004365
3.5244535747915506
3.526032631052658
3.5244535747915506
3.5244535747915506
3.5250851972959936
3.524769386043772
3.5250851972959936
3.5263484423048794
3.5244535747915506
3.525401008548215
3.5244535747915506
3.5250851739565405
3.5257168198004365
3.526032631052658
3.525401008548215
3.526032631052658
3.5257168198004365
3.5244535747915506
3.5257168198004365
3.5238219289476547
3.5250851972959936
3.5257168198004365
3.5244535747915506
3.5263484423048794
3.525401008548215
3.5257167964609835
3.5244535747915506
3.5257167964609835
3.5257167964609835
3.526032631052658
3.526032607713205
3.5250851972959936
3.5250851972959936
3.5244535747915506
3.5250851972959936
3.5257168198004365
3.5250851972959936
3.524769386043772
3.526032631052658
3.5244535747915506
3.5244535747915506
3.526032544150439
3.526032631052658
3.526032631052658
3.524137763539329
3.524769386043772
3.526032631052658
3.524769386043772
3.526032631052658
3.524769386043772
3.526664166654882
3.526032607713205
3.525401008548215
3.5244535514520976
3.524769386043772
3.5263484189654264
3.5250851972959936
3.524769386043772
3.5238219522871077
3.526032631052658
3.526032631052658
3.525085110393775
3.525401008548215
3.5257168198004365
3.5244535747915506
3.524769386043772
3.524769386043772
3.526032607713205
3.525401008548215
3.526032631052658
3.524769386043772
3.525401008548215
3.5263484189654264
3.524769386043772
3.5263484423048794
3.525401008548215
3.5257167964609835
3.5250851972959936
3.525401008548215
3.5257167964609835
3.526032631052658
3.5254009216459963
3.525401008548215
3.5263483554026607
3.5250851739565405
3.5250851972959936
3.5263484423048794
3.5244535514520976
3.5250851972959936
3.524137763539329
3.525401008548215
3.525401008548215
3.526032607713205
3.5250851972959936
3.5257168198004365
3.5263484189654264
3.524769386043772
3.5257168198004365
3.525401008548215
3.5257168198004365
3.524769386043772
3.5250851739565405
3.5257168198004365
3.524769386043772
3.524769386043772
3.525401008548215
3.525401008548215
3.5250851972959936
3.5257168198004365
3.5263484423048794
3.526032631052658
3.5244535747915506
3.525085110393775
3.5250851972959936
3.5257168198004365
3.526032607713205
3.5250851972959936
3.5257168198004365
3.525401008548215
3.527295852722091
3.525400985208762
3.525401008548215
3.526032607713205
3.526032607713205
3.5263484423048794
3.524769386043772
3.526664253557101
3.5263484423048794
3.524769386043772
3.5257168198004365
3.525401008548215
3.524769386043772
3.526664253557101
3.5238219522871077
3.525401008548215
3.5257168198004365
3.526032607713205
3.5257168198004365
3.5257167964609835
3.5250851972959936
3.5257168198004365
3.5250851972959936
3.525401008548215
3.5257168198004365
3.524769362704319
3.524769386043772
3.5254009216459963
3.5244535747915506
3.524769362704319
3.5257167964609835
3.526032631052658
3.5231903297826648
3.526032631052658
3.5257168198004365
3.526032631052658
3.5257168198004365
3.5250851972959936
3.5257168198004365
3.5257167964609835
3.526032631052658
3.524769386043772
3.524769386043772
3.5250851972959936
3.5250851972959936
3.5250851972959936
3.525401008548215
3.5257167964609835
3.527295876061544
3.526032544150439
3.5250851972959936
3.526664166654882
3.525085110393775
3.5257168198004365
3.524769362704319
3.5250851972959936
3.5257168198004365
3.526032631052658
3.525401008548215
3.5269800414698693
3.526032607713205
3.5263484423048794
3.524137763539329
3.5250851972959936
3.525401008548215
3.5257167964609835
3.5250851972959936
3.525401008548215
3.526032631052658
3.524769386043772
3.5244535747915506
3.5257168198004365
3.525400985208762
3.524769386043772
3.5250851972959936
3.5250851972959936
3.524769386043772
3.524769386043772
3.525400985208762
3.5257168198004365
3.5263483554026607
3.5250851972959936
3.5250851972959936
3.524137763539329
3.5257168198004365
3.5250851972959936
3.524769386043772
3.526664253557101
3.526664230217648
3.524769362704319
3.5263484423048794
3.5250851972959936
3.5263484189654264
3.5257168198004365
3.5257168198004365
3.5250851972959936
3.526032631052658
3.5244535514520976
3.5250851972959936
3.525400985208762
3.5244535747915506
3.526032631052658
3.5244535747915506
3.5250851972959936
3.5250851972959936
3.5250851739565405
3.526032631052658
3.5257168198004365
3.524137763539329
3.5250851972959936
3.5244535747915506
3.5263484189654264
3.525401008548215
3.5250851972959936
3.526032631052658
3.5257168198004365
3.5263484189654264
3.526032631052658
3.5257168198004365
3.526032631052658
3.526032631052658
3.524769362704319
3.525401008548215
3.5244535747915506
3.526032607713205
3.525401008548215
3.526348291839895
3.524769386043772
3.526032607713205
3.524137763539329
3.524769386043772
3.525401008548215
3.525401008548215
3.526032631052658
3.5250851972959936
3.524137763539329
3.5257168198004365
3.5244535747915506
3.525401008548215
3.526664166654882
3.5257167964609835
3.5244535747915506
3.5244535747915506
3.5250851972959936
3.526032631052658
3.525400985208762
3.525401008548215
3.5257168198004365
3.524769386043772
3.5263484423048794
3.5244535747915506
3.5244535747915506
3.525401008548215
3.5260324805876735
3.5263484423048794
3.5250851972959936
3.525401008548215
3.525401008548215
3.526032631052658
3.5257168198004365
3.5250851972959936
3.526032607713205
3.525400985208762
3.5250851972959936
3.5257168198004365
3.5250851972959936
3.5257168198004365
3.5250851739565405
3.5250851972959936
3.5257168198004365
3.5257167964609835
3.525401008548215
3.5257168198004365
3.525400985208762
3.525401008548215
3.5257168198004365
3.526032607713205
3.5257168198004365
3.526032631052658
3.525401008548215
3.5257168198004365
3.5257167964609835
3.5263484423048794
3.5269800414698693
3.5257167964609835
3.525401008548215
3.5257168198004365
3.524769386043772
3.5250851972959936
3.5244535747915506
3.5244535747915506
3.525401008548215
3.5257168198004365
3.5250851739565405
3.525401008548215
3.5250851972959936
3.5254009216459963
3.526032631052658
3.526032544150439
3.5244535747915506
3.5250851972959936
3.5257168198004365
3.5250851972959936
3.526032631052658
3.5260324805876735
3.526032544150439
3.5250851972959936
3.5272957255965594
3.5244535747915506
3.5238219522871077
3.526032544150439
3.5244535747915506
3.525401008548215
3.524769386043772
3.5257167328982177
3.525401008548215
3.5250851972959936
3.5250851972959936
3.5250851972959936
3.5244535747915506
3.525401008548215
3.5257168198004365
3.5250851972959936
3.5257168198004365
3.5250851739565405
3.5250851972959936
3.5250851972959936
3.5257167964609835
3.5257168198004365
3.5257168198004365
3.5244535747915506
3.5250851972959936
3.5244535747915506
3.525716669335452
3.524769386043772
3.526032631052658
3.524769386043772
3.524769386043772
3.526032631052658
3.5250851739565405
3.5244535747915506
3.5257167964609835
3.5250851972959936
3.525401008548215
3.524769386043772
3.5238219522871077
3.526032631052658
3.524769362704319
3.525401008548215
3.5257168198004365
3.525400985208762
3.5250851972959936
3.5257167964609835
3.525401008548215
3.525401008548215
3.525401008548215
3.5244535747915506
3.5257168198004365
3.5263484189654264
3.525401008548215
3.524769386043772
3.524769386043772
3.526032631052658
3.525401008548215
3.5250851739565405
3.5250851972959936
3.5250851972959936
3.5244535747915506
3.525401008548215
3.525401008548215
3.5263484423048794
3.5257168198004365
3.524453487889332
3.526032631052658
3.5257167964609835
3.525401008548215
3.524769386043772
3.5244535747915506
3.5244535747915506
3.526032631052658
3.5254009216459963
3.5250851972959936
3.526032607713205
3.526032607713205
3.5250851972959936
3.5250851972959936
3.524769386043772
3.5250851972959936
3.5244535747915506
3.5250851972959936
3.525401008548215
3.5257168198004365
3.5257168198004365
3.524769386043772
3.5244535747915506
3.5257168198004365
3.524453487889332
3.5257168198004365
3.5250851739565405
3.5257167964609835
3.525401008548215
3.5254009216459963
3.5263484189654264
3.525401008548215
3.5254009216459963
3.525401008548215
3.524769386043772
3.5263484189654264
3.525401008548215
3.525401008548215
3.5250851972959936
3.5257168198004365
3.526032607713205
3.525401008548215
3.5263483554026607
3.524769386043772
3.5266641030921164
3.5257167328982177
3.5257168198004365
3.525401008548215
3.5250851972959936
3.526032631052658
3.526348291839895
3.5257168198004365
3.5250851972959936
3.525401008548215
3.5257168198004365
3.5238219522871077
3.524769386043772
3.524769386043772
3.524769386043772
3.525401008548215
3.5238219522871077
3.5257167964609835
3.5257168198004365
3.5257168198004365
3.5260324805876735
3.5250851972959936
3.525401008548215
3.5250851739565405
3.525401008548215
3.5257168198004365
3.5250851972959936
3.5257168198004365
3.525400985208762
3.525401008548215
3.5250851972959936
3.525401008548215
3.526032631052658
3.5257167964609835
3.525401008548215
3.524769386043772
3.5257167328982177
3.5250851972959936
3.524137763539329
3.525400985208762
3.5250851972959936
3.5238219522871077
3.5244535747915506
3.525401008548215
3.524769386043772
3.5250851972959936
3.525401008548215
3.525400985208762
3.5250851972959936
3.526032631052658
3.526032544150439
3.525401008548215
3.5257168198004365
3.5260324805876735
3.526664253557101
3.526032607713205
3.5244535747915506
3.526032631052658
3.5250851972959936
3.524137763539329
3.5257168198004365
3.5257167328982177
3.5250851972959936
3.525401008548215
3.5257167964609835
3.5250851972959936
3.5244535747915506
3.526032631052658
3.5250851972959936
3.5263484189654264
3.526032544150439
3.525401008548215
3.5250851972959936
3.524137763539329
3.525401008548215
3.5257167964609835
3.525401008548215
3.5257168198004365
3.525401008548215
3.5257168198004365
3.5250851972959936
3.526032631052658
3.526032631052658
3.5257168198004365
3.525401008548215
3.5257168198004365
3.5257168198004365
3.526664230217648
3.5250851972959936
3.5250851972959936
3.525401008548215
3.524769386043772
3.5257168198004365
3.5263484423048794
3.5250851972959936
3.524769386043772
3.5244535747915506
3.5244535747915506
3.5250851972959936
3.5250851972959936
3.526032607713205
3.525401008548215
3.5257168198004365
3.525400985208762
3.524769386043772
3.5263484423048794
3.5250851739565405
3.5250851972959936
3.525401008548215
3.524769386043772
3.5263484189654264
3.5263484423048794
3.5250851739565405
3.525401008548215
3.526664253557101
3.5257167964609835
3.5244535747915506
3.525401008548215
3.524769362704319
3.526664253557101
3.5244535747915506
3.5250851972959936
3.526032631052658
3.524769386043772
3.5250851972959936
3.526032631052658
3.525400985208762
3.524769386043772
3.525401008548215
3.5244535747915506
3.5244535747915506
3.5250851972959936
3.5244535747915506
3.5257168198004365
3.524769386043772
3.5263484423048794
3.526664253557101
3.5250851739565405
3.524769386043772
3.5257168198004365
3.524769386043772
3.525401008548215
3.5244535747915506
3.524137763539329
3.5244535747915506
3.525401008548215
3.526664166654882
3.526664253557101
3.5257168198004365
3.5257168198004365
3.5244535747915506
3.5250851972959936
3.5244535747915506
3.524769386043772
3.5244535747915506
3.5250851972959936
3.525401008548215
3.526348291839895
3.5257168198004365
3.5250851972959936
3.524769362704319
3.526032631052658
3.5250851972959936
3.524137763539329
3.525401008548215
3.524769386043772
3.525401008548215
3.5263484423048794
3.524137763539329
3.526032544150439
3.5250851972959936
3.525400985208762
3.5257167964609835
3.5250851972959936
3.5250851972959936
3.5263484423048794
3.526032631052658
3.524137763539329
3.524769386043772
3.5257167964609835
3.526032544150439
3.525401008548215
3.524769386043772
3.525401008548215
3.526032631052658
3.5250851972959936
3.5250851972959936
3.5257168198004365
3.524769386043772
3.5257168198004365
3.525401008548215
3.5250851972959936
3.526032631052658
3.5260324805876735
3.5257168198004365
3.525401008548215
3.5238219522871077
3.5257168198004365
3.5257168198004365
3.525401008548215
3.5257168198004365
3.5244535747915506
3.5250851972959936
3.525401008548215
3.5244535747915506
3.5250851972959936
3.5257167964609835
3.526032544150439
3.5257168198004365
3.525400985208762
3.525401008548215
3.525401008548215
3.524769386043772
3.5250851972959936
3.5250851972959936
3.5244535747915506
3.5244535747915506
3.5257168198004365
3.5257168198004365
3.526032631052658
3.525085046831009
3.526032631052658
3.525401008548215
3.5250851972959936
3.5250851972959936
3.526032631052658
3.525401008548215
3.526032631052658
3.5250851739565405
3.5250851972959936
3.524769386043772
3.5250851972959936
3.5257168198004365
3.5266641030921164
3.5250851972959936
3.525401008548215
3.5235061410348862
3.525401008548215
3.5263484189654264
3.524769386043772
3.5244535747915506
3.525400985208762
3.5250851739565405
3.5257168198004365
3.525400985208762
3.5250851972959936
3.526664166654882
3.525401008548215
3.5257168198004365
3.5250851972959936
3.5244535747915506
3.526032631052658
3.5257167964609835
3.5244535747915506
3.526032631052658
3.525401008548215
3.5250851739565405
3.524769386043772
3.5257168198004365
3.5250851972959936
3.5263484189654264
3.5257168198004365
3.5263484189654264
3.524769386043772
3.5263484423048794
3.525401008548215
3.525401008548215
3.524769386043772
3.526032631052658
3.524769386043772
3.525401008548215
3.525401008548215
3.5257167964609835
3.526664166654882
3.5257167964609835
3.526032631052658
3.5257168198004365
3.524769386043772
3.5257168198004365
3.5257167964609835
3.525401008548215
3.525401008548215
3.5250851972959936
3.525401008548215
3.525401008548215
3.5244535747915506
3.525401008548215
3.524769386043772
3.526032631052658
3.5244535747915506
3.5235061410348862
3.526032631052658
3.5257168198004365
3.5257168198004365
3.5250851739565405
3.525401008548215
3.524769386043772
3.5257168198004365
3.5257168198004365
3.5244535747915506
3.5257168198004365
3.526032631052658
3.524769386043772
3.524769386043772
3.5257168198004365
3.5257168198004365
3.525401008548215
3.5250851739565405
3.5257168198004365
3.524769386043772
3.525400985208762
3.526032631052658
3.525400985208762
3.5257168198004365
3.525401008548215
3.5250851972959936
3.5263484423048794
3.525400985208762
3.524769386043772
3.5257168198004365
3.5257168198004365
3.5250851972959936
3.526032631052658
3.5238219522871077
3.526032631052658
3.526664230217648
3.5263484189654264
3.525401008548215
3.526032607713205
3.525401008548215
3.5263484423048794
3.5250851972959936
3.524769386043772
3.525401008548215
3.5254009216459963
3.526032631052658
3.5269800414698693
3.5244535747915506
3.524769386043772
3.525401008548215
3.524137763539329
3.525401008548215
3.524769386043772
3.526032607713205
3.5263484423048794
3.526032544150439
3.526032631052658
3.5250851972959936
3.5244535747915506
3.5257168198004365
3.5250851972959936
3.525400985208762
3.5257168198004365
3.525400985208762
3.5257168198004365
3.5250851972959936
3.5250851972959936
3.525400985208762
3.5250851972959936
3.526032607713205
3.524769386043772
3.525400985208762
3.524769386043772
3.5250851972959936
3.5244535747915506
3.5257167964609835
3.5257168198004365
3.526664166654882
3.524769362704319
3.525401008548215
3.524769386043772
3.524769386043772
3.524769386043772
3.526032607713205
3.525401008548215
3.5263484423048794
3.5250851739565405
3.525401008548215
3.5263484189654264
3.524769386043772
3.525401008548215
3.5257168198004365
3.5244535747915506
3.526664253557101
3.5244535747915506
3.525401008548215
3.5257168198004365
3.524769362704319
3.525401008548215
3.5263484189654264
3.5257167964609835
3.526032631052658
3.5257168198004365
3.5257167964609835
3.5250851972959936
3.5257168198004365
3.5257168198004365
3.525401008548215
3.526032544150439
3.5250851972959936
3.5263484423048794
3.5244535747915506
3.524769386043772
3.525401008548215
3.525401008548215
3.524769386043772
3.5263484423048794
3.5250851972959936
3.5244535747915506
3.526032631052658
3.526032607713205
3.5250851972959936
3.5250851972959936
3.5263484189654264
3.5250851972959936
3.5257168198004365
3.526664230217648
3.5257168198004365
3.527295876061544
3.526032607713205
3.5263484423048794
3.525401008548215
3.5244535747915506
3.5257168198004365
3.5257167328982177
3.525401008548215
3.526032631052658
3.524769386043772
3.526032607713205
3.526032631052658
3.5250851972959936
3.524769386043772
3.525400985208762
3.5250851739565405
3.5263484423048794
3.5266641030921164
3.5250851972959936
3.526032631052658
3.526032631052658
3.5257168198004365
3.5244535747915506
3.5263484189654264
3.5257168198004365
3.5257167964609835
3.525401008548215
3.5257168198004365
3.5266640395293507
3.5269799779071036
3.526032631052658
3.524769386043772
3.526664253557101
3.5250851972959936
3.5257167328982177
3.5250851972959936
3.524769386043772
3.526032607713205
3.5250851972959936
3.5250851972959936
3.525401008548215
3.526032607713205
3.5244535747915506
3.524769386043772
3.5250851972959936
3.5257168198004365
3.525401008548215
3.5257168198004365
3.5250851972959936
3.5250851972959936
3.5238219522871077
3.5257168198004365
3.524137763539329
3.5244535747915506
3.5257167964609835
3.5250851739565405
3.526664253557101
3.5257167964609835
3.524137763539329
3.5263484423048794
3.5263484189654264
3.525401008548215
3.5257168198004365
3.5266641030921164
3.525401008548215
3.5257168198004365
3.5250851972959936
3.5250851972959936
3.524769386043772
3.5257167964609835
3.5254009216459963
3.5257167964609835
3.525401008548215
3.5250851972959936
3.5257168198004365
3.5257168198004365
3.526032544150439
3.525401008548215
3.5244535747915506
3.5257168198004365
3.5263484423048794
3.5244535747915506
3.5257168198004365
3.5257168198004365
3.524137763539329
3.5250851972959936
3.5244535747915506
3.524769386043772
3.5257168198004365
3.5244535747915506
3.5257168198004365
3.5263484189654264
3.525401008548215
3.5257168198004365
3.524769386043772
3.5257168198004365
3.526032631052658
3.524769362704319
3.5250851972959936
3.5257167964609835
3.5257168198004365
3.525401008548215
3.524769386043772
3.524769386043772
3.5257168198004365
3.524769386043772
3.526032631052658
3.5250851972959936
3.5257168198004365
3.525401008548215
3.526032544150439
3.5244535747915506
3.525401008548215
3.525400985208762
3.5250851972959936
3.5260324805876735
3.5257168198004365
3.5250851972959936
3.525401008548215
3.524769386043772
3.5257168198004365
3.5244535747915506
3.5250851972959936
3.5244535747915506
3.524769386043772
3.525400985208762
3.5263484423048794
3.5257167964609835
3.5263484423048794
3.5257167964609835
3.5254009216459963
3.525401008548215
3.5257168198004365
3.524769386043772
3.524769386043772
3.525401008548215
3.526032631052658
3.5257168198004365
3.5250851739565405
3.5244535747915506
3.525716669335452
3.5263483554026607
3.5250851972959936
3.526032607713205
3.5250851972959936
3.5250851972959936
3.524137740199876
3.525401008548215
3.5250851972959936
3.524137763539329
3.524769386043772
3.5257167964609835
3.526664253557101
3.5257168198004365
3.5244535747915506
3.525401008548215
3.524769386043772
3.5257168198004365
3.5257168198004365
3.525400985208762
3.525400985208762
3.525401008548215
3.5257167964609835
3.5244535747915506
3.525401008548215
3.524769386043772
3.525401008548215
3.525401008548215
3.5250851972959936
3.5250851972959936
3.5257168198004365
3.524769386043772
3.525400985208762
3.5250851972959936
3.5257168198004365
3.5257168198004365
3.524769386043772
3.5257167964609835
3.5250851972959936
3.5257168198004365
3.5244535747915506
3.5263484423048794
3.526032544150439
3.526032607713205
3.525401008548215
3.524769386043772
3.525401008548215
3.525401008548215
3.5257167964609835
3.5257168198004365
3.525401008548215
3.5250851972959936
3.525401008548215
3.5250851972959936
3.524769386043772
3.5263484423048794
3.525401008548215
3.524769386043772
3.5257167964609835
3.5250851739565405
3.525401008548215
3.5250851972959936
3.5250851739565405
3.5263484423048794
3.5263484423048794
3.5250851739565405
3.525401008548215
3.5257168198004365
3.5250851972959936
3.5250851972959936
3.5269800414698693
3.525401008548215
3.5244535747915506
3.526032607713205
3.5244535747915506
3.526032631052658
3.526032607713205
3.526032607713205
3.525401008548215
3.5244535747915506
3.5244535747915506
3.5263484423048794
3.5257167964609835
3.5244535747915506
3.525400985208762
3.5244535747915506
3.5257168198004365
3.525401008548215
3.525401008548215
3.5263484423048794
3.524769386043772
3.525400985208762
3.5257168198004365
3.5250851972959936
3.525401008548215
3.527295852722091
3.524769386043772
3.525401008548215
3.525401008548215
3.526032544150439
3.5257168198004365
3.5263484423048794
3.5250851972959936
3.5250851739565405
3.5257167964609835
3.5250851972959936
3.525401008548215
3.5263484423048794
3.524769386043772
3.5257168198004365
3.5250851972959936
3.5257167964609835
3.525401008548215
3.5257168198004365
3.525400985208762
3.5257168198004365
3.526032631052658
3.5250851739565405
3.5257168198004365
3.5250851972959936
3.5257168198004365
3.5250851972959936
3.525400985208762
3.525401008548215
3.526664253557101
3.5238219522871077
3.5263484423048794
3.5257168198004365
3.524137763539329
3.525401008548215
3.524769386043772
3.5250851972959936
3.526032631052658
3.5250851972959936
3.5250851972959936
3.5263484189654264
3.5257168198004365
3.525401008548215
3.5244535747915506
3.524769362704319
3.524137763539329
3.526032631052658
3.524769386043772
3.5250851972959936
3.525401008548215
3.525401008548215
3.5257168198004365
3.524769386043772
3.5257168198004365
3.5257168198004365
3.5254009216459963
3.525401008548215
3.524769386043772
3.5257168198004365
3.524769386043772
3.5263484189654264
3.5250851972959936
3.526032631052658
3.5257167964609835
3.526664253557101
3.526032631052658
3.5250851972959936
3.524769386043772
3.525401008548215
3.5263483554026607
3.525401008548215
3.524769362704319
3.5257168198004365
3.524769386043772
3.524769386043772
3.524769386043772
3.5263483554026607
3.5244535747915506
3.526032631052658
3.5250851972959936
3.5257168198004365
3.525401008548215
3.525401008548215
3.5250851972959936
3.5250851972959936
3.524769386043772
3.524769386043772
3.5263484189654264
3.5257168198004365
3.524769386043772
3.525400985208762
3.525401008548215
3.526032607713205
3.5244535747915506
3.5263484423048794
3.5244535747915506
3.525401008548215
3.526032607713205
3.5269800414698693
3.525401008548215
3.524769386043772
3.524769386043772
3.5250851972959936
3.5257168198004365
3.525401008548215
3.5250851972959936
3.525401008548215
3.5257168198004365
3.525401008548215
3.5263484189654264
3.5250851972959936
3.525716669335452
3.5257168198004365
3.5250851972959936
3.526032631052658
3.5250851972959936
3.5250851972959936
3.5257168198004365
3.5263484423048794
3.5235061410348862
3.525401008548215
3.5244535747915506
3.526664253557101
3.524769386043772
3.526032607713205
3.524769386043772
3.5250851972959936
3.5257167328982177
3.525401008548215
3.525401008548215
3.5244535747915506
3.5257168198004365
3.5263484189654264
3.524137763539329
3.524769386043772
3.525400985208762
3.5250851972959936
3.5250851972959936
3.526664253557101
3.524769386043772
3.5257168198004365
3.5250851972959936
3.526032631052658
3.525716669335452
3.524769386043772
3.5257167964609835
3.526032607713205
3.525401008548215
3.525401008548215
3.525401008548215
3.524769386043772
3.5250851972959936
3.525085046831009
3.5257167964609835
3.525400985208762
3.525401008548215
3.5257168198004365
3.524769386043772
3.5250851972959936
3.525401008548215
3.525400985208762
3.5263484423048794
3.524769386043772
3.524769386043772
3.524769386043772
3.524137763539329
3.525401008548215
3.525401008548215
3.5257168198004365
3.524769386043772
3.5257168198004365
3.5244535747915506
3.526032631052658
3.525401008548215
3.526032631052658
3.526032631052658
3.5254008580832306
3.5257168198004365
3.5263484423048794
3.524769386043772
3.5244535747915506
3.5263484189654264
3.5257167964609835
3.525401008548215
3.524137763539329
3.5244535747915506
3.5257168198004365
3.525401008548215
3.5250851972959936
3.524769362704319
3.525401008548215
3.5250851972959936
3.5250851972959936
3.525401008548215
3.524137763539329
3.525400985208762
3.5250851972959936
3.5263484189654264
3.524769386043772
3.5257168198004365
3.5244535747915506
3.5250851972959936
3.5263484423048794
3.525401008548215
3.526032631052658
3.525401008548215
3.5263483554026607
3.5250851972959936
3.525401008548215
3.526664166654882
3.5250851972959936
3.524769386043772
3.5257168198004365
3.525401008548215
3.524769386043772
3.5250851739565405
3.5257168198004365
3.526032607713205
3.5235061410348862
3.526032631052658
3.524769386043772
3.525400985208762
3.5269800648093224
3.525401008548215
3.526664166654882
3.525401008548215
3.5250851972959936
3.524769386043772
3.526032631052658
3.5263484189654264
3.5250851972959936
3.525401008548215
3.526032631052658
3.525401008548215
3.5250851972959936
3.525400985208762
3.5257168198004365
3.5250851972959936
3.5257167964609835
3.525401008548215
3.5257167964609835
3.5244535747915506
3.525401008548215
3.524769386043772
3.5257168198004365
3.5250851972959936
3.5263484189654264
3.5250851739565405
3.5250851739565405
3.526032607713205
3.5263484423048794
3.5250851972959936
3.5244535747915506
3.524769386043772
3.525401008548215
3.524769386043772
3.5257168198004365
3.525401008548215
3.525400985208762
3.525401008548215
3.5263484423048794
3.5257167328982177
3.525401008548215
3.5244535747915506
3.5244535747915506
3.5257168198004365
3.525401008548215
3.5250851972959936
3.524769386043772
3.524769362704319
3.524137763539329
3.5250851972959936
3.5257167328982177
3.5250851972959936
3.5257168198004365
3.5257167964609835
3.5250851972959936
3.526032631052658
3.524769386043772
3.525401008548215
3.5250851972959936
3.5260324805876735
3.526032631052658
3.5257167328982177
3.524769386043772
3.5250851972959936
3.526664253557101
3.5257167964609835
3.525401008548215
3.524769386043772
3.5244535747915506
3.5250851972959936
3.5257168198004365
3.5250851972959936
3.525401008548215
3.5250851739565405
3.5250851972959936
3.526032544150439
3.5257168198004365
3.5238219522871077
3.524769386043772
3.5250851972959936
3.526032631052658
3.5254009216459963
3.5250851972959936
3.524769386043772
3.526664166654882
3.525401008548215
3.5250851972959936
3.525401008548215
3.525401008548215
3.524769386043772
3.5250851972959936
3.5257167964609835
3.524769386043772
3.526032631052658
3.5257168198004365
3.526032631052658
3.526032631052658
3.5257168198004365
3.525401008548215
3.5250851972959936
3.5250851739565405
3.5257167328982177
3.5257168198004365
3.5250851972959936
3.5257168198004365
3.525401008548215
3.524769386043772
3.5244535747915506
3.526032607713205
3.5244535747915506
3.5257168198004365
3.525401008548215
3.526032607713205
3.5250851972959936
3.5263483554026607
3.525401008548215
3.5257168198004365
3.525401008548215
3.525401008548215
3.524769386043772
3.526032631052658
3.526032631052658
3.525401008548215
3.5244535747915506
3.5257167964609835
3.5257168198004365
3.524137763539329
3.525401008548215
3.5250851972959936
3.5250851972959936
3.5238219289476547
3.5257168198004365
3.525400985208762
3.5257168198004365
3.5257168198004365
3.5250851972959936
3.526032631052658
3.5263484189654264
3.524769386043772
3.526032631052658
3.5254009216459963
3.5257168198004365
3.5257168198004365
3.5257167964609835
3.5244535747915506
3.5269800414698693
3.5263484189654264
3.525401008548215
3.5250851972959936
3.5257168198004365
3.524769386043772
3.524769386043772
3.525401008548215
3.525401008548215
3.524769386043772
3.5244535747915506
3.5257168198004365
3.525400985208762
3.5257168198004365
3.5250851972959936
3.5250851972959936
3.5263484189654264
3.5250851739565405
3.525401008548215
3.525400985208762
3.525401008548215
3.5250851972959936
3.525401008548215
3.525401008548215
3.525401008548215
3.524137763539329
3.526032631052658
3.524769386043772
3.5244535747915506
3.525401008548215
3.524769386043772
3.525401008548215
3.5263484423048794
3.526032544150439
3.526032631052658
3.5235061410348862
3.5250851972959936
3.526032631052658
3.524137763539329
3.525400985208762
3.5257168198004365
3.5250851972959936
3.526032607713205
3.525401008548215
3.5250851972959936
3.5250851972959936
3.5250851972959936
3.525400985208762
3.526032631052658
3.5257168198004365
3.524137763539329
3.524769386043772
3.5250851972959936
3.526032631052658
3.5244535747915506
3.5250851972959936
3.5257168198004365
3.525400985208762
3.5250851972959936
3.525400985208762
3.5244535747915506
3.524769386043772
3.526032607713205
3.5257168198004365
3.5263484423048794
3.524769386043772
3.5257168198004365
3.526032631052658
3.525401008548215
3.525401008548215
3.5250851972959936
3.525401008548215
3.5250851972959936
3.526032607713205
3.525401008548215
3.526032631052658
3.525400985208762
3.5250851972959936
3.5250851972959936
3.5250851972959936
3.5250851972959936
3.5269800414698693
3.5257167964609835
3.525401008548215
3.524769386043772
3.525401008548215
3.5257168198004365
3.5257167964609835
3.5250851972959936
3.526032631052658
3.524769386043772
3.526032631052658
3.526348291839895
3.524137763539329
3.5250851972959936
3.5250851972959936
3.525401008548215
3.5250851972959936
3.524769386043772
3.5250851972959936
3.5263484423048794
3.525400985208762
3.5250851972959936
3.5244535747915506
3.5257167964609835
3.5250851972959936
3.5257168198004365
3.5250851972959936
3.524769386043772
3.5250851972959936
3.5257168198004365
3.525401008548215
3.5257167964609835
3.524769386043772
3.526664253557101
3.5250851972959936
3.5257168198004365
3.5244535747915506
3.5257168198004365
3.5250851972959936
3.526664166654882
3.526032631052658
3.526664253557101
3.525401008548215
3.525401008548215
3.525401008548215
3.525401008548215
3.525401008548215
3.5257167964609835
3.526032631052658
3.525401008548215
3.5250851972959936
3.524769362704319
3.526032631052658
3.5257168198004365
3.5257168198004365
3.526032631052658
3.524769386043772
3.5250851972959936
3.526032631052658
3.526032607713205
3.524137763539329
3.526032631052658
3.525401008548215
3.526032607713205
3.525401008548215
3.525401008548215
3.5257168198004365
3.5250851972959936
3.526979914344338
3.5257168198004365
3.524137763539329
3.5257167964609835
3.5244535747915506
3.5250851972959936
3.5244535747915506
3.5276116873137653
3.525400985208762
3.525401008548215
3.5244535747915506
3.526032544150439
3.526032607713205
3.526032631052658
3.5257167328982177
3.5250851972959936
3.5244535747915506
3.524769386043772
3.526032631052658
3.524137763539329
3.5250851972959936
3.5263484423048794
3.526032607713205
3.525401008548215
3.525401008548215
3.5244535514520976
3.5257168198004365
3.5257167964609835
3.5244535747915506
3.5263484189654264
3.5250851972959936
3.5257168198004365
3.524769386043772
3.5250851739565405
3.526032631052658
3.524769386043772
3.525401008548215
3.5257168198004365
3.525401008548215
3.526664230217648
3.525401008548215
3.5257167328982177
3.5257168198004365
3.525400985208762
3.525401008548215
3.525401008548215
3.5250851972959936
3.525401008548215
3.5250851972959936
3.524769386043772
3.524769386043772
3.5263484423048794
3.526032631052658
3.5257168198004365
3.525400985208762
3.5257168198004365
3.5257167964609835
3.5250851972959936
3.525401008548215
3.525400985208762
3.525401008548215
3.526032631052658
3.5244535747915506
3.524769386043772
3.5257168198004365
3.5257167328982177
3.5263484423048794
3.5250851739565405
3.524769386043772
3.5250851972959936
3.5263483554026607
3.524769386043772
3.524769386043772
3.5257167964609835
3.5250851972959936
3.5250851972959936
3.525401008548215
3.524769386043772
3.5263484189654264
3.526032607713205
3.525401008548215
3.5244535747915506
3.5257168198004365
3.525401008548215
3.5257168198004365
3.526664253557101
3.5250851739565405
3.5257168198004365
3.526032631052658
3.526032544150439
3.525401008548215
3.526348291839895
3.5244535747915506
3.5263484423048794
3.5263484189654264
3.525401008548215
3.5257168198004365
3.525401008548215
3.525401008548215
3.525400985208762
3.524137763539329
3.5257167964609835
3.525400985208762
3.5250851972959936
3.5250851972959936
3.526032544150439
3.525401008548215
3.5257168198004365
3.5250851972959936
3.5250851972959936
3.5257167328982177
3.5244535747915506
3.526032631052658
3.524769362704319
3.524769386043772
3.525401008548215
3.525400985208762
3.5257168198004365
3.5244535747915506
3.526032607713205
3.5257168198004365
3.526032607713205
3.526032631052658
3.525401008548215
3.5244535747915506
3.5250851972959936
3.5244535747915506
3.5257167964609835
3.5263484189654264
3.524769386043772
3.5250851739565405
3.525401008548215
3.5250851972959936
3.526032631052658
3.5257168198004365
3.5250851972959936
3.524769386043772
3.5263484423048794
3.5244535747915506
3.5263484423048794
3.5257168198004365
3.5250851972959936
3.5257168198004365
3.5250851972959936
3.5250851972959936
3.525401008548215
3.5257167964609835
3.5250851972959936
3.5250851972959936
3.525401008548215
3.5257168198004365
3.525401008548215
3.525401008548215
3.5257168198004365
3.525085110393775
3.5257168198004365
3.525400985208762
3.524769386043772
3.526032631052658
3.5250851972959936
3.5250851972959936
3.5250851972959936
3.5250851739565405
3.5244535747915506
3.5250851739565405
3.5257168198004365
3.5257168198004365
3.5244535747915506
3.526032631052658
3.5250851972959936
3.5254009216459963
3.5250851972959936
3.5250851972959936
3.526664166654882
3.5250851972959936
3.5235061410348862
3.5257168198004365
3.5250851972959936
3.5250851739565405
3.5238219522871077
3.524769386043772
3.5263484189654264
3.525401008548215
3.525401008548215
3.5250851972959936
3.525401008548215
3.5257167964609835
3.5250851972959936
3.524769386043772
3.526032631052658
3.524137763539329
3.5257168198004365
3.525716669335452
3.5263484423048794
3.526664253557101
3.525401008548215
3.525401008548215
3.524769362704319
3.525401008548215
3.525401008548215
3.5244535747915506
3.526032607713205
3.525401008548215
3.526979914344338
3.5250851972959936
3.525401008548215
3.525401008548215
3.524137763539329
3.525401008548215
3.5244535747915506
3.5250851972959936
3.525401008548215
3.524769386043772
3.5257168198004365
3.525400985208762
3.525401008548215
3.5263484423048794
3.524769386043772
3.526032631052658
3.525401008548215
3.5254009216459963
3.526032631052658
3.526032544150439
3.525401008548215
3.526032631052658
3.526032607713205
3.524769386043772
3.5250851972959936
3.524769386043772
3.5250851972959936
3.524769386043772
3.5250851972959936
3.5257168198004365
3.5257168198004365
3.5257168198004365
3.526032631052658
3.5263484423048794
3.524769362704319
3.524769386043772
3.524137763539329
3.525401008548215
3.5257168198004365
3.5263484423048794
3.5250851972959936
3.5263484189654264
3.5263484189654264
3.5257168198004365
3.5257168198004365
3.5257168198004365
3.5250851972959936
3.524769386043772
3.525400985208762
3.524137763539329
3.5250851972959936
3.524769362704319
3.526032631052658
3.526032631052658
3.5257167964609835
3.525401008548215
3.525401008548215
3.5257167964609835
3.5250851972959936
3.5263484423048794
3.524769362704319
3.525401008548215
3.5250851972959936
3.526032631052658
3.5250851972959936
3.5257168198004365
3.524769386043772
3.5257168198004365
3.524769386043772
3.526664230217648
3.5263484189654264
3.524769386043772
3.526032631052658
3.5257167964609835
3.524769386043772
3.525401008548215
3.526664230217648
3.5250851972959936
3.526032607713205
3.5244535747915506
3.525400985208762
3.5257167964609835
3.524137763539329
3.525401008548215
3.5254008580832306
3.525401008548215
3.525400985208762
3.526032544150439
3.5257168198004365
3.5263484189654264
3.5250851972959936
3.525401008548215
3.526032607713205
3.525401008548215
3.525401008548215
3.524769386043772
3.5257168198004365
3.524769386043772
3.5257168198004365
3.5250851972959936
3.524769362704319
3.525401008548215
3.5250851972959936
3.5257167328982177
3.526032631052658
3.525401008548215
3.525401008548215
3.526032631052658
3.5250851972959936
3.526664253557101
3.525401008548215
3.525401008548215
3.525401008548215
3.5254009216459963
3.525401008548215
3.5263484423048794
3.5254009216459963
3.525401008548215
3.5250851739565405
3.525401008548215
3.526032631052658
3.525401008548215
3.5257168198004365
3.526032631052658
3.5250851972959936
3.525401008548215
3.5257167964609835
3.5250851972959936
3.524769386043772
3.525401008548215
3.5250851972959936
3.5263484423048794
3.5250851739565405
3.526032631052658
3.526032607713205
3.5250851972959936
3.526032631052658
3.5244535747915506
3.525401008548215
3.5250851972959936
3.526032631052658
3.5244535747915506
3.526032607713205
3.5257168198004365
3.5257167964609835
3.5263484189654264
3.525401008548215
3.5238219522871077
3.525401008548215
3.524769386043772
3.526032607713205
3.525401008548215
3.5250851972959936
3.5257167328982177
3.5257168198004365
3.5257167328982177
3.525401008548215
3.5257168198004365
3.5250851972959936
3.5250851972959936
3.525400985208762
3.526032607713205
3.525401008548215
3.5250851739565405
3.524769386043772
3.526032544150439
3.525401008548215
3.5250851972959936
3.5257168198004365
3.5257168198004365
3.526032631052658
3.524137763539329
3.524769386043772
3.5257167964609835
3.525401008548215
3.526032631052658
3.525401008548215
3.525401008548215
3.5250851972959936
3.524769386043772
3.525401008548215
3.5250851972959936
3.5263484189654264
3.526664253557101
3.5250851972959936
3.5244535747915506
3.525401008548215
3.526032607713205
3.526032607713205
3.5250851972959936
3.524137763539329
3.524769386043772
3.526348291839895
3.5263483554026607
3.5244535747915506
3.5254009216459963
3.5250851972959936
3.524769386043772
3.5250851972959936
3.524769386043772
3.526032544150439
3.5250851972959936
3.525401008548215
3.524769386043772
3.5244535747915506
3.5263484189654264
3.5257168198004365
3.526032631052658
3.5244535514520976
3.5257167964609835
3.5257168198004365
3.525400985208762
3.524769362704319
3.524769386043772
3.524769386043772
3.5257168198004365
3.526032607713205
3.526032607713205
3.5257168198004365
3.526032607713205
3.5269799779071036
3.525401008548215
3.526032607713205
3.5250851972959936
3.5250851972959936
3.524137763539329
3.5257168198004365
3.5238219522871077
3.526032544150439
3.5257168198004365
3.526664166654882
3.524769386043772
3.5250851972959936
3.5250851972959936
3.525400985208762
3.5250851972959936
3.525085110393775
3.5263484423048794
3.526032607713205
3.5250851972959936
3.5250851972959936
3.5250851739565405
3.525401008548215
3.5244535747915506
3.525716669335452
3.524769386043772
3.524769386043772
3.5260324805876735
3.525401008548215
3.5257167964609835
3.525401008548215
3.525401008548215
3.524769386043772
3.5250851972959936
3.524769386043772
3.525401008548215
3.5257168198004365
3.526664230217648
3.525400985208762
3.5250851972959936
3.525401008548215
3.5257167964609835
3.5257168198004365
3.524769386043772
3.5250851972959936
3.526032631052658
3.524769386043772
3.526032631052658
3.5250851972959936
3.5263483554026607
3.5257167964609835
3.5257168198004365
3.524769386043772
3.5244535747915506
3.525401008548215
3.5257168198004365
3.5250851972959936
3.526032607713205
3.5250851972959936
3.524769386043772
3.525401008548215
3.5250851972959936
3.5257168198004365
3.5257168198004365
3.525401008548215
3.5263484189654264
3.5250851972959936
3.5250851972959936
3.525401008548215
3.525401008548215
3.525401008548215
3.5263483554026607
3.5250851972959936
3.526032631052658
3.526032607713205
3.526032631052658
3.525401008548215
3.5250851972959936
3.524769386043772
3.5257168198004365
3.524769386043772
3.5263484423048794
3.5257168198004365
3.524137763539329
3.525401008548215
3.5250851972959936
3.524769386043772
3.5250851972959936
3.5263484189654264
3.5244535747915506
3.526032631052658
3.526032607713205
3.5244535747915506
3.525401008548215
3.5263484423048794
3.525401008548215
3.5250851972959936
3.526032631052658
3.525401008548215
3.5231903297826648
3.5266641030921164
3.525401008548215
3.525401008548215
3.5250851972959936
3.524769386043772
3.524769386043772
3.5257167328982177
3.5257168198004365
3.525401008548215
3.5244535747915506
3.5257168198004365
3.524769386043772
3.526032631052658
3.5250851972959936
3.524769386043772
3.5257168198004365
3.5250851739565405
3.5244535747915506
3.5263484423048794
3.5263484189654264
3.5257168198004365
3.524769386043772
3.5250851972959936
3.525401008548215
3.524769386043772
3.524769386043772
3.525401008548215
3.5257168198004365
3.526032631052658
3.5263484189654264
3.524769386043772
3.526032631052658
3.5244535514520976
3.5244535747915506
3.526032607713205
3.525401008548215
3.5250851972959936
3.5257168198004365
3.5263484189654264
3.525401008548215
3.525400985208762
3.525401008548215
3.5250851972959936
3.5250851972959936
3.5269799779071036
3.524769386043772
3.524769386043772
3.526032631052658
3.5250851739565405
3.524137763539329
3.525401008548215
3.5257167964609835
3.5257168198004365
3.524769386043772
3.524769386043772
3.525401008548215
3.524137763539329
3.526032631052658
3.5250851972959936
3.525401008548215
3.526032631052658
3.5250851972959936
3.5250851972959936
3.5263484423048794
3.526032607713205
3.526032631052658
3.525400985208762
3.5250851972959936
3.525401008548215
3.526032607713205
3.5257168198004365
3.526032631052658
3.524137763539329
3.526032631052658
3.5257167964609835
3.525400985208762
3.5263484423048794
3.525401008548215
3.526032631052658
3.5263484189654264
3.524137763539329
3.525401008548215
3.5257167328982177
3.5250851972959936
3.525401008548215
3.524769386043772
3.5250851972959936
3.526032544150439
3.526032631052658
3.525401008548215
3.5250851739565405
3.5257168198004365
3.5257168198004365
3.524137763539329
3.525401008548215
3.526032631052658
3.526032631052658
3.5257168198004365
3.525401008548215
3.525400985208762
3.525401008548215
3.524769362704319
3.526664253557101
3.524769386043772
3.5250851739565405
3.5250851972959936
3.526032631052658
3.5263484423048794
3.525400985208762
3.526664166654882
3.5250851972959936
3.5257167964609835
3.525400985208762
3.525401008548215
3.526032607713205
3.525401008548215
3.5250851972959936
3.524769386043772
3.524769386043772
3.526032607713205
3.5238219289476547
3.5257168198004365
3.526032631052658
3.5257168198004365
3.525401008548215
3.525401008548215
3.526032607713205
3.526032631052658
3.524769386043772
3.5250851972959936
3.5244535747915506
3.524769386043772
3.5257168198004365
3.524769386043772
3.525401008548215
3.525401008548215
3.5263483554026607
3.526032631052658
3.526032544150439
3.525401008548215
3.525401008548215
3.5257168198004365
3.525401008548215
3.5269800648093224
3.525401008548215
3.5257167964609835
3.5250851739565405
3.5244535747915506
3.5250851739565405
3.525401008548215
3.5250851972959936
3.5257167964609835
3.5250851972959936
3.525401008548215
3.5257168198004365
3.5250851972959936
3.524769386043772
3.5254009216459963
3.5257168198004365
3.526032607713205
3.5250851972959936
3.5244535747915506
3.524769386043772
3.5250851972959936
3.525401008548215
3.5244535747915506
3.526032631052658
3.525400985208762
3.524769386043772
3.526032631052658
3.5257167964609835
3.5257168198004365
3.5257168198004365
3.5257168198004365
3.526032631052658
3.526032607713205
3.5257167964609835
3.5257168198004365
3.5257167964609835
3.526032631052658
3.525401008548215
3.525401008548215
3.5257168198004365
3.5250851972959936
3.526032544150439
3.525401008548215
3.524769386043772
3.5250851972959936
3.5257168198004365
3.525401008548215
3.525401008548215
3.5250851972959936
3.5250851972959936
3.5257167964609835
3.526032631052658
3.5260324805876735
3.5263484189654264
3.5250851972959936
3.525401008548215
3.5250851972959936
3.525401008548215
3.5257167964609835
3.526032631052658
3.5250851739565405
3.524769386043772
3.5250851972959936
3.5244535747915506
3.526032631052658
3.526032631052658
3.524137763539329
3.5257168198004365
3.525401008548215
3.524769386043772
3.524769386043772
3.525400985208762
3.525401008548215
3.5263484423048794
3.525401008548215
3.525400985208762
3.5244535747915506
3.526032607713205
3.525401008548215
3.525401008548215
3.524769386043772
3.525401008548215
3.525401008548215
3.524769362704319
3.5244535747915506
3.5263483554026607
3.524137763539329
3.524769386043772
3.524769386043772
3.525085110393775
3.526032631052658
3.5250851972959936
3.5257167964609835
3.5250851972959936
3.5263483554026607
3.5257167964609835
3.526664230217648
3.526032544150439
3.5250851972959936
3.5263484423048794
3.524769386043772
3.5250851972959936
3.525401008548215
3.5257168198004365
3.5257168198004365
3.524769386043772
3.5263483554026607
3.5250851972959936
3.5263484423048794
3.5244535747915506
3.525401008548215
3.524769386043772
3.5257167964609835
3.525401008548215
3.525716669335452
3.524137763539329
3.526032631052658
3.5257167964609835
3.5250851972959936
3.525401008548215
3.5257167964609835
3.5257168198004365
3.5250851972959936
3.5238219522871077
3.5250851972959936
3.5250851972959936
3.526032607713205
3.525401008548215
3.525401008548215
3.524769386043772
3.525400985208762
3.526032631052658
3.5263484423048794
3.525401008548215
3.525401008548215
3.525401008548215
3.5250851972959936
3.5244535747915506
3.5257168198004365
3.5250851972959936
3.5250851972959936
3.5257167964609835
3.5250851739565405
3.525400985208762
3.5250851972959936
3.5263484189654264
3.5250851972959936
3.525400985208762
3.524769386043772
3.526032607713205
3.5250851972959936
3.525401008548215
3.525401008548215
3.525401008548215
3.525401008548215
3.5257167964609835
3.524137763539329
3.5257167964609835
3.5250851972959936
3.5257168198004365
3.526032607713205
3.525401008548215
3.5257167964609835
3.524769386043772
3.5244535747915506
3.525401008548215
3.526032631052658
3.525401008548215
3.524137763539329
3.5257168198004365
3.524769386043772
3.526032544150439
3.5257168198004365
3.525400985208762
3.524137763539329
3.5257168198004365
3.5263484189654264
3.524769386043772
3.5257167964609835
3.525401008548215
3.5250851972959936
3.526664166654882
3.525401008548215
3.5250851972959936
3.5250851972959936
3.5250851972959936
3.526664166654882
3.524137763539329
3.525401008548215
3.5250851972959936
3.5257168198004365
3.525401008548215
3.5250851972959936
3.526032631052658
3.525401008548215
3.524769386043772
3.5250851972959936
3.5257167964609835
3.524137763539329
3.5257168198004365
3.5250851972959936
3.5257168198004365
3.525400985208762
3.5257167964609835
3.5238219522871077
3.525400985208762
3.526664253557101
3.524137763539329
3.526032544150439
3.5263484189654264
3.5250851739565405
3.5250851972959936
3.525401008548215
3.524769386043772
3.5254009216459963
3.524137763539329
3.5257168198004365
3.525400985208762
3.526664230217648
3.5257167964609835
3.525401008548215
3.526032631052658
3.5257167328982177
3.525401008548215
3.5250851972959936
3.5244535747915506
3.5250851972959936
3.525400985208762
3.5238219522871077
3.525401008548215
3.5250851972959936
3.524137763539329
3.5250851972959936
3.5244535747915506
3.5263484423048794
3.5257167964609835
3.5257168198004365
3.5257168198004365
3.525400985208762
3.524769386043772
3.5257168198004365
3.5257168198004365
3.5250851972959936
3.526032631052658
3.526032631052658
3.524769386043772
3.526032631052658
3.5257167328982177
3.5257168198004365
3.526032544150439
3.525401008548215
3.525401008548215
3.5250851972959936
3.525401008548215
3.524137763539329
3.526032544150439
3.525401008548215
3.525401008548215
3.526348291839895
3.525401008548215
3.525400985208762
3.524769362704319
3.5257168198004365
3.525085110393775
3.525401008548215
3.5257168198004365
3.5257167964609835
3.526032631052658
3.5250851972959936
3.525400985208762
3.525401008548215
3.5263483554026607
3.5244535747915506
3.525401008548215
3.524769386043772
3.525401008548215
3.525400985208762
3.524769386043772
3.5263484189654264
3.525400985208762
3.524769386043772
3.5250851972959936
3.5250851739565405
3.525401008548215
3.525401008548215
3.5250851972959936
3.526032607713205
3.5263484423048794
3.526032544150439
3.525401008548215
3.526032544150439
3.5235061410348862
3.526664253557101
3.5250851972959936
3.5250851972959936
3.525401008548215
3.5244535747915506
3.5257168198004365
3.5257168198004365
3.524769362704319
3.5257168198004365
3.525401008548215
3.5250851972959936
3.525401008548215
3.526664253557101
3.5272956620337936
3.5244535747915506
3.5257167964609835
3.5244535747915506
3.526664166654882
3.524137763539329
3.5250851972959936
3.5257168198004365
3.5257167328982177
3.5244535747915506
3.5263484423048794
3.524769386043772
3.5250851972959936
3.526032607713205
3.526664230217648
3.524769386043772
3.524769386043772
3.5244535747915506
3.524769386043772
3.524137763539329
3.5250851972959936
3.5250851972959936
3.525401008548215
3.525401008548215
3.525401008548215
3.5250851972959936
3.526032631052658
3.5250851972959936
3.524769386043772
3.525401008548215
3.5257168198004365
3.5250851972959936
3.5263484423048794
3.524769362704319
3.5250851972959936
3.5244535747915506
3.5244535747915506
3.525401008548215
3.5250851972959936
3.5257167964609835
3.525401008548215
3.5250851972959936
3.524137763539329
3.5257168198004365
3.5250851972959936
3.5263483554026607
3.5257168198004365
3.524769386043772
3.5250851972959936
3.524769386043772
3.5266641030921164
3.524769386043772
3.5257168198004365
3.5250851972959936
3.5263484423048794
3.524769386043772
3.5244535747915506
3.524769386043772
3.525401008548215
3.5260324805876735
3.5257168198004365
3.525401008548215
3.5250851972959936
3.527295876061544
3.5257167964609835
3.5257168198004365
3.525401008548215
3.525401008548215
3.524769386043772
3.5250851972959936
3.525401008548215
3.525401008548215
3.5257168198004365
3.525401008548215
3.524769386043772
3.5250851739565405
3.526348291839895
3.526664253557101
3.5244535747915506
3.525401008548215
3.526032607713205
3.525400985208762
3.525401008548215
3.525401008548215
3.5250851972959936
3.5263484423048794
3.526032607713205
3.525401008548215
3.5257168198004365
3.5250851972959936
3.525401008548215
3.5238219522871077
3.5244535747915506
3.5257168198004365
3.5257167964609835
3.526032631052658
3.525401008548215
3.5250851739565405
3.5257168198004365
3.5257167964609835
3.5257168198004365
3.524137763539329
3.5244535747915506
3.526032631052658
3.5244535747915506
3.5250851972959936
3.5257168198004365
3.5263483554026607
3.5263484423048794
3.5263484423048794
3.5263484189654264
3.525401008548215
3.525400985208762
3.5244535747915506
3.524769386043772
3.525401008548215
3.524769362704319
3.525401008548215
3.526032607713205
3.5257167964609835
3.525401008548215
3.525085110393775
3.5250851972959936
3.5257168198004365
3.524769386043772
3.525401008548215
3.5257168198004365
3.5244535747915506
3.525401008548215
3.525401008548215
3.526032631052658
3.5250851739565405
3.524769386043772
3.526032631052658
3.5250851972959936
3.524769386043772
3.5257168198004365
3.5266641030921164
3.525401008548215
3.524137763539329
3.5257167964609835
3.526032631052658
3.5257167964609835
3.525401008548215
3.5238219522871077
3.5257168198004365
3.5250851972959936
3.5263484189654264
3.525400985208762
3.526032631052658
3.5263484189654264
3.525401008548215
3.524769386043772
3.5257168198004365
3.525401008548215
3.526032544150439
3.5244535747915506
3.5250851972959936
3.524137763539329
3.5257168198004365
3.5250851972959936
3.5244535747915506
3.5257168198004365
3.526032607713205
3.524769386043772
3.5263484423048794
3.525401008548215
3.5250851972959936
3.5250851972959936
3.5244535747915506
3.5250851972959936
3.526664166654882
3.525400985208762
3.526032631052658
3.526032607713205
3.5250851972959936
3.524769386043772
3.5244535747915506
3.5250851972959936
3.525401008548215
3.5250851972959936
3.5257168198004365
3.525400985208762
3.5254009216459963
3.5257168198004365
3.5244535747915506
3.5244535747915506
3.5257168198004365
3.5263483554026607
3.526032631052658
3.524769386043772
3.525401008548215
3.525401008548215
3.5257167964609835
3.5250851972959936
3.525401008548215
3.525400985208762
3.5257168198004365
3.524769386043772
3.5250851972959936
3.526032631052658
3.5250851972959936
3.5257168198004365
3.524769386043772
3.526032631052658
3.525400985208762
3.526032631052658
3.524769386043772
3.524769386043772
3.526032544150439
3.5250851739565405
3.526664253557101
3.526032607713205
3.5250851972959936
3.525401008548215
3.526032631052658
3.526664230217648
3.524769386043772
3.524769386043772
3.5250851972959936
3.525401008548215
3.5244535747915506
3.5263484423048794
3.526979914344338
3.526032631052658
3.5250851972959936
3.5257168198004365
3.524769386043772
3.5263484423048794
3.5250851739565405
3.525401008548215
3.5250851972959936
3.5257168198004365
3.5257168198004365
3.5250851739565405
3.525401008548215
3.524769386043772
3.524137763539329
3.5263484189654264
3.525401008548215
3.526032607713205
3.526032607713205
3.525401008548215
3.524769386043772
3.526032607713205
3.5257168198004365
3.5257167964609835
3.525401008548215
3.5257168198004365
3.525401008548215
3.526032631052658
3.5244535747915506
3.524769386043772
3.5257167964609835
3.525401008548215
3.5250851739565405
3.525401008548215
3.524137763539329
3.524769386043772
3.524769386043772
3.525401008548215
3.5250851972959936
3.5257168198004365
3.526032607713205
3.5250851972959936
3.525401008548215
3.524769386043772
3.524769386043772
3.5250851972959936
3.5257168198004365
3.5257168198004365
3.5244535747915506
3.5250851972959936
3.524769386043772
3.525401008548215
3.526032631052658
3.5257167964609835
3.526032607713205
3.525401008548215
3.5263484423048794
3.5250851739565405
3.5257168198004365
3.5269799779071036
3.525401008548215
3.5244535747915506
3.5250851972959936
3.5250851972959936
3.5263484189654264
3.524769386043772
3.524769386043772
3.5257168198004365
3.5244535747915506
3.524769386043772
3.5257168198004365
3.5254009216459963
3.525401008548215
3.5263484423048794
3.5257168198004365
3.5260324805876735
3.5257168198004365
3.5257167964609835
3.526348291839895
3.5257168198004365
3.5257168198004365
3.526032607713205
3.5257168198004365
3.5254009216459963
3.5244535747915506
3.525401008548215
3.5244535747915506
3.5263484423048794
3.525401008548215
3.525400985208762
3.5250851972959936
3.525400985208762
3.524769386043772
3.525401008548215
3.5244535747915506
3.5257168198004365
3.5263484423048794
3.5257167964609835
3.526032607713205
3.526664230217648
3.525400985208762
3.524769386043772
3.526664230217648
3.5244535747915506
3.525401008548215
3.5263484189654264
3.525401008548215
3.525401008548215
3.5250851739565405
3.5263484423048794
3.524769386043772
3.524769386043772
3.5250851972959936
3.525401008548215
3.5257168198004365
3.5257168198004365
3.5250851739565405
3.526032631052658
3.525401008548215
3.524769386043772
3.526032544150439
3.525401008548215
3.525401008548215
3.526032631052658
3.525400985208762
3.525401008548215
3.5263483554026607
3.526032631052658
3.5250851972959936
3.524769386043772
3.5257168198004365
3.525400985208762
3.5257168198004365
3.5263484423048794
3.524769386043772
3.524769386043772
3.5257167964609835
3.525400985208762
3.5250851972959936
3.524769362704319
3.524769386043772
3.5257168198004365
3.524769386043772
3.5257168198004365
3.5257168198004365
3.5257167328982177
3.524769386043772
3.5263484189654264
3.5257167964609835
3.5244535747915506
3.5257168198004365
3.5250851972959936
3.5250851972959936
3.526664166654882
3.5250851972959936
3.526032607713205
3.526032631052658
3.525401008548215
3.5250851972959936
3.5257168198004365
3.525401008548215
3.526032631052658
3.5257168198004365
3.524769362704319
3.525401008548215
3.5250851972959936
3.526032631052658
3.5269800414698693
3.525401008548215
3.526032631052658
3.5257168198004365
3.525400985208762
3.525401008548215
3.5244535747915506
3.5257168198004365
3.5250851972959936
3.5263484423048794
3.5250851972959936
3.524769386043772
3.5250851739565405
3.526032631052658
3.5250851739565405
3.5250851972959936
3.526032544150439
3.5250851972959936
3.5238219522871077
3.524769386043772
3.524769362704319
3.5244535747915506
3.5263484423048794
3.524769386043772
3.525401008548215
3.5257167964609835
3.525401008548215
3.5244535747915506
3.5254009216459963
3.524769386043772
3.525401008548215
3.5257167964609835
3.526032631052658
3.5250851739565405
3.5250851739565405
3.526664253557101
3.525401008548215
3.5257167964609835
3.525401008548215
3.526032607713205
3.5257168198004365
3.5250851972959936
3.5257168198004365
3.5263484189654264
3.525401008548215
3.525401008548215
3.525401008548215
3.5250851972959936
3.525401008548215
3.526032631052658
3.525401008548215
3.5263484423048794
3.5250851972959936
3.5257168198004365
3.524137763539329
3.5250851972959936
3.5263483554026607
3.5250851972959936
3.5250851739565405
3.5250851972959936
3.525400985208762
3.5250851972959936
3.5250851972959936
3.5257167328982177
3.524769362704319
3.5250851972959936
3.5257167964609835
3.5250851972959936
3.524769386043772
3.524137763539329
3.5257168198004365
3.5257167328982177
3.525401008548215
3.5257168198004365
3.5250851739565405
3.5257167964609835
3.5250851972959936
3.524769386043772
3.526032631052658
3.525401008548215
3.5244535747915506
3.5244535747915506
3.525401008548215
3.5257168198004365
3.525401008548215
3.524137763539329
3.5250851972959936
3.524137763539329
3.5269799779071036
3.5250851972959936
3.525401008548215
3.525401008548215
3.526032631052658
3.524769386043772
3.524137763539329
3.5250851972959936
3.5244535747915506
3.525401008548215
3.525401008548215
3.524769386043772
3.524769386043772
3.5257168198004365
3.5244535747915506
3.525401008548215
3.5263484423048794
3.5257168198004365
3.5257168198004365
3.5269799779071036
3.525401008548215
3.526032544150439
3.5244535747915506
3.5257168198004365
3.526664253557101
3.524769362704319
3.524137763539329
3.524769386043772
3.526032544150439
3.526032631052658
3.525401008548215
3.5250851972959936
3.5257168198004365
3.524137763539329
3.526032631052658
3.525401008548215
3.526032607713205
3.526032607713205
3.5263484189654264
3.5250851739565405
3.5257168198004365
3.526032631052658
3.5250851972959936
3.524769386043772
3.525401008548215
3.5250851739565405
3.524769386043772
3.525401008548215
3.5257168198004365
3.525401008548215
3.525401008548215
3.5250851972959936
3.5263484423048794
3.524769386043772
3.525401008548215
3.526032631052658
3.525400985208762
3.5250851972959936
3.524769386043772
3.5250851972959936
3.5257168198004365
3.5257168198004365
3.526032631052658
3.524769386043772
3.525401008548215
3.5250851739565405
3.524137763539329
3.5257168198004365
3.526032631052658
3.525401008548215
3.524769386043772
3.5263483554026607
3.5250851972959936
3.525400985208762
3.526032607713205
3.5257168198004365
3.525400985208762
3.5244535747915506
3.5231903297826648
3.524769386043772
3.526032631052658
3.5250851972959936
3.526032544150439
3.5250851972959936
3.5257168198004365
3.5250851972959936
3.525401008548215
3.524769386043772
3.5244535747915506
3.525401008548215
3.5257167964609835
3.525401008548215
3.5263484423048794
3.526032544150439
3.5250851972959936
3.5238219522871077
3.5244535747915506
3.525401008548215
3.5257167328982177
3.524769386043772
3.5272957255965594
3.524769386043772
3.5250851972959936
3.526032631052658
3.5250851972959936
3.5250851972959936
3.5257168198004365
3.5238219522871077
3.5250851972959936
3.525400985208762
3.526032607713205
3.5250851972959936
3.526032544150439
3.525400985208762
3.5257168198004365
3.5257167328982177
3.524769386043772
3.526032607713205
3.524769386043772
3.5250851972959936
3.5266641030921164
3.525401008548215
3.5250851972959936
3.5257168198004365
3.5244535747915506
3.5263484189654264
3.5244535747915506
3.526032544150439
3.525400985208762
3.5263484423048794
3.525401008548215
3.526032607713205
3.5269800648093224
3.525400985208762
3.525400985208762
3.526032607713205
3.526032607713205
3.524769386043772
3.526032631052658
3.5244535747915506
3.5250851972959936
3.5250851972959936
3.5244535747915506
3.5244535747915506
3.525401008548215
3.5250851972959936
3.525401008548215
3.5250851972959936
3.5244535747915506
3.525401008548215
3.525401008548215
3.5257168198004365
3.524769386043772
3.526032631052658
3.526664253557101
3.5257167328982177
3.5250851972959936
3.525401008548215
3.525401008548215
3.526664253557101
3.5257167328982177
3.525401008548215
3.526664253557101
3.526032607713205
3.524769386043772
3.5257168198004365
3.526032631052658
3.526032631052658
3.5250851972959936
3.525401008548215
3.526664253557101
3.524769386043772
3.525401008548215
3.524769386043772
3.525401008548215
3.525401008548215
3.5250851972959936
3.5257168198004365
3.5263484423048794
3.5244535747915506
3.525401008548215
3.526032544150439
3.524769386043772
3.5269800414698693
3.526032607713205
3.5263484423048794
3.525401008548215
3.524137763539329
3.5244535747915506
3.5244535747915506
3.5250851972959936
3.5257168198004365
3.5257167964609835
3.526032631052658
3.5257168198004365
3.524769386043772
3.525401008548215
3.5257167328982177
3.526032631052658
3.524769386043772
3.5250851972959936
3.526032631052658
3.5257168198004365
3.524769386043772
3.5244535747915506
3.526032607713205
3.5250851972959936
3.526664253557101
3.526032631052658
3.5257167964609835
3.524769386043772
3.5244535747915506
3.5244535747915506
3.526664253557101
3.524137763539329
3.526032631052658
3.524769386043772
3.5244535747915506
3.526032631052658
3.5257168198004365
3.524769386043772
3.525401008548215
3.526032631052658
3.5257168198004365
3.5250851972959936
3.524137763539329
3.5250851972959936
3.5250851972959936
3.524769386043772
3.5250851972959936
3.524769386043772
3.5250851972959936
3.5250851972959936
3.5250851972959936
3.524769386043772
3.5257168198004365
3.524769386043772
3.5250851972959936
3.5257168198004365
3.5263484423048794
3.525401008548215
3.5263484189654264
3.5257168198004365
3.5257168198004365
3.5250851739565405
3.5250851972959936
3.525401008548215
3.5235061410348862
3.5250851972959936
3.526032607713205
3.5244535747915506
3.526032631052658
3.524769386043772
3.5250851972959936
3.524769386043772
3.5250851972959936
3.525401008548215
3.5257168198004365
3.5244535747915506
3.526032631052658
3.525400985208762
3.5250851739565405
3.5257168198004365
3.526032607713205
3.5250851972959936
3.5250851972959936
3.524769386043772
3.5250851972959936
3.5257168198004365
3.5250851739565405
3.5257168198004365
3.525400985208762
3.524769362704319
3.525401008548215
3.5250851972959936
3.5250851972959936
3.5250851972959936
3.525400985208762
3.5250851972959936
3.5257168198004365
3.524137763539329
3.5250851972959936
3.525401008548215
3.524769386043772
3.5263483554026607
3.5263484189654264
3.524769386043772
3.526032631052658
3.5257168198004365
3.525401008548215
3.5250851972959936
3.525400985208762
3.5250851972959936
3.5263484423048794
3.525401008548215
3.524137763539329
3.526664253557101
3.5244535747915506
3.525401008548215
3.524769386043772
3.5250851972959936
3.525401008548215
3.5257168198004365
3.5250851972959936
3.5257168198004365
3.526032607713205
3.5257168198004365
3.5254009216459963
3.5244535747915506
3.5257167964609835
3.5250851972959936
3.526032631052658
3.524137763539329
3.526032631052658
3.524769386043772
3.526032631052658
3.5263484423048794
3.5250851972959936
3.524769386043772
3.5276116639743123
3.5257168198004365
3.525400985208762
3.5250851972959936
3.5257168198004365
3.5250851972959936
3.526032631052658
3.525401008548215
3.526032607713205
3.524137763539329
3.524769386043772
3.5257168198004365
3.525401008548215
3.5250851972959936
3.525401008548215
3.5250851972959936
3.5244535747915506
3.5257168198004365
3.5263484423048794
3.5250851972959936
3.525401008548215
3.525400985208762
3.525401008548215
3.5244535747915506
3.5250851972959936
3.524137763539329
3.525401008548215
3.525401008548215
3.5257167964609835
3.5257168198004365
3.524769386043772
3.525401008548215
3.526032631052658
3.5244535747915506
3.526032631052658
3.5257168198004365
3.525400985208762
3.524137763539329
3.5257168198004365
3.525401008548215
3.524769386043772
3.525401008548215
3.5257168198004365
3.526032631052658
3.525401008548215
3.5263484423048794
3.5247692991415533
3.525400985208762
3.526032631052658
3.5257167964609835
3.5250851972959936
3.5269800648093224
3.525400985208762
3.5263484423048794
3.5244535747915506
3.5250851972959936
3.526032631052658
3.5263483554026607
3.524769386043772
3.5257168198004365
3.5244535747915506
3.5260324805876735
3.526032631052658
3.5257168198004365
3.5257168198004365
3.5257168198004365
3.5250851972959936
3.524769386043772
3.5269799779071036
3.5250851739565405
3.524769386043772
3.526032544150439
3.5250851972959936
3.525401008548215
3.526348291839895
3.5269800414698693
3.524769386043772
3.525085110393775
3.5257168198004365
3.524769386043772
3.5257168198004365
3.5250851972959936
3.526032607713205
3.524769386043772
3.524769386043772
3.5254009216459963
3.525401008548215
3.525400985208762
3.5257168198004365
3.5250851972959936
3.524769386043772
3.524769386043772
3.524769386043772
3.5257168198004365
3.526032631052658
3.524769386043772
3.5244535747915506
3.524769386043772
3.5250851972959936
3.526032631052658
3.5250851739565405
3.526032544150439
3.5257168198004365
3.525401008548215
3.524137763539329
3.524769386043772
3.5257168198004365
3.5257168198004365
3.5254008580832306
3.5244535747915506
3.5250851972959936
3.524769386043772
3.5250851972959936
3.5250851739565405
3.5244535747915506
3.5257168198004365
3.524769386043772
3.525401008548215
3.524769386043772
3.525401008548215
3.5257168198004365
3.5257168198004365
3.5250851739565405
3.524769386043772
3.5263483554026607
3.525401008548215
3.525401008548215
3.5250851739565405
3.525401008548215
3.5257167964609835
3.5263484189654264
3.526032631052658
3.5266641030921164
3.525401008548215
3.524769386043772
3.525401008548215
3.5250851972959936
3.525401008548215
3.525401008548215
3.5250851972959936
3.525401008548215
3.5257167964609835
3.526032631052658
3.5250851972959936
3.526032631052658
3.5244535747915506
3.525401008548215
3.5244535747915506
3.5263484423048794
3.5250851972959936
3.5263484423048794
3.526032631052658
3.5257168198004365
3.525401008548215
3.5257167964609835
3.526032631052658
3.525401008548215
3.525400985208762
3.524769386043772
3.526032631052658
3.524769362704319
3.5257168198004365
3.5263484423048794
3.524137763539329
3.524769386043772
3.5244535747915506
3.526032631052658
3.525401008548215
3.5254009216459963
3.5244535747915506
3.5250851972959936
3.5250851972959936
3.526032631052658
3.5244535747915506
3.5244535747915506
3.525401008548215
3.5244535747915506
3.525401008548215
3.5250851972959936
3.5257168198004365
3.5263484423048794
3.525401008548215
3.525401008548215
3.525401008548215
3.525400985208762
3.5250851972959936
3.5250851972959936
3.5250851972959936
3.526032631052658
3.525401008548215
3.526032544150439
3.5257168198004365
3.5257167964609835
3.525401008548215
3.5263484423048794
3.5257168198004365
3.526032631052658
3.5257168198004365
3.5257168198004365
3.525401008548215
3.525401008548215
3.5263484423048794
3.526032607713205
3.525401008548215
3.5263484423048794
3.525401008548215
3.5257168198004365
3.525401008548215
3.5257168198004365
3.5238219522871077
3.5257168198004365
3.5257168198004365
3.5250851739565405
3.526664253557101
3.524769386043772
3.526032631052658
3.5263484423048794
3.525400985208762
3.5260324805876735
3.5257168198004365
3.5244535747915506
3.526032607713205
3.5250851972959936
3.5257167964609835
3.525401008548215
3.526032607713205
3.5250851972959936
3.5250851972959936
3.5250851972959936
3.5263484423048794
3.526032631052658
3.5269799779071036
3.5250851972959936
3.525401008548215
3.526032544150439
3.524137763539329
3.525401008548215
3.5257167964609835
3.525401008548215
3.526664230217648
3.526032544150439
3.5250851972959936
3.5257168198004365
3.525401008548215
3.5257168198004365
3.525401008548215
3.525401008548215
3.5257168198004365
3.5244535747915506
3.5257168198004365
3.526032631052658
3.525401008548215
3.5257167964609835
3.526032607713205
3.524137763539329
3.525401008548215
3.5257168198004365
3.5244535747915506
3.524769386043772
3.524769386043772
3.524769386043772
3.526032631052658
3.525400985208762
3.525401008548215
3.526032631052658
3.526032607713205
3.525401008548215
3.524769386043772
3.524769386043772
3.526032631052658
3.525400985208762
3.524769386043772
3.5257168198004365
3.5257167328982177
3.5250851972959936
3.5257168198004365
3.5244535514520976
3.524137763539329
3.5257167964609835
3.524769386043772
3.525401008548215
3.5257168198004365
3.5244535747915506
3.5263484423048794
3.5263484189654264
3.5250851972959936
3.5244535747915506
3.525401008548215
3.5257168198004365
3.5263484423048794
3.525400985208762
3.5257168198004365
3.5257167964609835
3.525401008548215
3.5250851972959936
3.5250851972959936
3.525400985208762
3.5263484423048794
3.526664166654882
3.5257168198004365
3.525401008548215
3.525400985208762
3.5257168198004365
3.524769386043772
3.526032631052658
3.5269800648093224
3.524769386043772
3.524769386043772
3.525401008548215
3.525401008548215
3.524769386043772
3.5250851739565405
3.5266641030921164
3.5257168198004365
3.525400985208762
3.524137763539329
3.525401008548215
3.524769386043772
3.525401008548215
3.526032607713205
3.5257167964609835
3.5257168198004365
3.524769386043772
3.5257167964609835
3.526032631052658
3.526032607713205
3.526664230217648
3.5250851972959936
3.525401008548215
3.525401008548215
3.525401008548215
3.524137763539329
3.5257168198004365
3.5257167964609835
3.525401008548215
3.5257168198004365
3.5257167964609835
3.5250851972959936
3.5263484423048794
3.525400985208762
3.5250851972959936
3.5257167964609835
3.524769386043772
3.5257168198004365
3.5257167964609835
3.5250851972959936
3.525401008548215
3.5250851739565405
3.525401008548215
3.5257167328982177
3.5257168198004365
3.525401008548215
3.5257167964609835
3.5263484423048794
3.524137763539329
3.5244535747915506
3.525401008548215
3.525400985208762
3.525400985208762
3.5257168198004365
3.5257168198004365
3.5257168198004365
3.5263484189654264
3.5250851972959936
3.5250851972959936
3.5250851972959936
3.5257168198004365
3.525401008548215
3.5244535747915506
3.526032631052658
3.526664253557101
3.524137763539329
3.524769386043772
3.5250851972959936
3.524769386043772
3.5257168198004365
3.5257167964609835
3.5250851972959936
3.527295876061544
3.5257168198004365
3.524769386043772
3.525401008548215
3.5250851972959936
3.525401008548215
3.525400985208762
3.525401008548215
3.525401008548215
3.525400985208762
3.525401008548215
3.524769386043772
3.5250851972959936
3.5257168198004365
3.5250851972959936
3.526032607713205
3.525401008548215
3.5250851739565405
3.5257167964609835
3.5257168198004365
3.525401008548215
3.526032631052658
3.5257167964609835
3.524769386043772
3.5250851972959936
3.5250851972959936
3.525400985208762
3.526032607713205
3.5250851972959936
3.524769386043772
3.5254009216459963
3.524769386043772
3.524769386043772
3.5257167328982177
3.526032631052658
3.526032631052658
3.5250851739565405
3.5244535747915506
3.524769386043772
3.5244535747915506
3.526032631052658
3.524769386043772
3.525401008548215
3.5250851972959936
3.525401008548215
3.5257168198004365
3.5257167328982177
3.524769386043772
3.525401008548215
3.525400985208762
3.526032631052658
3.5257167328982177
3.5257168198004365
3.525401008548215
3.5250851972959936
3.5244535747915506
3.5263484423048794
3.5244535514520976
3.5257168198004365
3.5257168198004365
3.524137740199876
3.524769386043772
3.525401008548215
3.5250851972959936
3.526032631052658
3.524769386043772
3.524769386043772
3.5257168198004365
3.5257167964609835
3.526664230217648
3.526032544150439
3.525401008548215
3.5244535747915506
3.5250851972959936
3.5250851739565405
3.524769386043772
3.524769386043772
3.525401008548215
3.5257168198004365
3.525401008548215
3.5257168198004365
3.526032631052658
3.525716669335452
3.526032631052658
3.525401008548215
3.525401008548215
3.5244535747915506
3.5250851972959936
3.525401008548215
3.5263484423048794
3.5250851739565405
3.525400985208762
3.5257168198004365
3.526032607713205
3.5244535747915506
3.525401008548215
3.5257168198004365
3.525401008548215
3.525401008548215
3.5254009216459963
3.5263484423048794
3.526032631052658
3.5250851972959936
3.5257168198004365
3.5257167328982177
3.5250851972959936
3.5263484423048794
3.524769386043772
3.5244535747915506
3.526032631052658
3.525401008548215
3.5250851972959936
3.524769386043772
3.5257168198004365
3.5257168198004365
3.5244535747915506
3.524137763539329
3.526032607713205
3.5250851972959936
3.5263484423048794
3.525401008548215
3.5257168198004365
3.525401008548215
3.525401008548215
3.525400985208762
3.5257168198004365
3.5257167964609835
3.525401008548215
3.525401008548215
3.524769386043772
3.5244535747915506
3.525401008548215
3.5257167328982177
3.5257168198004365
3.5250851972959936
3.5250851739565405
3.5250851972959936
3.5244535747915506
3.5250851972959936
3.525401008548215
3.5257168198004365
3.524769386043772
3.526664230217648
3.5257168198004365
3.5250851972959936
3.5263484423048794
3.525401008548215
3.5250851972959936
3.525401008548215
3.5250851972959936
3.524769386043772
3.524769386043772
3.5244535747915506
3.526032544150439
3.526032631052658
3.5257168198004365
3.5250851972959936
3.5263484423048794
3.5244535747915506
3.5257167964609835
3.525401008548215
3.525401008548215
3.526032607713205
3.5257167964609835
3.524769362704319
3.5257168198004365
3.526032631052658
3.5257168198004365
3.5238219522871077
3.524137763539329
3.5250851739565405
3.5244535747915506
3.5244535747915506
3.5257168198004365
3.525401008548215
3.5238219522871077
3.524137763539329
3.5250851972959936
3.5250851739565405
3.5257168198004365
3.5257168198004365
3.5257168198004365
3.5263484423048794
3.5263483554026607
3.525401008548215
3.525716669335452
3.525401008548215
3.5244535747915506
3.5263484423048794
3.5257168198004365
3.5244535747915506
3.524769386043772
3.5244535747915506
3.5257168198004365
3.526032607713205
3.5250851972959936
3.524769386043772
3.524137763539329
3.5257168198004365
3.5250851972959936
3.525401008548215
3.525401008548215
3.5257168198004365
3.526032631052658
3.5250851972959936
3.5250851972959936
3.525401008548215
3.525400985208762
3.526032631052658
3.526032631052658
3.5263484189654264
3.525401008548215
3.5257168198004365
3.525401008548215
3.5257168198004365
3.5250851739565405
3.526032631052658
3.524769386043772
3.5250851972959936
3.525401008548215
3.5244535747915506
3.526032631052658
3.5244535747915506
3.5257168198004365
3.5269800648093224
3.5263484189654264
3.5250851972959936
3.526032631052658
3.5257167964609835
3.526032631052658
3.5250851972959936
3.5257168198004365
3.5250851972959936
3.5250851972959936
3.5263484189654264
3.524769386043772
3.525401008548215
3.526032631052658
3.525400985208762
3.524769386043772
3.526032631052658
3.5244535747915506
3.5257168198004365
3.526032631052658
3.5250851739565405
3.525401008548215
3.523821865384889
3.525401008548215
3.525401008548215
3.524769386043772
3.526032631052658
3.5257167964609835
3.525401008548215
3.5257168198004365
3.524769386043772
3.5263484423048794
3.5250851972959936
3.5257167964609835
3.525401008548215
3.5250851739565405
3.525401008548215
3.5257168198004365
3.5250851972959936
3.525401008548215
3.5263484423048794
3.525400985208762
3.5257168198004365
3.5250851972959936
3.5250851972959936
3.525401008548215
3.5250851972959936
3.524769386043772
3.5250851972959936
3.524769386043772
3.526664253557101
3.5250851972959936
3.527295876061544
3.526032607713205
3.5263484189654264
3.526032607713205
3.525401008548215
3.525401008548215
3.524769386043772
3.525401008548215
3.5244535747915506
3.5263484423048794
3.525401008548215
3.5257168198004365
3.525401008548215
3.524769386043772
3.5238219522871077
3.525401008548215
3.5250851739565405
3.5263483554026607
3.525401008548215
3.5250851972959936
3.5257168198004365
3.524769386043772
3.526032607713205
3.5263484423048794
3.524137763539329
3.525401008548215
3.5250851972959936
3.524769362704319
3.5250851972959936
3.5257167328982177
3.524769386043772
3.525401008548215
3.5244535747915506
3.5250851972959936
3.5257168198004365
3.524769362704319
3.5250851972959936
3.5250851739565405
3.525401008548215
3.524769386043772
3.526032607713205
3.525401008548215
3.5250851972959936
3.5250851972959936
3.525401008548215
3.5250851972959936
3.524769386043772
3.5250851972959936
3.526032607713205
3.5257167964609835
3.5250851972959936
3.5244535747915506
3.5250851972959936
3.5257168198004365
3.5250851972959936
3.525401008548215
3.5235061410348862
3.524769386043772
3.5250851972959936
3.525401008548215
3.5257167964609835
3.5250851972959936
3.526032631052658
3.5257167328982177
3.526664230217648
3.524769386043772
3.524769386043772
3.5269800648093224
3.526664166654882
3.525400985208762
3.524769386043772
3.5250851972959936
3.524769386043772
3.526032607713205
3.524769386043772
3.5257168198004365
3.525401008548215
3.5254009216459963
3.5263484423048794
3.526032607713205
3.525401008548215
3.525401008548215
3.5244535747915506
3.5263484189654264
3.5250851972959936
3.5257167328982177
3.5250851972959936
3.525401008548215
3.524769386043772
3.526032631052658
3.5257168198004365
3.5250851739565405
3.5257168198004365
3.5263484423048794
3.524769386043772
3.526032631052658
3.525400985208762
3.5250851972959936
3.5244535747915506
3.525401008548215
3.5257168198004365
3.526032631052658
3.525401008548215
3.5250851972959936
3.525401008548215
3.524769386043772
3.526032631052658
3.5250851972959936
3.524769386043772
3.525401008548215
3.5257168198004365
3.5257168198004365
3.526032631052658
3.5257167328982177
3.5250851972959936
3.525401008548215
3.525401008548215
3.526032631052658
3.5250851972959936
3.524769386043772
3.5257168198004365
3.5257168198004365
3.525401008548215
3.5257168198004365
3.524137763539329
3.5269799779071036
3.525401008548215
3.5257167964609835
3.526032631052658
3.525401008548215
3.5263484189654264
3.527295789159325
3.5244535747915506
3.526032631052658
3.525401008548215
3.5250851972959936
3.5250851739565405
3.524769386043772
3.5244535747915506
3.5244535747915506
3.5276116639743123
3.5263484189654264
3.5257168198004365
3.5257168198004365
3.526664166654882
3.5250851972959936
3.526032631052658
3.526664166654882
3.5257168198004365
3.5250851739565405
3.526032631052658
3.5257168198004365
3.524137763539329
3.526032631052658
3.5257168198004365
3.526032631052658
3.5250851972959936
3.524137763539329
3.525401008548215
3.526032631052658
3.524769362704319
3.525401008548215
3.525401008548215
3.5250851972959936
3.5244535747915506
3.526032631052658
3.5250851972959936
3.5257168198004365
3.5254009216459963
3.526032631052658
3.524769362704319
3.524137763539329
3.5257167964609835
3.5263484189654264
3.5257168198004365
3.524137763539329
3.5250851972959936
3.525401008548215
3.5250851972959936
3.525401008548215
3.526032631052658
3.5250851972959936
3.525401008548215
3.5257168198004365
3.5250851739565405
3.525401008548215
3.5263483554026607
3.524769386043772
3.525401008548215
3.5250851972959936
3.525401008548215
3.5257168198004365
3.524769386043772
3.5244535747915506
3.5250851972959936
3.5244535747915506
3.5257168198004365
3.5257167964609835
3.525401008548215
3.524769386043772
3.5257167964609835
3.525401008548215
3.5250851972959936
3.5244535747915506
3.526032631052658
3.5263483554026607
3.5263484189654264
3.5257168198004365
3.524769386043772
3.525401008548215
3.5244535747915506
3.5250851972959936
3.525401008548215
3.5250851739565405
3.524769386043772
3.5250851972959936
3.5257167964609835
3.5263484423048794
3.5257167964609835
3.524769386043772
3.5257168198004365
3.524769386043772
3.5257168198004365
3.525401008548215
3.525085046831009
3.5244535747915506
3.525401008548215
3.524769386043772
3.524137763539329
3.526032607713205
3.5257168198004365
3.5263484423048794
3.5244535514520976
3.525401008548215
3.5257168198004365
3.5257167964609835
3.5257168198004365
3.5257168198004365
3.525400985208762
3.525401008548215
3.525401008548215
3.525401008548215
3.5250851972959936
3.526032631052658
3.5257168198004365
3.5244535747915506
3.526032631052658
3.525401008548215
3.524769362704319
3.525401008548215
3.5250851972959936
3.525401008548215
3.525401008548215
3.5257167964609835
3.525401008548215
3.5257168198004365
3.526032544150439
3.5257168198004365
3.5257168198004365
3.5250851972959936
3.524769386043772
3.525400985208762
3.5250851972959936
3.525401008548215
3.5250851972959936
3.5250851972959936
3.5257168198004365
3.524769386043772
3.5257168198004365
3.525401008548215
3.5250851972959936
3.5250851972959936
3.526032607713205
3.524769386043772
3.5250851972959936
3.524769386043772
3.524769386043772
3.526032544150439
3.5250851972959936
3.5250851972959936
3.526032607713205
3.524769386043772
3.5250851972959936
3.525401008548215
3.5244535747915506
3.525401008548215
3.525400985208762
3.5263484423048794
3.5250851972959936
3.525400985208762
3.5244535747915506
3.5250851739565405
3.524769386043772
3.524769386043772
3.5244535747915506
3.5257168198004365
3.5250851972959936
3.5254009216459963
3.525401008548215
3.5250851739565405
3.526032631052658
3.526664253557101
3.524769386043772
3.5257168198004365
3.5250851972959936
3.5254009216459963
3.525401008548215
3.5250851972959936
3.526032544150439
3.5250851972959936
3.526032607713205
3.5250851972959936
3.5257168198004365
3.525401008548215
3.5257168198004365
3.5250851972959936
3.525401008548215
3.5250851972959936
3.524769386043772
3.524137763539329
3.526032607713205
3.526032631052658
3.525400985208762
3.526032631052658
3.524137763539329
3.5263484423048794
3.5257168198004365
3.524137763539329
3.525401008548215
3.525401008548215
3.5250851972959936
3.525401008548215
3.524769386043772
3.525400985208762
3.5244535747915506
3.525401008548215
3.5244535747915506
3.5250851972959936
3.525400985208762
3.5263484423048794
3.525401008548215
3.5250851972959936
3.526032607713205
3.525400985208762
3.525401008548215
3.5257168198004365
3.525401008548215
3.526032544150439
3.5257168198004365
3.5238219522871077
3.525401008548215
3.525401008548215
3.5244535747915506
3.524769386043772
3.5257168198004365
3.525716669335452
3.524137763539329
3.525401008548215
3.5250851972959936
3.524137763539329
3.5250851972959936
3.525401008548215
3.5257168198004365
3.526032631052658
3.5257168198004365
3.5257168198004365
3.5257167964609835
3.525401008548215
3.5250851972959936
3.526032544150439
3.525401008548215
3.5250851972959936
3.5257168198004365
3.5257168198004365
3.5257168198004365
3.5257168198004365
3.5250851972959936
3.526032631052658
3.5263483554026607
3.526032607713205
3.5257168198004365
3.525400985208762
3.5250851972959936
3.5244535747915506
3.5244535747915506
3.5250851972959936
3.525400985208762
3.524769386043772
3.526032631052658
3.5257168198004365
3.525401008548215
3.5250851972959936
3.525400985208762
3.5250851972959936
3.5250851739565405
3.524769386043772
3.524137763539329
3.525400985208762
3.5257168198004365
3.526032544150439
3.5257168198004365
3.524769386043772
3.5244535747915506
3.5250851972959936
3.5257168198004365
3.524769386043772
3.526032607713205
3.5250851972959936
3.524769386043772
3.5244535747915506
3.524769386043772
3.526032544150439
3.5250851972959936
3.5250851972959936
3.525401008548215
3.5250851972959936
3.524769386043772
3.5250851972959936
3.525401008548215
3.524769386043772
3.5257168198004365
3.5250851972959936
3.5238219522871077
3.5257168198004365
3.5263484189654264
3.5257168198004365
3.5263484423048794
3.5250851739565405
3.525401008548215
3.526032631052658
3.5250851972959936
3.5250851972959936
3.524769386043772
3.524769386043772
3.524769386043772
3.5250851739565405
3.525401008548215
3.526032631052658
3.524137740199876
3.524769386043772
3.5250851972959936
3.525400985208762
3.5250851972959936
3.5250851972959936
3.5250851972959936
3.526032631052658
3.5257167964609835
3.5257167964609835
3.5263484423048794
3.5250851972959936
3.5250851972959936
3.5244535747915506
3.5263484189654264
3.525401008548215
3.524769362704319
3.5257168198004365
3.5244535747915506
3.524769386043772
3.5263484423048794
3.524769362704319
3.5257168198004365
3.5263484189654264
3.525400985208762
3.5263484423048794
3.524769362704319
3.524769386043772
3.5257167964609835
3.525401008548215
3.5257167964609835
3.525401008548215
3.526348291839895
3.5250851972959936
3.5263484189654264
3.5244535747915506
3.5257168198004365
3.526032544150439
3.5257168198004365
3.526664253557101
3.525085110393775
3.5250851972959936
3.5257168198004365
3.525401008548215
3.524769386043772
3.5250851739565405
3.524137763539329
3.526032631052658
3.5257167964609835
3.5257168198004365
3.525401008548215
3.5250851739565405
3.5257168198004365
3.524769386043772
3.5250851972959936
3.5257168198004365
3.526032607713205
3.526032607713205
3.5250851972959936
3.5250851972959936
3.525401008548215
3.526032607713205
3.5257168198004365
3.5244535747915506
3.5263484189654264
3.525401008548215
3.5257168198004365
3.525400985208762
3.5263484423048794
3.525401008548215
3.5244535747915506
3.5257168198004365
3.526664230217648
3.5250851972959936
3.5257168198004365
3.524769386043772
3.5250851972959936
3.5257168198004365
3.524137763539329
3.5257168198004365
3.5263484423048794
3.5250851739565405
3.524769386043772
3.5250851972959936
3.5257168198004365
3.525401008548215
3.5244535747915506
3.526664253557101
3.5257168198004365
3.524769386043772
3.5257168198004365
3.526032544150439
3.5263484189654264
3.524769386043772
3.5257167328982177
3.5244535747915506
3.5250851972959936
3.5250851972959936
3.525401008548215
3.5244535747915506
3.526032631052658
3.526032631052658
3.5250851972959936
3.525401008548215
3.5250851972959936
3.5257168198004365
3.524769386043772
3.524769386043772
3.525401008548215
3.524769386043772
3.5250851972959936
3.5250851972959936
3.5250851972959936
3.5257168198004365
3.525401008548215
3.5250851972959936
3.525401008548215
3.5257167964609835
3.5257168198004365
3.526032631052658
3.5257168198004365
3.525401008548215
3.5263482282771292
3.5263484189654264
3.5257168198004365
3.5244535747915506
3.5257168198004365
3.5238219522871077
3.525400985208762
3.525401008548215
3.526032631052658
3.5238219522871077
3.5257168198004365
3.524769386043772
3.5257168198004365
3.5257168198004365
3.525401008548215
3.525401008548215
3.525401008548215
3.525716669335452
3.524769386043772
3.525401008548215
3.525401008548215
3.5257168198004365
3.525085110393775
3.5244535747915506
3.526664253557101
3.526032544150439
3.524769386043772
3.5257168198004365
3.5244535747915506
3.525401008548215
3.524137763539329
3.5263483554026607
3.5257168198004365
3.5250851972959936
3.525400985208762
3.526032631052658
3.525401008548215
3.5263484189654264
3.524769386043772
3.526032607713205
3.526032631052658
3.5257168198004365
3.5257167964609835
3.525401008548215
3.525401008548215
3.5250851972959936
3.5257168198004365
3.5244535747915506
3.5257168198004365
3.525401008548215
3.524769386043772
3.525401008548215
3.5244535747915506
3.525401008548215
3.5244535747915506
3.525401008548215
3.524769386043772
3.5250851972959936
3.526664253557101
3.5257168198004365
3.525401008548215
3.5257168198004365
3.526032544150439
3.5250851972959936
3.524769386043772
3.5250851972959936
3.5244535747915506
3.5250851972959936
3.5257167964609835
3.5244535747915506
3.5263484189654264
3.5250851972959936
3.5257168198004365
3.5250851972959936
3.5254009216459963
3.525401008548215
3.5244535747915506
3.524769386043772
3.525401008548215
3.525400985208762
3.5250851972959936
3.526664253557101
3.5257167964609835
3.525401008548215
3.5250851972959936
3.526348291839895
3.524769386043772
3.5250851972959936
3.525400985208762
3.525401008548215
3.5244535747915506
3.526664166654882
3.525401008548215
3.525400985208762
3.5250851739565405
3.5263484423048794
3.5250851972959936
3.5257168198004365
3.525401008548215
3.5263484189654264
3.5257168198004365
3.526032631052658
3.525400985208762
3.5250851972959936
3.525401008548215
3.525401008548215
3.5250851972959936
3.525401008548215
3.525401008548215
3.5250851972959936
3.5250851972959936
3.524769386043772
3.526032607713205
3.5250851972959936
3.524769386043772
3.5257167964609835
3.526032631052658
3.5263484423048794
3.5257168198004365
3.524769386043772
3.524137763539329
3.525401008548215
3.526032631052658
3.525400985208762
3.5263484189654264
3.525401008548215
3.525085110393775
3.525400985208762
3.525401008548215
3.525400985208762
3.5263484189654264
3.526032607713205
3.5250851972959936
3.525401008548215
3.5257167964609835
3.525401008548215
3.525401008548215
3.5250851972959936
3.5250851972959936
3.5257168198004365
3.526032631052658
3.525401008548215
3.5250851972959936
3.526032631052658
3.525401008548215
3.524769386043772
3.5257168198004365
3.524769386043772
3.524137763539329
3.525401008548215
3.5250851972959936
3.525401008548215
3.5250851972959936
3.524769386043772
3.525401008548215
3.5257167964609835
3.525400985208762
3.525401008548215
3.5250851972959936
3.525401008548215
3.524769386043772
3.5257168198004365
3.5250851972959936
3.525401008548215
3.524769386043772
3.5269800648093224
3.524769386043772
3.5263484189654264
3.525401008548215
3.5244535747915506
3.5257168198004365
3.526032631052658
3.525401008548215
3.5263484189654264
3.5244535747915506
3.524769386043772
3.5257168198004365
3.525400985208762
3.525401008548215
3.525401008548215
3.5250851739565405
3.5250851972959936
3.525401008548215
3.5257167964609835
3.5257168198004365
3.5257167964609835
3.525400985208762
3.526664253557101
3.5250851972959936
3.524769386043772
3.5244535747915506
3.5257167964609835
3.526032631052658
3.5266641030921164
3.5244535747915506
3.525401008548215
3.525401008548215
3.5257168198004365
3.5263484423048794
3.524769386043772
3.5257168198004365
3.525401008548215
3.5257168198004365
3.5257168198004365
3.526664230217648
3.524769386043772
3.5250851972959936
3.5257168198004365
3.5257167328982177
3.526664253557101
3.5260324805876735
3.5263484189654264
3.5257168198004365
3.525401008548215
3.5257168198004365
3.5250851972959936
3.5244535747915506
3.525401008548215
3.5250851972959936
3.5257167964609835
3.5257168198004365
3.5250851972959936
3.5257168198004365
3.526032631052658
3.5250851739565405
3.525401008548215
3.5257167964609835
3.5244535747915506
3.5263484423048794
3.524769386043772
3.524769386043772
3.525401008548215
3.5250851739565405
3.5257168198004365
3.525085110393775
3.5257168198004365
3.525401008548215
3.5250851972959936
3.526664230217648
3.5250851972959936
3.526348291839895
3.5250851972959936
3.524769386043772
3.5250851972959936
3.5269800648093224
3.525085110393775
3.525401008548215
3.526664253557101
3.524769362704319
3.524769386043772
3.5263484189654264
3.5244535747915506
3.524769386043772
3.525401008548215
3.524769386043772
3.526032631052658
3.5257167964609835
3.5250851972959936
3.525401008548215
3.5250851972959936
3.525401008548215
3.5257168198004365
3.5263484423048794
3.526032607713205
3.526664253557101
3.526664166654882
3.524769386043772
3.5257168198004365
3.524769362704319
3.526032631052658
3.525401008548215
3.524769386043772
3.525401008548215
3.525401008548215
3.5244535747915506
3.526032607713205
3.5250851972959936
3.5244535747915506
3.525401008548215
3.5257168198004365
3.524137763539329
3.5250851972959936
3.526664166654882
3.526664166654882
3.5244535747915506
3.5250851972959936
3.5257167964609835
3.526032631052658
3.525400985208762
3.5257168198004365
3.5250851972959936
3.5257168198004365
3.526032631052658
3.5257168198004365
3.5257168198004365
3.525401008548215
3.525401008548215
3.5250851972959936
3.525401008548215
3.526032631052658
3.524769362704319
3.5263484423048794
3.5257168198004365
3.525401008548215
3.524769386043772
3.5250851972959936
3.526664253557101
3.5257168198004365
3.524769386043772
3.524769386043772
3.5250851972959936
3.525401008548215
3.526032631052658
3.524769386043772
3.524769362704319
3.5250851972959936
3.526664253557101
3.5250851972959936
3.5257168198004365
3.526032607713205
3.526032631052658
3.525401008548215
3.5244535747915506
3.5244535747915506
3.5250851972959936
3.524769386043772
3.5257167964609835
3.5257168198004365
3.5263484189654264
3.5257168198004365
3.5244535747915506
3.5244535747915506
3.5231903297826648
3.5244535747915506
3.5250851972959936
3.5244535747915506
3.5257168198004365
3.525401008548215
3.5257168198004365
3.526664230217648
3.524769362704319
3.525401008548215
3.5263484423048794
3.525401008548215
3.5250851972959936
3.525400985208762
3.5250851972959936
3.525401008548215
3.524769386043772
3.5257168198004365
3.5250851972959936
3.5238219522871077
3.5257168198004365
3.5244535747915506
3.5244535747915506
3.525401008548215
3.525401008548215
3.5244535747915506
3.5250851972959936
3.526032607713205
3.524769386043772
3.5250851972959936
3.526032631052658
3.5257168198004365
3.526032607713205
3.526032631052658
3.526664253557101
3.525716669335452
3.526032631052658
3.524769386043772
3.524769386043772
3.526032631052658
3.5250851739565405
3.5250851972959936
3.5263484423048794
3.524769386043772
3.5250851972959936
3.5257168198004365
3.5257168198004365
3.524769386043772
3.5254009216459963
3.526032544150439
3.526664253557101
3.5257168198004365
3.525401008548215
3.5250851972959936
3.5250851972959936
3.5250851972959936
3.524769386043772
3.526032631052658
3.526032631052658
3.5250851972959936
3.5244535747915506
3.525401008548215
3.5260324805876735
3.524769386043772
3.524769386043772
3.524769362704319
3.525401008548215
3.524769386043772
3.5250851972959936
3.5257168198004365
3.5250851739565405
3.5238219522871077
3.524769386043772
3.525400985208762
3.5257168198004365
3.5257168198004365
3.5250851739565405
3.5257168198004365
3.524769386043772
3.526032631052658
3.5257168198004365
3.524769386043772
3.525401008548215
3.5244535747915506
3.5257168198004365
3.526664253557101
3.5250851972959936
3.525401008548215
3.524769386043772
3.524769386043772
3.5257168198004365
3.524769386043772
3.524769386043772
3.525401008548215
3.524769386043772
3.524769386043772
3.5263484189654264
3.525400985208762
3.524769386043772
3.5257167964609835
3.5244535747915506
3.5257168198004365
3.524769386043772
3.5257168198004365
3.5257168198004365
3.526664230217648
3.525401008548215
3.5257168198004365
3.5257168198004365
3.525401008548215
3.524769386043772
3.525401008548215
3.526032607713205
3.524769386043772
3.5250851972959936
3.525401008548215
3.524769386043772
3.5257168198004365
3.525400985208762
3.524137763539329
3.5250851972959936
3.525401008548215
3.5257168198004365
3.526032631052658
3.5250851739565405
3.524769386043772
3.5263484423048794
3.525401008548215
3.5250851739565405
3.5266641030921164
3.5263484423048794
3.5257168198004365
3.5250851972959936
3.5250851972959936
3.525401008548215
3.5250851972959936
3.526664253557101
3.5250851972959936
3.5238219522871077
3.5263484423048794
3.524769362704319
3.525401008548215
3.5257168198004365
3.5257167964609835
3.526032631052658
3.525400985208762
3.5257167964609835
3.526032631052658
3.5244535747915506
3.525400985208762
3.5257168198004365
3.526032607713205
3.5257168198004365
3.524769386043772
3.525401008548215
3.525401008548215
3.525401008548215
3.524137763539329
3.5244535747915506
3.526032607713205
3.525401008548215
3.526032631052658
3.524137763539329
3.526032631052658
3.5263484189654264
3.5250851972959936
3.526032631052658
3.5244535747915506
3.526032607713205
3.5250851972959936
3.525401008548215
3.5257168198004365
3.524769386043772
3.525401008548215
3.525401008548215
3.5257168198004365
3.524769386043772
3.5250851972959936
3.5263484189654264
3.5257168198004365
3.525401008548215
3.5250851972959936
3.5257168198004365
3.5250851972959936
3.526032631052658
3.5257168198004365
3.5238219522871077
3.524453424326566
3.5263484189654264
3.5263484423048794
3.5257168198004365
3.5244535747915506
3.5250851739565405
3.5257168198004365
3.526664166654882
3.525401008548215
3.5263483554026607
3.5250851972959936
3.5257167964609835
3.5244535747915506
3.524769386043772
3.5244535747915506
3.525401008548215
3.5250851972959936
3.5244535747915506
3.525401008548215
3.526032631052658
3.5260324805876735
3.525401008548215
3.525401008548215
3.5263483554026607
3.5244535747915506
3.526032607713205
3.526032607713205
3.525401008548215
3.526348291839895
3.5257167328982177
3.524137763539329
3.525401008548215
3.524769386043772
3.525400985208762
3.5257167964609835
3.5250851972959936
3.5257168198004365
3.525716669335452
3.5257168198004365
3.5244535747915506
3.526032631052658
3.5257168198004365
3.5257167964609835
3.524769386043772
3.5257168198004365
3.524769386043772
3.5257168198004365
3.5257168198004365
3.525401008548215
3.5257168198004365
3.524137763539329
3.5250851972959936
3.5257168198004365
3.5250851972959936
3.5257166057726863
3.5257168198004365
3.5257168198004365
3.525401008548215
3.5257168198004365
3.525401008548215
3.525401008548215
3.525401008548215
3.5260324805876735
3.5250851972959936
3.5257168198004365
3.526032607713205
3.5244535747915506
3.5257168198004365
3.524769386043772
3.5257167964609835
3.5257168198004365
3.526032607713205
3.524769386043772
3.5257168198004365
3.5257167964609835
3.5257168198004365
3.5250851972959936
3.524769386043772
3.5257168198004365
3.524769386043772
3.5250851739565405
3.525401008548215
3.5263484189654264
3.5257168198004365
3.5250851972959936
3.524769386043772
3.524769386043772
3.5244535747915506
3.5254009216459963
3.5257168198004365
3.525400985208762
3.525401008548215
3.5263484189654264
3.5247692991415533
3.524769386043772
3.5250851972959936
3.5263484189654264
3.5250851972959936
3.5244535747915506
3.525401008548215
3.525401008548215
3.5250851972959936
3.524769386043772
3.524769386043772
3.525085110393775
3.5257168198004365
3.5266641030921164
3.525401008548215
3.5250851972959936
3.5257167964609835
3.5257168198004365
3.5250851972959936
3.5244535747915506
3.5257168198004365
3.524769386043772
3.524769386043772
3.524769386043772
3.5257168198004365
3.526032607713205
3.5250851972959936
3.5244535747915506
3.526032631052658
3.5250851972959936
3.526664166654882
3.5244535747915506
3.525400985208762
3.5250851972959936
3.5257168198004365
3.5257167328982177
3.524769386043772
3.524769386043772
3.525400985208762
3.525400985208762
3.5250851972959936
3.525401008548215
3.5257167964609835
3.5250851972959936
3.5244535747915506
3.525401008548215
3.526032607713205
3.525401008548215
3.525400985208762
3.524769386043772
3.525401008548215
3.5263484189654264
3.5244535747915506
3.5250851972959936
3.5244535747915506
3.5257167964609835
3.5257168198004365
3.526032607713205
3.525401008548215
3.525401008548215
3.5238219522871077
3.525401008548215
3.5263483554026607
3.526032544150439
3.5250851972959936
3.5250851972959936
3.525401008548215
3.5250851972959936
3.525401008548215
3.5269800414698693
3.525400985208762
3.5250851972959936
3.525401008548215
3.526032544150439
3.526032607713205
3.526032631052658
3.5257167328982177
3.525401008548215
3.5238219522871077
3.524769386043772
3.5250851972959936
3.524769386043772
3.5250851972959936
3.525401008548215
3.5250851739565405
3.525401008548215
3.525401008548215
3.526032607713205
3.5250851972959936
3.5250851972959936
3.5244535747915506
3.525401008548215
3.526032631052658
3.526032607713205
3.5257168198004365
3.526032607713205
3.526032631052658
3.5250851972959936
3.526032544150439
3.5250851972959936
3.5250851972959936
3.5257167964609835
3.5263484423048794
3.525401008548215
3.524769386043772
3.5257168198004365
3.524769386043772
3.5263484189654264
3.526032631052658
3.525085110393775
3.526032631052658
3.526032607713205
3.525401008548215
3.525401008548215
3.525401008548215
3.5250851972959936
3.5263484189654264
3.525401008548215
3.524769386043772
3.5257168198004365
3.5257168198004365
3.5263484423048794
3.526032607713205
3.5263484423048794
3.5257168198004365
3.5257167328982177
3.525401008548215
3.524769386043772
3.526032631052658
3.5257167328982177
3.5250851972959936
3.525401008548215
3.5257168198004365
3.525085110393775
3.525401008548215
3.5250851972959936
3.5250851972959936
3.526032631052658
3.5250851972959936
3.5257168198004365
3.5257168198004365
3.5254009216459963
3.526032631052658
3.525400985208762
3.526032631052658
3.525401008548215
3.526032607713205
3.526032631052658
3.5250851972959936
3.5257167328982177
3.525401008548215
3.525401008548215
3.5250851972959936
3.525401008548215
3.5244535747915506
3.5244535747915506
3.5257168198004365
3.5250851972959936
3.525400985208762
3.5257168198004365
3.5244535747915506
3.5250851972959936
3.5257168198004365
3.5250851972959936
3.525401008548215
3.524769386043772
3.525400985208762
3.5257167964609835
3.5257168198004365
3.524769386043772
3.526032631052658
3.5263484189654264
3.524769386043772
3.526032631052658
3.5263484423048794
3.5254009216459963
3.5250851972959936
3.524769386043772
3.524769386043772
3.5250851972959936
3.525401008548215
3.5257168198004365
3.5257168198004365
3.526032544150439
3.525401008548215
3.5257167964609835
3.5263483554026607
3.5257168198004365
3.5250851739565405
3.5244535747915506
3.5257168198004365
3.5263484423048794
3.5257168198004365
3.526664253557101
3.5257167964609835
3.524769386043772
3.5250851972959936
3.5257167964609835
3.525401008548215
3.5257168198004365
3.524769386043772
3.524769386043772
3.526032631052658
3.5250851972959936
3.525401008548215
3.526032631052658
3.5257167328982177
3.524769386043772
3.5257168198004365
3.5244535747915506
3.525401008548215
3.5263484423048794
3.5244535514520976
3.526032607713205
3.526664230217648
3.526979850781572
3.5257168198004365
3.525401008548215
3.5250851972959936
3.525401008548215
3.525401008548215
3.525401008548215
3.5257168198004365
3.5257168198004365
3.5250851972959936
3.5257168198004365
3.5244535747915506
3.524769362704319
3.5257168198004365
3.5263484189654264
3.5250851972959936
3.5250851972959936
3.5250851972959936
3.526032607713205
3.5269800648093224
3.5257167964609835
3.524769386043772
3.526664253557101
3.5257167964609835
3.5250851972959936
3.525400985208762
3.5250851972959936
3.526032631052658
3.525401008548215
3.526032607713205
3.526032631052658
3.526032607713205
3.5257168198004365
3.524769386043772
3.5250851739565405
3.525401008548215
3.526032631052658
3.5254009216459963
3.5250851972959936
3.525400985208762
3.526032607713205
3.5250851972959936
3.5250851972959936
3.5257167964609835
3.525401008548215
3.526032607713205
3.5250851972959936
3.5250851972959936
3.525401008548215
3.526032544150439
3.5244535747915506
3.525401008548215
3.5257168198004365
3.524769386043772
3.5250851972959936
3.5257168198004365
3.5263484189654264
3.525401008548215
3.5244535747915506
3.525401008548215
3.5257168198004365
3.5257167964609835
3.5250851972959936
3.524769386043772
3.525401008548215
3.524769386043772
3.5250851972959936
3.525401008548215
3.5257168198004365
3.5257168198004365
3.5263483554026607
3.526032631052658
3.5250851972959936
3.5250851972959936
3.524769386043772
3.526032631052658
3.5257168198004365
3.526032631052658
3.525400985208762
3.5244535747915506
3.524769386043772
3.524769386043772
3.525401008548215
3.5263484423048794
3.526032607713205
3.526032631052658
3.5257167964609835
3.525401008548215
3.5257167964609835
3.526032607713205
3.525401008548215
3.525401008548215
3.5250851972959936
3.5250851972959936
3.5257167328982177
3.5244535747915506
3.5257167964609835
3.5244535747915506
3.5257168198004365
3.526032631052658
3.5257168198004365
3.5269800414698693
3.524769386043772
3.5250851972959936
3.525401008548215
3.525400985208762
3.5250851972959936
3.526032544150439
3.525401008548215
3.5257168198004365
3.5257167964609835
3.525401008548215
3.5263484423048794
3.524769386043772
3.5250851972959936
3.5257168198004365
3.5257168198004365
3.5257168198004365
3.5250851739565405
3.525401008548215
3.524769386043772
3.525401008548215
3.5250851972959936
3.5250851972959936
3.526032607713205
3.5257168198004365
3.5250851972959936
3.5260324170249078
3.5263484423048794
3.5250851972959936
3.5257167964609835
3.526664230217648
3.5257167964609835
3.524137763539329
3.525401008548215
3.5266640395293507
3.524769386043772
3.5250851972959936
3.5263484189654264
3.525401008548215
3.525400985208762
3.524769386043772
3.5244535747915506
3.5244535747915506
3.5244535747915506
3.525401008548215
3.5250851739565405
3.5244535747915506
3.5250851972959936
3.525401008548215
3.5250851972959936
3.5257168198004365
3.526348291839895
3.5257168198004365
3.5257168198004365
3.5257167964609835
3.5250851972959936
3.5263483554026607
3.5257168198004365
3.524769386043772
3.5250851972959936
3.5257168198004365
3.524769386043772
3.5257168198004365
3.526032631052658
3.5257167964609835
3.5257168198004365
3.5244535747915506
3.5244535747915506
3.5257168198004365
3.5231903297826648
3.524769386043772
3.525401008548215
3.525400985208762
3.5250851972959936
3.524769386043772
3.5263483554026607
3.525401008548215
3.5257167964609835
3.5250851972959936
3.524769386043772
3.524769386043772
3.526032607713205
3.5263484189654264
3.524137763539329
3.525400985208762
3.526032631052658
3.5244535747915506
3.526032631052658
3.5263484423048794
3.525401008548215
3.524769386043772
3.5250851972959936
3.5254009216459963
3.5257168198004365
3.5250851972959936
3.524769386043772
3.525401008548215
3.524769386043772
3.5250851972959936
3.525401008548215
3.5250851972959936
3.525401008548215
3.5269800648093224
3.526032607713205
3.5250851972959936
3.5250851972959936
3.525401008548215
3.5257168198004365
3.525401008548215
3.5257167964609835
3.5250851972959936
3.525401008548215
3.5250851972959936
3.5257168198004365
3.5250851972959936
3.5257168198004365
3.526032631052658
3.5257168198004365
3.5250851739565405
3.526032631052658
3.525400985208762
3.5257167964609835
3.5269800414698693
3.526348291839895
3.524769362704319
3.5263484189654264
3.525401008548215
3.525401008548215
3.525401008548215
3.5250851972959936
3.5250851972959936
3.5257168198004365
3.525400985208762
3.525401008548215
3.5257168198004365
3.5257167328982177
3.5250851972959936
3.5244535747915506
3.525401008548215
3.5257168198004365
3.524769386043772
3.5250851972959936
3.525401008548215
3.525401008548215
3.5263484189654264
3.5257168198004365
3.5250851972959936
3.5257167964609835
3.525401008548215
3.5257168198004365
3.524769386043772
3.524769386043772
3.525085110393775
3.525401008548215
3.526032631052658
3.5250851972959936
3.525401008548215
3.524769386043772
3.5250851739565405
3.524137763539329
3.5263484423048794
3.524453487889332
3.5263484189654264
3.5257168198004365
3.525401008548215
3.525401008548215
3.525400985208762
3.5244535747915506
3.525401008548215
3.5250851972959936
3.525401008548215
3.5250851972959936
3.5257167964609835
3.5250851972959936
3.5257168198004365
3.525401008548215
3.525401008548215
3.5263484189654264
3.525401008548215
3.525401008548215
3.526032631052658
3.526664166654882
3.5257168198004365
3.5257167964609835
3.5257168198004365
3.5257168198004365
3.524137763539329
3.5263484189654264
3.524769386043772
3.526032607713205
3.5257168198004365
3.524769386043772
3.5250851972959936
3.526032631052658
3.5244535747915506
3.5257168198004365
3.5257168198004365
3.5250851972959936
3.524769386043772
3.5263484189654264
3.5250851739565405
3.5250851972959936
3.524769362704319
3.5257168198004365
3.525401008548215
3.5250851972959936
3.525401008548215
3.5244535747915506
3.5250851972959936
3.5257168198004365
3.524453487889332
3.5257167964609835
3.5238219522871077
3.524769386043772
3.5257168198004365
3.5250851972959936
3.5250851739565405
3.524769386043772
3.525401008548215
3.525401008548215
3.526032631052658
3.5263483554026607
3.526032631052658
3.526032631052658
3.524769386043772
3.5250851972959936
3.525401008548215
3.5257167964609835
3.5250851972959936
3.525401008548215
3.525401008548215
3.524769386043772
3.5250851739565405
3.5257167964609835
3.526032631052658
3.5250851972959936
3.524769386043772
3.524137763539329
3.525401008548215
3.526032607713205
3.5244535747915506
3.525401008548215
3.5263484423048794
3.5250851972959936
3.525401008548215
3.525401008548215
3.5244535747915506
3.525401008548215
3.5257167964609835
3.5250851972959936
3.526032631052658
3.5254009216459963
3.5257168198004365
3.5250851972959936
3.5257167964609835
3.526032631052658
3.5263484423048794
3.5238219522871077
3.5257168198004365
3.5263483554026607
3.525400985208762
3.5263484423048794
3.5244535747915506
3.526032631052658
3.525400985208762
3.5257168198004365
3.5250851972959936
3.524769386043772
3.524137763539329
3.526664253557101
3.524769386043772
3.526032631052658
3.524769386043772
3.5263484189654264
3.526032631052658
3.525401008548215
3.5254009216459963
3.525401008548215
3.5257167964609835
3.524769386043772
3.5257168198004365
3.5250851972959936
3.524769386043772
3.5263484423048794
3.5244535747915506
3.5244535747915506
3.525401008548215
3.5257168198004365
3.526032631052658
3.5250851972959936
3.524769386043772
3.5257168198004365
3.526032607713205
3.5254009216459963
3.5257168198004365
3.526032607713205
3.5244535747915506
3.525401008548215
3.525400985208762
3.5250851972959936
3.5257168198004365
3.5257167328982177
3.526664253557101
3.5250851972959936
3.526032631052658
3.527295789159325
3.5250851739565405
3.5250851972959936
3.526032631052658
3.524769386043772
3.526664253557101
3.525400985208762
3.5257168198004365
3.525401008548215
3.525400985208762
3.5250851972959936
3.5257168198004365
3.525401008548215
3.5250851972959936
3.5244535747915506
3.5250851972959936
3.5257168198004365
3.5257168198004365
3.526032631052658
3.5250851972959936
3.524137763539329
3.5257168198004365
3.525716669335452
3.5257168198004365
3.526664166654882
3.524769386043772
3.525401008548215
3.526664253557101
3.5250851972959936
3.5257167964609835
3.525401008548215
3.5250851972959936
3.524769386043772
3.526032544150439
3.525401008548215
3.5257168198004365
3.5257167964609835
3.5244535747915506
3.524769386043772
3.5250851739565405
3.5257168198004365
3.5257168198004365
3.524769386043772
3.524769386043772
3.5263484189654264
3.524769386043772
3.524769386043772
3.524769362704319
3.5250851972959936
3.5257168198004365
3.525401008548215
3.5257168198004365
3.5263484189654264
3.525400985208762
3.5250851972959936
3.526032607713205
3.524137763539329
3.524769386043772
3.5254009216459963
3.5244535747915506
3.526664253557101
3.525400985208762
3.525400985208762
3.526032631052658
3.524769386043772
3.5257168198004365
3.5250851972959936
3.5250851972959936
3.525401008548215
3.5257168198004365
3.5244535747915506
3.5250851972959936
3.524769386043772
3.5257168198004365
3.524769386043772
3.525401008548215
3.5263484423048794
3.5263484423048794
3.524137763539329
3.5257168198004365
3.5263483554026607
3.5250851972959936
3.524769386043772
3.5257167328982177
3.5257168198004365
3.5257168198004365
3.5257168198004365
3.524769386043772
3.5250851972959936
3.525401008548215
3.5263484423048794
3.525401008548215
3.5250851972959936
3.5257168198004365
3.525401008548215
3.524769386043772
3.524769386043772
3.5257168198004365
3.5244535747915506
3.5257167964609835
3.5263484423048794
3.524769386043772
3.525401008548215
3.526032607713205
3.5254009216459963
3.5263484423048794
3.525400985208762
3.525401008548215
3.5263484189654264
3.526032607713205
3.5257167964609835
3.526032631052658
3.5238219522871077
3.5250851972959936
3.5250851972959936
3.525401008548215
3.526032607713205
3.5257167964609835
3.5250851972959936
3.5257168198004365
3.5257167328982177
3.525401008548215
3.524769386043772
3.526032607713205
3.5250851972959936
3.524769386043772
3.5257167964609835
3.525401008548215
3.5257168198004365
3.5244535514520976
3.5257168198004365
3.5250851972959936
3.5263484423048794
3.526032631052658
3.5244535747915506
3.5250851972959936
3.5257168198004365
3.525401008548215
3.525401008548215
3.5244535747915506
3.5257168198004365
3.5257168198004365
3.5257168198004365
3.5250851972959936
3.5244535747915506
3.5244535747915506
3.5244535747915506
3.526664166654882
3.525401008548215
3.5250851972959936
3.5250851972959936
3.5257168198004365
3.525401008548215
3.524137763539329
3.5269800648093224
3.526032607713205
3.525401008548215
3.5250851972959936
3.526032544150439
3.525401008548215
3.526664253557101
3.524769362704319
3.5244535747915506
3.524769386043772
3.525400985208762
3.5250851972959936
3.5244535747915506
3.5257168198004365
3.526032631052658
3.524769362704319
3.525401008548215
3.5257168198004365
3.5263484189654264
3.5250851972959936
3.524769386043772
3.5257168198004365
3.525401008548215
3.5247692991415533
3.5257168198004365
3.525400985208762
3.5235061410348862
3.524769386043772
3.524137763539329
3.5257168198004365
3.5250851972959936
3.5250851739565405
3.5257168198004365
3.524769386043772
3.5257168198004365
3.5250851972959936
3.5250851972959936
3.526032631052658
3.5257167328982177
3.5244535747915506
3.5257168198004365
3.5250851739565405
3.525401008548215
3.5250851972959936
3.525401008548215
3.5257168198004365
3.525401008548215
3.525401008548215
3.5257168198004365
3.524137763539329
3.5257168198004365
3.5257168198004365
3.5250851972959936
3.5257168198004365
3.525401008548215
3.526348291839895
3.5257167964609835
3.525401008548215
3.524769386043772
3.5250851739565405
3.5250851972959936
3.525401008548215
3.5257168198004365
3.5257168198004365
3.5250851972959936
3.526032544150439
3.524769386043772
3.525401008548215
3.5257167964609835
3.525401008548215
3.5257168198004365
3.5244535747915506
3.5250851972959936
3.525401008548215
3.525401008548215
3.524769386043772
3.5257167964609835
3.5257168198004365
3.524769386043772
3.5244535747915506
3.5250851972959936
3.5244535747915506
3.5250851972959936
3.526032631052658
3.5250851972959936
3.525401008548215
3.5250851972959936
3.5250851739565405
3.526032631052658
3.5263483554026607
3.5250851972959936
3.5244535747915506
3.525401008548215
3.5250851972959936
3.5257168198004365
3.525401008548215
3.5250851972959936
3.526032631052658
3.5244535747915506
3.526032631052658
3.5257168198004365
3.5250851972959936
3.526032631052658
3.524769386043772
3.5263484189654264
3.5263484189654264
3.5250851739565405
3.524769386043772
3.524769386043772
3.526664166654882
3.5250851972959936
3.526664253557101
3.525401008548215
3.524769386043772
3.5263483554026607
3.5244535747915506
3.5244535747915506
3.5250851972959936
3.525401008548215
3.5257168198004365
3.5250851739565405
3.526032631052658
3.524769386043772
3.525401008548215
3.5263484423048794
3.524769386043772
3.5244535747915506
3.525401008548215
3.5263484189654264
3.5250851972959936
3.5257168198004365
3.5250851972959936
3.525401008548215
3.525401008548215
3.5250851972959936
3.524769386043772
3.5257167964609835
3.526032631052658
3.525401008548215
3.525401008548215
3.525401008548215
3.5263484189654264
3.524137763539329
3.5257168198004365
3.5257168198004365
3.525085110393775
3.525401008548215
3.5244535747915506
3.526032631052658
3.526032631052658
3.5257168198004365
3.5257168198004365
3.5269800648093224
3.524137763539329
3.5250851739565405
3.5250851972959936
3.525401008548215
3.524769386043772
3.526032631052658
3.526348291839895
3.526032631052658
3.5244535747915506
3.5257167964609835
3.5250851972959936
3.525401008548215
3.525401008548215
3.5257168198004365
3.525401008548215
3.5257168198004365
3.526032631052658
3.525400985208762
3.524769386043772
3.525401008548215
3.525401008548215
3.526032631052658
3.525401008548215
3.524137763539329
3.525401008548215
3.524769386043772
3.5257167964609835
3.525401008548215
3.525401008548215
3.526664253557101
3.526664230217648
3.524769386043772
3.526664253557101
3.526032631052658
3.526032607713205
3.525401008548215
3.524769386043772
3.524769386043772
3.526032631052658
3.525401008548215
3.5250851972959936
3.526032631052658
3.5250851972959936
3.526032607713205
3.525401008548215
3.525401008548215
3.525401008548215
3.5257168198004365
3.5250851972959936
3.525401008548215
3.5257168198004365
3.526032607713205
3.5250851972959936
3.5257168198004365
3.525400985208762
3.5257168198004365
3.5250851972959936
3.5244535747915506
3.5257168198004365
3.526664253557101
3.5250851739565405
3.524137763539329
3.524769386043772
3.524769386043772
3.526664253557101
3.525400985208762
3.5250851972959936
3.525401008548215
3.525401008548215
3.5244535747915506
3.526032631052658
3.525401008548215
3.526032607713205
3.5257167964609835
3.5263483554026607
3.5257168198004365
3.5250851972959936
3.5257168198004365
3.525401008548215
3.5250851972959936
3.524769386043772
3.5250851972959936
3.5254009216459963
3.525401008548215
3.5263484189654264
3.5266641030921164
3.525401008548215
3.5257168198004365
3.5250851972959936
3.526032607713205
3.5244535747915506
3.5269800414698693
3.5263484423048794
3.525401008548215
3.525400985208762
3.525401008548215
3.5250851972959936
3.5257168198004365
3.526032631052658
3.525401008548215
3.5254009216459963
3.5244535747915506
3.5257168198004365
3.525401008548215
3.525401008548215
3.5250851972959936
3.524769386043772
3.5257168198004365
3.526032607713205
3.5257168198004365
3.5257168198004365
3.526032631052658
3.525401008548215
3.5257168198004365
3.526348291839895
3.5257168198004365
3.5257168198004365
3.5263483554026607
3.525401008548215
3.524769386043772
3.5257168198004365
3.5250851972959936
3.5257167964609835
3.5257168198004365
3.5257168198004365
3.5263484189654264
3.526664253557101
3.5250851739565405
3.5244535747915506
3.5244535747915506
3.526032607713205
3.526032631052658
3.5250851972959936
3.526664253557101
3.525401008548215
3.5257168198004365
3.525401008548215
3.525401008548215
3.5250851972959936
3.5257168198004365
3.525716669335452
3.5257168198004365
3.5257168198004365
3.526032631052658
3.5250851972959936
3.5250851739565405
3.526032607713205
3.525401008548215
3.5238219522871077
3.525401008548215
3.526032607713205
3.5250851972959936
3.525401008548215
3.5257167964609835
3.5250851972959936
3.5257168198004365
3.525401008548215
3.5250851972959936
3.5250851972959936
3.526979914344338
3.525401008548215
3.5254009216459963
3.5244535747915506
3.526664253557101
3.5244535747915506
3.526032631052658
3.526032607713205
3.524137763539329
3.524769386043772
3.525401008548215
3.525401008548215
3.526032631052658
3.524769362704319
3.525401008548215
3.525400985208762
3.525401008548215
3.5244535747915506
3.525401008548215
3.5250851972959936
3.526032631052658
3.5250851739565405
3.5257168198004365
3.5257167964609835
3.526032631052658
3.526032631052658
3.5250851739565405
3.524769386043772
3.526032631052658
3.5244535747915506
3.5257168198004365
3.5244535747915506
3.526032544150439
3.5257168198004365
3.524769386043772
3.5263484189654264
3.526032631052658
3.5257167964609835
3.5257168198004365
3.5257168198004365
3.5257167964609835
3.524769386043772
3.525401008548215
3.5244535747915506
3.5250851972959936
3.5250851972959936
3.5244535747915506
3.525401008548215
3.524769386043772
3.526032631052658
3.524769386043772
3.5250851972959936
3.5250851972959936
3.524769362704319
3.5257168198004365
3.525401008548215
3.5250851972959936
3.5257168198004365
3.5250851739565405
3.525400985208762
3.5263484423048794
3.524769386043772
3.5250851972959936
3.525401008548215
3.5257168198004365
3.5250851972959936
3.5254009216459963
3.525400985208762
3.525401008548215
3.524769386043772
3.5244535747915506
3.5257168198004365
3.5250851972959936
3.525400985208762
3.524769386043772
3.5250851972959936
3.526032631052658
3.5250851972959936
3.5250851739565405
3.5263484423048794
3.525400985208762
3.5263484189654264
3.5244535747915506
3.5244535747915506
3.5257168198004365
3.526032631052658
3.525400985208762
3.524137763539329
3.526032631052658
3.525401008548215
3.524137763539329
3.5257167964609835
3.5257167964609835
3.5250851972959936
3.5250851972959936
3.526664166654882
3.5257168198004365
3.524769362704319
3.525401008548215
3.5250851972959936
3.5238219522871077
3.5250851739565405
3.525401008548215
3.5250851739565405
3.525400985208762
3.526032631052658
3.525400985208762
3.524769386043772
3.525401008548215
3.524769386043772
3.524769386043772
3.526032631052658
3.5257167964609835
3.525401008548215
3.525401008548215
3.525401008548215
3.5250851972959936
3.5250851972959936
3.525401008548215
3.525401008548215
3.5254009216459963
3.5250851972959936
3.526032631052658
3.524769386043772
3.5244535747915506
3.525401008548215
3.526032607713205
3.525401008548215
3.5257168198004365
3.5257167964609835
3.5257168198004365
3.5257167964609835
3.525401008548215
3.5250851972959936
3.5250851972959936
3.524137763539329
3.5257168198004365
3.524769386043772
3.5244535747915506
3.525401008548215
3.5254009216459963
3.5257168198004365
3.5250851972959936
3.5250851972959936
3.526032631052658
3.5257168198004365
3.524769362704319
3.526032631052658
3.524769386043772
3.524769386043772
3.526032631052658
3.5250851972959936
3.5250851972959936
3.5263484423048794
3.5250851972959936
3.524769386043772
3.5250851972959936
3.524137763539329
3.5257168198004365
3.5250851972959936
3.525400985208762
3.526032631052658
3.524769386043772
3.525400985208762
3.5250851972959936
3.526032607713205
3.5257168198004365
3.526032631052658
3.524769386043772
3.5250851972959936
3.5263484423048794
3.524769386043772
3.5263484423048794
3.525400985208762
3.525400985208762
3.525401008548215
3.5250851739565405
3.5244535747915506
3.526032631052658
3.526032544150439
3.526032631052658
3.5257167964609835
3.5250851972959936
3.5263484423048794
3.525401008548215
3.5250851972959936
3.5257168198004365
3.525401008548215
3.5257168198004365
3.5250851972959936
3.5250851972959936
3.5250851972959936
3.5250851972959936
3.526032631052658
3.5257168198004365
3.5257168198004365
3.526664166654882
3.526032631052658
3.525401008548215
3.5250851972959936
3.525401008548215
3.525401008548215
3.5257168198004365
3.5257167964609835
3.5263484189654264
3.5250851972959936
3.524769386043772
3.5257168198004365
3.526032631052658
3.5257167328982177
3.525401008548215
3.5250851972959936
3.5250851972959936
3.5250851972959936
3.5250851739565405
3.5257168198004365
3.525401008548215
3.5254009216459963
3.526032631052658
3.5269799779071036
3.524769386043772
3.5263484423048794
3.524769386043772
3.5257168198004365
3.5244535747915506
3.5257168198004365
3.525401008548215
3.5257168198004365
3.5250851972959936
3.5263484423048794
3.5257168198004365
3.5257168198004365
3.525400985208762
3.5250851972959936
3.524769386043772
3.5266641030921164
3.525401008548215
3.5250851972959936
3.5257167964609835
3.526032607713205
3.524769386043772
3.5263483554026607
3.525401008548215
3.526032631052658
3.525401008548215
3.524769386043772
3.524769386043772
3.524769386043772
3.5250851739565405
3.525400985208762
3.525401008548215
3.525401008548215
3.524769386043772
3.526032631052658
3.524769386043772
3.526032607713205
3.524769386043772
3.5257168198004365
3.5269800648093224
3.524769386043772
3.526032631052658
3.526664230217648
3.524137763539329
3.526032631052658
3.524769386043772
3.526032607713205
3.524769386043772
3.5257167964609835
3.524769386043772
3.5250851972959936
3.5244535747915506
3.5244535747915506
3.5244535747915506
3.5244535747915506
3.5263484423048794
3.5250851972959936
3.5250851972959936
3.5250851972959936
3.525401008548215
3.5250851972959936
3.5257167328982177
3.5250851972959936
3.525401008548215
3.5250851972959936
3.5257168198004365
3.524769386043772
3.5257168198004365
3.5250851972959936
3.526032607713205
3.524769386043772
3.5257168198004365
3.526032607713205
3.526979914344338
3.5257168198004365
3.524137763539329
3.526032631052658
3.526032631052658
3.525401008548215
3.5263484423048794
3.5257168198004365
3.525401008548215
3.526032631052658
3.525401008548215
3.5257167964609835
3.5257168198004365
3.524769386043772
3.5257168198004365
3.5263484423048794
3.526032607713205
3.5257168198004365
3.525401008548215
3.5257168198004365
3.5257168198004365
3.5257168198004365
3.5250851972959936
3.5263484189654264
3.5257168198004365
3.5257168198004365
3.5257168198004365
3.5263484189654264
3.526664230217648
3.524137763539329
3.5257168198004365
3.5269800648093224
3.5250851739565405
3.524137763539329
3.5257168198004365
3.524769386043772
3.525401008548215
3.5257167964609835
3.526032631052658
3.5257168198004365
3.5250851972959936
3.5244535747915506
3.5263483554026607
3.525401008548215
3.5257168198004365
3.525401008548215
3.524769362704319
3.525401008548215
3.5257167964609835
3.5257168198004365
3.525401008548215
3.524769386043772
3.5257168198004365
3.5257167964609835
3.5244535747915506
3.5257168198004365
3.5257167964609835
3.524137763539329
3.5263484423048794
3.526032631052658
3.525401008548215
3.5257168198004365
3.5250851972959936
3.524769386043772
3.525401008548215
3.5250851972959936
3.525401008548215
3.5250851972959936
3.526032607713205
3.5250851972959936
3.525401008548215
3.5250851972959936
3.5250851972959936
3.525401008548215
3.5257168198004365
3.5250851972959936
3.525400985208762
3.5257168198004365
3.5250851972959936
3.5250851972959936
3.524769386043772
3.5250851972959936
3.5250851739565405
3.5250851972959936
3.525400985208762
3.5272957255965594
3.5257168198004365
3.524769386043772
3.526032631052658
3.5257167964609835
3.526032607713205
3.526032631052658
3.526032631052658
3.5244535747915506
3.525401008548215
3.526032631052658
3.524769386043772
3.5257168198004365
3.5257167964609835
3.5263484189654264
3.526032631052658
3.525401008548215
3.524769386043772
3.526032607713205
3.524769362704319
3.524769386043772
3.525401008548215
3.5254009216459963
3.525401008548215
3.525401008548215
3.5257168198004365
3.526032631052658
3.526664166654882
3.5250851972959936
3.5257168198004365
3.5254009216459963
3.525401008548215
3.5250851972959936
3.5250851972959936
3.525401008548215
3.524769386043772
3.525401008548215
3.5257168198004365
3.5244535747915506
3.5250851972959936
3.525401008548215
3.5250851972959936
3.5244535747915506
3.526032607713205
3.5250851972959936
3.5263484423048794
3.5257168198004365
3.5250851972959936
3.5257168198004365
3.526032607713205
3.524769386043772
3.5250851972959936
3.5250851739565405
3.5263484423048794
3.5250851972959936
3.5250851972959936
3.5269800648093224
3.5263484189654264
3.525400985208762
3.525401008548215
3.5250851739565405
3.5257168198004365
3.5257168198004365
3.524769362704319
3.5244535747915506
3.526032544150439
3.525401008548215
3.525401008548215
3.526032631052658
3.5257168198004365
3.5257168198004365
3.5257168198004365
3.5257168198004365
3.5250851972959936
3.5250851972959936
3.5263484423048794
3.5257168198004365
3.526032631052658
3.5263484423048794
3.5254009216459963
3.525400985208762
3.526664253557101
3.526032607713205
3.524769386043772
3.5257168198004365
3.5257167964609835
3.525401008548215
3.5250851972959936
3.5250851972959936
3.5244535747915506
3.524769386043772
3.524769386043772
3.5263484189654264
3.5257167328982177
3.5250851972959936
3.5250851739565405
3.525401008548215
3.526032631052658
3.524769386043772
3.526664253557101
3.526032631052658
3.5250851972959936
3.526032631052658
3.5257167964609835
3.5263484189654264
3.5257168198004365
3.5244535747915506
3.5244535747915506
3.526032607713205
3.5250851972959936
3.525401008548215
3.525401008548215
3.5250851972959936
3.5257168198004365
3.5257168198004365
3.5244535747915506
3.5260324805876735
3.5257168198004365
3.5263484423048794
3.5238219522871077
3.524769386043772
3.5257168198004365
3.5250851972959936
3.526664166654882
3.5244535747915506
3.5250851972959936
3.525401008548215
3.525400985208762
3.525401008548215
3.525400985208762
3.5244535747915506
3.5257168198004365
3.5263483554026607
3.526032631052658
3.526032631052658
3.5257167328982177
3.526032631052658
3.5263484189654264
3.5257168198004365
3.524137763539329
3.5250851972959936
3.5250851972959936
3.5250851972959936
3.5257167964609835
3.525401008548215
3.5257167328982177
3.524769386043772
3.5250851972959936
3.524769386043772
3.526032631052658
3.5257168198004365
3.5250851739565405
3.526032631052658
3.5244535747915506
3.526032631052658
3.5257168198004365
3.525400985208762
3.525401008548215
3.5263484423048794
3.525401008548215
3.5257168198004365
3.5257167964609835
3.5257167964609835
3.5257168198004365
3.524769386043772
3.5257167964609835
3.525401008548215
3.5250851739565405
3.5250851972959936
3.5257168198004365
3.5250851972959936
3.5250851972959936
3.526032631052658
3.5250851739565405
3.5263484423048794
3.526032544150439
3.524769386043772
3.525401008548215
3.524769386043772
3.5263484189654264
3.524137763539329
3.5257167964609835
3.525401008548215
3.526032544150439
3.5257168198004365
3.5257168198004365
3.5250851972959936
3.5263484423048794
3.5257167964609835
3.526032631052658
3.5250851972959936
3.525400985208762
3.524769386043772
3.5263484189654264
3.5244535747915506
3.5257168198004365
3.524769386043772
3.526032607713205
3.525401008548215
3.5250851739565405
3.525401008548215
3.5257168198004365
3.525400985208762
3.5250851972959936
3.5257168198004365
3.5257167964609835
3.5235061410348862
3.524769386043772
3.524769386043772
3.524769386043772
3.525401008548215
3.5250851972959936
3.5257168198004365
3.5257167964609835
3.5257168198004365
3.5250851972959936
3.525401008548215
3.526032631052658
3.5250851972959936
3.5250851972959936
3.5257168198004365
3.525401008548215
3.525401008548215
3.5244535747915506
3.5257168198004365
3.5250851739565405
3.525401008548215
3.5257167964609835
3.5244535747915506
3.524769386043772
3.5263484189654264
3.525401008548215
3.526664253557101
3.525400985208762
3.5250851972959936
3.5250851972959936
3.524769386043772
3.5257168198004365
3.5263484189654264
3.5250851972959936
3.525401008548215
3.526032544150439
3.526032607713205
3.525401008548215
3.5250851972959936
3.525401008548215
3.526032631052658
3.5257168198004365
3.525401008548215
3.5257168198004365
3.5244535747915506
3.5263484423048794
3.5250851972959936
3.5257168198004365
3.525401008548215
3.525401008548215
3.5263484189654264
3.5250851972959936
3.5254009216459963
3.525401008548215
3.524769386043772
3.526032631052658
3.5250851972959936
3.525400985208762
3.5250851972959936
3.5257168198004365
3.5250851972959936
3.5244535747915506
3.524137763539329
3.5250851972959936
3.524769386043772
3.5244535747915506
3.5250851972959936
3.5250851972959936
3.5257168198004365
3.5250851972959936
3.5257168198004365
3.5257167964609835
3.5250851972959936
3.526032631052658
3.5257168198004365
3.5250851739565405
3.524769386043772
3.5263484189654264
3.5250851972959936
3.526032631052658
3.526032607713205
3.5244535747915506
3.525401008548215
3.5257168198004365
3.525401008548215
3.5263484423048794
3.5250851972959936
3.526032631052658
3.5250851739565405
3.5244535747915506
3.5244535747915506
3.5250851972959936
3.5257168198004365
3.5250851972959936
3.524769386043772
3.5250851972959936
3.5257168198004365
3.524769386043772
3.5257168198004365
3.5244535747915506
3.5257168198004365
3.5244535747915506
3.5254008580832306
3.525401008548215
3.526032544150439
3.5263484189654264
3.5257168198004365
3.5257167964609835
3.5257168198004365
3.5257168198004365
3.5250851972959936
3.525400985208762
3.5257167964609835
3.524769386043772
3.5257168198004365
3.5257167964609835
3.5257168198004365
3.525401008548215
3.524137763539329
3.524769386043772
3.525401008548215
3.5244535747915506
3.5257168198004365
3.5263484189654264
3.524769386043772
3.526032631052658
3.5244535747915506
3.5266641030921164
3.525401008548215
3.5250851972959936
3.5257167964609835
3.526032544150439
3.5244535747915506
3.524769386043772
3.5257168198004365
3.5244535747915506
3.5250851972959936
3.5250851972959936
3.526032631052658
3.5250851972959936
3.526032631052658
3.525401008548215
3.526032607713205
3.5257168198004365
3.5257168198004365
3.5257167964609835
3.5244535747915506
3.524769386043772
3.5257167964609835
3.5257168198004365
3.525401008548215
3.5250851972959936
3.525401008548215
3.5257168198004365
3.525401008548215
3.524769386043772
3.5250851972959936
3.5257168198004365
3.525401008548215
3.524769386043772
3.5250851972959936
3.524769362704319
3.5257168198004365
3.524137763539329
3.5250851739565405
3.5257168198004365
3.5250851739565405
3.524769386043772
3.526664166654882
3.5257168198004365
3.5263484423048794
3.5263484189654264
3.524769386043772
3.525401008548215
3.5257167964609835
3.525401008548215
3.5263484189654264
3.5238219522871077
3.524769386043772
3.5250851972959936
3.5250851972959936
3.5257168198004365
3.5250851972959936
3.5257168198004365
3.526032631052658
3.5250851972959936
3.525401008548215
3.5250851739565405
3.524769386043772
3.525401008548215
3.524769386043772
3.525401008548215
3.5257168198004365
3.5257168198004365
3.525401008548215
3.5250851972959936
3.5257168198004365
3.526032631052658
3.5244535514520976
3.5250851972959936
3.5263484423048794
3.5257167964609835
3.5257168198004365
3.525400985208762
3.5254009216459963
3.525401008548215
3.525085110393775
3.5250851972959936
3.5244535747915506
3.5257168198004365
3.5250851972959936
3.524769386043772
3.5250851739565405
3.5257168198004365
3.5250851739565405
3.5263483554026607
3.5250851972959936
3.524769386043772
3.525401008548215
3.5257168198004365
3.525401008548215
3.5263484423048794
3.526664253557101
3.525400985208762
3.5257168198004365
3.5254009216459963
3.525401008548215
3.5250851972959936
3.5257167964609835
3.524769386043772
3.525401008548215
3.5257167964609835
3.5257168198004365
3.526032607713205
3.526032607713205
3.5257168198004365
3.5250851972959936
3.525401008548215
3.525401008548215
3.5257167328982177
3.524137763539329
3.5250851739565405
3.5244535747915506
3.524137763539329
3.524769386043772
3.5250851972959936
3.526032631052658
3.5250851739565405
3.5263484189654264
3.5263484423048794
3.524769362704319
3.524769386043772
3.5263484189654264
3.5250851972959936
3.526032631052658
3.526664166654882
3.524137763539329
3.5250851972959936
3.5257168198004365
3.524769386043772
3.5250851972959936
3.5250851972959936
3.524769386043772
3.5257168198004365
3.5250851739565405
3.526032607713205
3.525400985208762
3.525400985208762
3.524769386043772
3.526032607713205
3.5250851972959936
3.525401008548215
3.525401008548215
3.524769386043772
3.5257168198004365
3.525400985208762
3.5250851972959936
3.524769386043772
3.526032607713205
3.5263484423048794
3.525401008548215
3.524769362704319
3.5263484189654264
3.524769386043772
3.5250851739565405
3.5257168198004365
3.525400985208762
3.524769362704319
3.524769386043772
3.5257168198004365
3.524769386043772
3.526032631052658
3.5257168198004365
3.5257168198004365
3.525401008548215
3.5263482282771292
3.524137763539329
3.5257168198004365
3.5250851972959936
3.525401008548215
3.5263484423048794
3.5250851972959936
3.526032631052658
3.524769386043772
3.525400985208762
3.524769386043772
3.5250851972959936
3.5260324805876735
3.526032631052658
3.5250851972959936
3.525400985208762
3.525401008548215
3.525401008548215
3.5257167964609835
3.525401008548215
3.5257167964609835
3.5250851972959936
3.526032607713205
3.5250851972959936
3.525401008548215
3.5263484423048794
3.526664166654882
3.5257167964609835
3.526032631052658
3.525401008548215
3.5244535747915506
3.526664253557101
3.5254009216459963
3.5244535747915506
3.5250851972959936
3.525401008548215
3.5257168198004365
3.5263484423048794
3.526032607713205
3.5257168198004365
3.5250851739565405
3.5244535747915506
3.5257168198004365
3.525401008548215
3.5269800414698693
3.5263484423048794
3.524769386043772
3.5250851972959936
3.5257168198004365
3.525401008548215
3.5257168198004365
3.525401008548215
3.524137763539329
3.5263484423048794
3.5266641030921164
3.525085110393775
3.525401008548215
3.525401008548215
3.525400985208762
3.5257168198004365
3.5250851972959936
3.526032631052658
3.5250851972959936
3.5250851972959936
3.526032631052658
3.5257167328982177
3.524769386043772
3.524769386043772
3.5260324805876735
3.526032631052658
3.5257168198004365
3.524769386043772
3.5257168198004365
3.524769386043772
3.5250851972959936
3.5250851972959936
3.5244535747915506
3.526032631052658
3.525401008548215
3.5244535747915506
3.5257168198004365
3.525716669335452
3.5257168198004365
3.525401008548215
3.524769386043772
3.5250851972959936
3.5257168198004365
3.5250851972959936
3.524769386043772
3.5257167964609835
3.524769386043772
3.5257168198004365
3.524769362704319
3.525401008548215
3.525401008548215
3.5257167964609835
3.526032631052658
3.524769386043772
3.525401008548215
3.5250851972959936
3.5250851972959936
3.525401008548215
3.527295852722091
3.5244535747915506
3.525401008548215
3.5250851972959936
3.5238219522871077
3.524769386043772
3.526664230217648
3.524769386043772
3.526032631052658
3.525716669335452
3.5257168198004365
3.524769386043772
3.526664166654882
3.5257168198004365
3.5250851972959936
3.5250851972959936
3.5250851972959936
3.5263483554026607
3.5257168198004365
3.526032607713205
3.5250851972959936
3.5250851739565405
3.526348291839895
3.525401008548215
3.5250851972959936
3.524137763539329
3.5257168198004365
3.525401008548215
3.5257168198004365
3.5250851972959936
3.5257168198004365
3.5250851972959936
3.525401008548215
3.5244535747915506
3.5250851972959936
3.5257167964609835
3.5257168198004365
3.526032631052658
3.5254009216459963
3.524769386043772
3.526032631052658
3.5257167964609835
3.5257168198004365
3.5263484189654264
3.5257167964609835
3.5257168198004365
3.5244535747915506
3.5257168198004365
3.524769386043772
3.5257167964609835
3.5250851972959936
3.5250851972959936
3.524769386043772
3.525401008548215
3.5250851972959936
3.525401008548215
3.526032631052658
3.5250851739565405
3.5257168198004365
3.5250851972959936
3.5257168198004365
3.5250851972959936
3.5257168198004365
3.5257168198004365
3.5250851972959936
3.5244535747915506
3.525401008548215
3.5250851972959936
3.5263484423048794
3.524137763539329
3.524769386043772
3.5244535747915506
3.525401008548215
3.5250851972959936
3.524137763539329
3.5250851972959936
3.525401008548215
3.524769386043772
3.5250851972959936
3.5250851739565405
3.525401008548215
3.5250851972959936
3.525085110393775
3.526032631052658
3.525401008548215
3.5250851972959936
3.5250851972959936
3.5257168198004365
3.524769386043772
3.524137763539329
3.526032544150439
3.526032631052658
3.5244535747915506
3.524769386043772
3.5238219522871077
3.5250851972959936
3.526664230217648
3.5250851972959936
3.525400985208762
3.524769386043772
3.5269799779071036
3.525400985208762
3.526664253557101
3.5244535747915506
3.524769386043772
3.526664253557101
3.525401008548215
3.5257168198004365
3.525401008548215
3.5250851972959936
3.5244535747915506
3.5257167328982177
3.525401008548215
3.5250851972959936
3.5250851972959936
3.5250851972959936
3.525401008548215
3.5250851972959936
3.5250851972959936
3.525401008548215
3.525400985208762
3.5250851972959936
3.524769386043772
3.5257168198004365
3.5244535747915506
3.5244535747915506
3.525401008548215
3.526664253557101
3.525401008548215
3.524769386043772
3.5250851972959936
3.524769386043772
3.5250851972959936
3.524769386043772
3.5263484189654264
3.525401008548215
3.525401008548215
3.5250851972959936
3.5250851972959936
3.5257168198004365
3.5257167328982177
3.525400985208762
3.524769386043772
3.5250851972959936
3.525401008548215
3.524769362704319
3.524137763539329
3.526032631052658
3.526032631052658
3.5254009216459963
3.5263484189654264
3.5250851972959936
3.526032607713205
3.526032631052658
3.526032631052658
3.524769386043772
3.5263484423048794
3.5257167328982177
3.524769386043772
3.5250851972959936
3.5263484189654264
3.525401008548215
3.5250851972959936
3.5257167964609835
3.5250851972959936
3.526032631052658
3.5257167328982177
3.5250851972959936
3.525401008548215
3.5250851972959936
3.5257168198004365
3.525400985208762
3.524769386043772
3.5244535747915506
3.526032607713205
3.5250851739565405
3.526032631052658
3.5257167964609835
3.5250851972959936
3.525401008548215
3.5257168198004365
3.5257167964609835
3.526032631052658
3.5266641030921164
3.5250851972959936
3.526032631052658
3.525401008548215
3.526664166654882
3.5244535747915506
3.525401008548215
3.5263484189654264
3.5250851972959936
3.5257167328982177
3.526032631052658
3.524769362704319
3.526032607713205
3.5257168198004365
3.526032544150439
3.5263484423048794
3.526664253557101
3.525401008548215
3.5244535747915506
3.526032631052658
3.526032544150439
3.526032631052658
3.5250851972959936
3.524769386043772
3.524769386043772
3.5257168198004365
3.5244535514520976
3.525401008548215
3.5250851972959936
3.5250851972959936
3.5250851972959936
3.5250851972959936
3.524137763539329
3.5250851972959936
3.525401008548215
3.526032631052658
3.5263484189654264
3.524769386043772
3.525401008548215
3.525400985208762
3.524137763539329
3.525401008548215
3.524137763539329
3.526032631052658
3.526032607713205
3.526032544150439
3.525401008548215
3.5263484189654264
3.526032631052658
3.525401008548215
3.524769386043772
3.526032631052658
3.524137763539329
3.5263484189654264
3.525401008548215
3.525400985208762
3.5250851972959936
3.5257168198004365
3.5257167964609835
3.524137763539329
3.5250851972959936
3.5250851972959936
3.5263484189654264
3.525401008548215
3.5244535747915506
3.525401008548215
3.5244535747915506
3.5263484423048794
3.5244535747915506
3.5250851972959936
3.5257168198004365
3.5244535747915506
3.524769386043772
3.5250851972959936
3.524137763539329
3.5263484423048794
3.5250851972959936
3.5257168198004365
3.525401008548215
3.526664230217648
3.525401008548215
3.5257168198004365
3.5257167964609835
3.5250851972959936
3.5250851972959936
3.525400985208762
3.524769386043772
3.5254009216459963
3.5257168198004365
3.524769386043772
3.5250851972959936
3.525401008548215
3.5250851972959936
3.5250851972959936
3.525401008548215
3.5244535747915506
3.5250851972959936
3.526032544150439
3.5254009216459963
3.5257168198004365
3.5250851972959936
3.526032631052658
3.5257167964609835
3.526032607713205
3.525401008548215
3.524137763539329
3.526032631052658
3.526032631052658
3.524769386043772
3.525401008548215
3.526664230217648
3.526032607713205
3.526032631052658
3.5250851739565405
3.5250851972959936
3.524137763539329
3.525400985208762
3.5250851972959936
3.524769386043772
3.5269800414698693
3.5257168198004365
3.5254009216459963
3.5263484423048794
3.524769386043772
3.5263484189654264
3.525401008548215
3.525400985208762
3.5244535747915506
3.524137763539329
3.5250851972959936
3.5250851972959936
3.526032631052658
3.5250851739565405
3.5257168198004365
3.5250851972959936
3.5250851972959936
3.5250851972959936
3.524769386043772
3.5257168198004365
3.5244535747915506
3.5244535747915506
3.525401008548215
3.526032631052658
3.5257168198004365
3.525401008548215
3.525401008548215
3.524769386043772
3.525401008548215
3.526348291839895
3.5257167964609835
3.525401008548215
3.5250851972959936
3.524769386043772
3.524137763539329
3.5238219522871077
3.5250851972959936
3.5250851739565405
3.524769386043772
3.5263484189654264
3.5263484189654264
3.5250851972959936
3.525401008548215
3.525400985208762
3.525401008548215
3.5263483554026607
3.5257168198004365
3.524769386043772
3.5238219522871077
3.525401008548215
3.5250851972959936
3.5250851739565405
3.5257168198004365
3.526032607713205
3.5263484189654264
3.525401008548215
3.524137763539329
3.5257168198004365
3.525401008548215
3.525401008548215
3.5263484189654264
3.525401008548215
3.524769386043772
3.5244535747915506
3.5250851972959936
3.525401008548215
3.526032631052658
3.5244535747915506
3.525401008548215
3.5263484423048794
3.524769362704319
3.525401008548215
3.5257168198004365
3.524769386043772
3.5244535747915506
3.525401008548215
3.525400985208762
3.524769386043772
3.5254009216459963
3.524769386043772
3.525401008548215
3.5238219522871077
3.5257168198004365
3.5263484423048794
3.5244535747915506
3.5250851739565405
3.525401008548215
3.5250851972959936
3.5257168198004365
3.5250851972959936
3.5244535747915506
3.525401008548215
3.5250851972959936
3.526032544150439
3.5263484423048794
3.5257168198004365
3.5250851972959936
3.5257168198004365
3.524137763539329
3.525401008548215
3.526032631052658
3.5250851972959936
3.526664253557101
3.5244535747915506
3.525401008548215
3.525401008548215
3.525401008548215
3.525400985208762
3.525401008548215
3.524769386043772
3.524769362704319
3.526032631052658
3.5266641030921164
3.525401008548215
3.5250851972959936
3.525085110393775
3.525401008548215
3.5257168198004365
3.5250851739565405
3.525401008548215
3.525401008548215
3.524769386043772
3.524769386043772
3.524137763539329
3.524137763539329
3.525401008548215
3.525401008548215
3.524769386043772
3.5257168198004365
3.524769386043772
3.5263484189654264
3.5250851972959936
3.526032544150439
3.5250851972959936
3.5250851972959936
3.525400985208762
3.524769386043772
3.526032544150439
3.524769386043772
3.526032631052658
3.524769386043772
3.5250851972959936
3.5250851972959936
3.526032544150439
3.525401008548215
3.5263484423048794
3.5250851972959936
3.524769386043772
3.5263483554026607
3.526032544150439
3.524769386043772
3.5250851972959936
3.5244535747915506
3.525401008548215
3.525401008548215
3.525401008548215
3.5257168198004365
3.526032544150439
3.525401008548215
3.5250851972959936
3.524769362704319
3.526664253557101
3.5257167964609835
3.524137763539329
3.5257168198004365
3.526032607713205
3.526032631052658
3.526032631052658
3.525401008548215
3.5257168198004365
3.525400985208762
3.525401008548215
3.525401008548215
3.524137763539329
3.525401008548215
3.5250851972959936
3.525400985208762
3.525401008548215
3.526032631052658
3.5244535747915506
3.524769386043772
3.5257168198004365
3.5257168198004365
3.525401008548215
3.5250851739565405
3.524769386043772
3.525401008548215
3.5250851972959936
3.525401008548215
3.5250851972959936
3.524137763539329
3.5257168198004365
3.526032607713205
3.524137763539329
3.526032607713205
3.5250851972959936
3.525401008548215
3.525401008548215
3.524137740199876
3.526664230217648
3.526032607713205
3.525400985208762
3.5250851972959936
3.525401008548215
3.5257168198004365
3.524769386043772
3.525400985208762
3.5250851972959936
3.526032631052658
3.5257167964609835
3.525401008548215
3.5250851972959936
3.524769386043772
3.526032631052658
3.5250851739565405
3.526032631052658
3.5250851972959936
3.5250851739565405
3.5250851972959936
3.524769386043772
3.525401008548215
3.5250851972959936
3.525401008548215
3.5257168198004365
3.526032631052658
3.526348291839895
3.5263484423048794
3.5244535747915506
3.5263484189654264
3.526032631052658
3.525400985208762
3.5257168198004365
3.5257168198004365
3.524769362704319
3.5257168198004365
3.524769386043772
3.526032631052658
3.5250851972959936
3.524769386043772
3.524769386043772
3.526032607713205
3.524453487889332
3.5263484423048794
3.525401008548215
3.5250851972959936
3.526032607713205
3.5257168198004365
3.524769386043772
3.5257168198004365
3.5250851972959936
3.526664253557101
3.5257167964609835
3.525401008548215
3.526032631052658
3.5257168198004365
3.5257167964609835
3.525401008548215
3.5254009216459963
3.5244535747915506
3.524769386043772
3.524769386043772
3.525401008548215
3.5263484189654264
3.524769386043772
3.5257168198004365
3.5244535514520976
3.5250851972959936
3.526032631052658
3.525400985208762
3.524769386043772
3.5257167964609835
3.525400985208762
3.526664253557101
3.5263483554026607
3.5250851972959936
3.5250851972959936
3.5257168198004365
3.524769386043772
3.524769386043772
3.5244535747915506
3.5257168198004365
3.525401008548215
3.5244535514520976
3.526664253557101
3.5250851972959936
3.5257167964609835
3.5244535747915506
3.525401008548215
3.525401008548215
3.5263484189654264
3.524769362704319
3.525401008548215
3.5250851972959936
3.526032631052658
3.526032631052658
3.5244535747915506
3.5250851972959936
3.525401008548215
3.524769362704319
3.5257168198004365
3.5250851972959936
3.5257168198004365
3.5257168198004365
3.524769386043772
3.5250851972959936
3.526032631052658
3.524769386043772
3.5250851972959936
3.525401008548215
3.525401008548215
3.526032631052658
3.525400985208762
3.5257167964609835
3.5257168198004365
3.5250851739565405
3.5250851972959936
3.525401008548215
3.524769386043772
3.5257168198004365
3.5263484423048794
3.5244535747915506
3.5257168198004365
3.5250851972959936
3.5244535747915506
3.5257168198004365
3.526032607713205
3.5250851972959936
3.525401008548215
3.5244535747915506
3.5257168198004365
3.5250851972959936
3.524137763539329
3.5257168198004365
3.524769386043772
3.525401008548215
3.525401008548215
3.525400985208762
3.524137763539329
3.526664253557101
3.5257168198004365
3.5244535747915506
3.525401008548215
3.525401008548215
3.524769386043772
3.5257168198004365
3.525401008548215
3.5263484189654264
3.525401008548215
3.5250851739565405
3.525401008548215
3.526348291839895
3.526032607713205
3.5244535747915506
3.524769386043772
3.526032631052658
3.5250851972959936
3.525401008548215
3.525401008548215
3.525401008548215
3.5250851972959936
3.525401008548215
3.5263483554026607
3.5250851972959936
3.524769386043772
3.524769386043772
3.526032631052658
3.5257167964609835
3.525401008548215
3.5263484423048794
3.5254009216459963
3.524769386043772
3.525401008548215
3.5244535747915506
3.5244535747915506
3.5250851972959936
3.5244535747915506
3.5244535747915506
3.524769386043772
3.5244535747915506
3.5250851972959936
3.525401008548215
3.525400985208762
3.525401008548215
3.524769386043772
3.524769386043772
3.526032631052658
3.5263484189654264
3.525400985208762
3.5263484423048794
3.5257168198004365
3.5250851972959936
3.5244535747915506
3.5257168198004365
3.5257168198004365
3.524769386043772
3.525400985208762
3.5250851739565405
3.5257168198004365
3.5250851739565405
3.5257168198004365
3.525401008548215
3.5257167328982177
3.525401008548215
3.524769386043772
3.525401008548215
3.525401008548215
3.526032631052658
3.524137740199876
3.526032631052658
3.5257167964609835
3.526032607713205
3.525401008548215
3.525401008548215
3.525400985208762
3.525401008548215
3.5250851739565405
3.5257167964609835
3.525401008548215
3.5238219522871077
3.525401008548215
3.525401008548215
3.526032544150439
3.5263484423048794
3.526032631052658
3.524769386043772
3.525401008548215
3.5250851972959936
3.525400985208762
3.526032631052658
3.5244535747915506
3.5257167964609835
3.527295852722091
3.5244535747915506
3.526664230217648
3.526032607713205
3.5250851972959936
3.525401008548215
3.5250851739565405
3.524769386043772
3.526664230217648
3.5244535747915506
3.5250851972959936
3.524769362704319
3.524769386043772
3.5257168198004365
3.5257167964609835
3.5250851972959936
3.526032631052658
3.5244535514520976
3.525401008548215
3.525401008548215
3.525401008548215
3.524769386043772
3.5257168198004365
3.5250851972959936
3.5250851972959936
3.5250851972959936
3.5263484423048794
3.524769386043772
3.5250851972959936
3.5257167964609835
3.5250851972959936
3.5257168198004365
3.525401008548215
3.5244535747915506
3.5244535747915506
3.526032631052658
3.525401008548215
3.5263484189654264
3.524769386043772
3.5257168198004365
3.525401008548215
3.526032607713205
3.5244535747915506
3.5250851739565405
3.525401008548215
3.525401008548215
3.5244535747915506
3.525401008548215
3.526032631052658
3.525400985208762
3.526032631052658
3.5257168198004365
3.5257168198004365
3.525401008548215
3.5238219522871077
3.526032607713205
3.526032631052658
3.5250851739565405
3.525401008548215
3.525400985208762
3.525401008548215
3.5263484423048794
3.5250851972959936
3.526032631052658
3.525401008548215
3.526348291839895
3.5263484423048794
3.5244535747915506
3.5250851972959936
3.5244535747915506
3.5247692991415533
3.5257168198004365
3.5244535747915506
3.525401008548215
3.526032631052658
3.5269799779071036
3.524769386043772
3.526032607713205
3.524137763539329
3.524769386043772
3.5263484189654264
3.526032631052658
3.526032607713205
3.526664253557101
3.5254009216459963
3.5244535747915506
3.5257168198004365
3.5250851739565405
3.525401008548215
3.525400985208762
3.526032544150439
3.5250851972959936
3.5244535747915506
3.525401008548215
3.5257168198004365
3.525400985208762
3.5263484189654264
3.5263484423048794
3.5244535747915506
3.524769386043772
3.525401008548215
3.5257168198004365
3.5257168198004365
3.5263484189654264
3.5244535747915506
3.526032631052658
3.525401008548215
3.524769386043772
3.5250851972959936
3.526032631052658
3.526032631052658
3.5257167964609835
3.5250851972959936
3.5250851972959936
3.524769386043772
3.5250851972959936
3.5250851972959936
3.5250851972959936
3.525401008548215
3.5257167964609835
3.5250851972959936
3.5263484423048794
3.524769386043772
3.525401008548215
3.5250851972959936
3.5238219522871077
3.5250851972959936
3.5257168198004365
3.526032631052658
3.5257168198004365
3.526664230217648
3.524137763539329
3.5257168198004365
3.5257167964609835
3.524769386043772
3.524769386043772
3.525401008548215
3.5257167964609835
3.525401008548215
3.5250851739565405
3.5250851972959936
3.525400985208762
3.524137763539329
3.526032631052658
3.5257168198004365
3.5244535747915506
3.525401008548215
3.5250851739565405
3.524769386043772
3.526664230217648
3.524769386043772
3.525401008548215
3.524769386043772
3.525401008548215
3.525400985208762
3.525401008548215
3.524769386043772
3.525401008548215
3.5244535747915506
3.525401008548215
3.5257168198004365
3.524769386043772
3.525401008548215
3.5257168198004365
3.525401008548215
3.5257168198004365
3.5257168198004365
3.526032607713205
3.5263484189654264
3.525401008548215
3.524137763539329
3.526032631052658
3.526032631052658
3.524769386043772
3.5250851972959936
3.5244535747915506
3.5257168198004365
3.526664166654882
3.525401008548215
3.5257168198004365
3.524769386043772
3.5250851739565405
3.525401008548215
3.5250851972959936
3.5244535747915506
3.524769386043772
3.5263484423048794
3.524769386043772
3.526032631052658
3.525400985208762
3.5257168198004365
3.5250851972959936
3.524137763539329
3.525401008548215
3.526032607713205
3.5250851739565405
3.5257168198004365
3.525401008548215
3.526032607713205
3.526032631052658
3.525401008548215
3.525401008548215
3.5257168198004365
3.524769386043772
3.524137763539329
3.5244535747915506
3.526348291839895
3.524769386043772
3.5238219522871077
3.525400985208762
3.526032631052658
3.5250851972959936
3.5250851739565405
3.5263484423048794
3.525400985208762
3.525401008548215
3.526032631052658
3.524769386043772
3.525401008548215
3.5250851972959936
3.525401008548215
3.5250851972959936
3.5250851972959936
3.5250851972959936
3.526032631052658
3.5254009216459963
3.5263484189654264
3.5257168198004365
3.5250851972959936
3.525400985208762
3.5257168198004365
3.5250851972959936
3.525401008548215
3.5257168198004365
3.526032631052658
3.5250851972959936
3.5257168198004365
3.5244535747915506
3.5257168198004365
3.524769386043772
3.524769386043772
3.5250851972959936
3.526032607713205
3.5250851739565405
3.5263484189654264
3.5250851972959936
3.526664253557101
3.5257167964609835
3.526032631052658
3.5257168198004365
3.526032607713205
3.5250851972959936
3.5250851739565405
3.524769386043772
3.5238219522871077
3.524769386043772
3.524137763539329
3.5250851972959936
3.524769386043772
3.5244535747915506
3.525401008548215
3.5257167964609835
3.5257168198004365
3.525400985208762
3.5250851972959936
3.5244535747915506
3.5263484189654264
3.5257168198004365
3.5250851972959936
3.5244535747915506
3.526032631052658
3.5238219522871077
3.5250851972959936
3.525401008548215
3.524769362704319
3.5257168198004365
3.524769386043772
3.524769386043772
3.524769386043772
3.5250851739565405
3.5250851972959936
3.5250851972959936
3.5257168198004365
3.525401008548215
3.525401008548215
3.525401008548215
3.5263484423048794
3.5263484189654264
3.525085110393775
3.5257168198004365
3.5244535747915506
3.524769386043772
3.5244535747915506
3.525716669335452
3.526032631052658
3.525401008548215
3.5244535747915506
3.525401008548215
3.524769386043772
3.5257168198004365
3.524769386043772
3.5244535747915506
3.526032607713205
3.5244535747915506
3.5257168198004365
3.5257168198004365
3.525401008548215
3.5257168198004365
3.524769386043772
3.5257167964609835
3.525401008548215
3.526032544150439
3.5244535747915506
3.5250851972959936
3.5250851972959936
3.5250851972959936
3.524137763539329
3.525401008548215
3.5263484423048794
3.5257167964609835
3.524769386043772
3.526032607713205
3.5250851739565405
3.525401008548215
3.525401008548215
3.525400985208762
3.5257168198004365
3.525401008548215
3.5250851972959936
3.5257168198004365
3.526032607713205
3.525401008548215
3.5244535747915506
3.5244535747915506
3.5238219522871077
3.5263484189654264
3.525400985208762
3.5250851972959936
3.525401008548215
3.525401008548215
3.5244535747915506
3.5244535747915506
3.526032631052658
3.5263484423048794
3.525401008548215
3.5250851972959936
3.524769386043772
3.5250851972959936
3.5257168198004365
3.524769362704319
3.5257168198004365
3.525401008548215
3.525401008548215
3.5250851972959936
3.5250851972959936
3.5244535747915506
3.5263484423048794
3.525400985208762
3.525401008548215
3.5250851972959936
3.5257167964609835
3.525401008548215
3.526032631052658
3.5257168198004365
3.5257168198004365
3.526032607713205
3.5250851972959936
3.524769386043772
3.524769386043772
3.525401008548215
3.5250851972959936
3.5257168198004365
3.526032631052658
3.524769386043772
3.525401008548215
3.5257168198004365
3.5244535747915506
3.5250851972959936
3.5257167964609835
3.525401008548215
3.5263484423048794
3.525401008548215
3.525401008548215
3.5269800648093224
3.526032607713205
3.5250851972959936
3.526032631052658
3.526032607713205
3.5257168198004365
3.524769386043772
3.525400985208762
3.525401008548215
3.5257167964609835
3.526348291839895
3.5250851972959936
3.526032631052658
3.5257168198004365
3.5250851972959936
3.5250851739565405
3.524137763539329
3.5257167964609835
3.5257168198004365
3.5250851972959936
3.525401008548215
3.524769386043772
3.5257168198004365
3.524137740199876
3.525401008548215
3.5250851972959936
3.5250851739565405
3.5250851972959936
3.526032631052658
3.525401008548215
3.524769386043772
3.524769386043772
3.5250851972959936
3.5250851972959936
3.5244535747915506
3.5244535747915506
3.5250851972959936
3.5250851739565405
3.5250851972959936
3.5257168198004365
3.524769386043772
3.5250851972959936
3.525401008548215
3.5250851972959936
3.526032631052658
3.5250851739565405
3.5250851972959936
3.5244535747915506
3.524769386043772
3.5257168198004365
3.526032631052658
3.5238219522871077
3.5257168198004365
3.525401008548215
3.5238219522871077
3.524769386043772
3.526664166654882
3.5250851972959936
3.5250851972959936
3.525400985208762
3.5257168198004365
3.524769386043772
3.5257167964609835
3.525401008548215
3.524769386043772
3.5244535747915506
3.5250851972959936
3.525401008548215
3.5257167964609835
3.524769386043772
3.525400985208762
3.5244535747915506
3.5250851972959936
3.526664166654882
3.5244535747915506
3.525401008548215
3.524769386043772
3.526032631052658
3.5257168198004365
3.5257168198004365
3.5250851972959936
3.5257168198004365
3.5250851972959936
3.526032631052658
3.525401008548215
3.5257168198004365
3.5263484423048794
3.5254009216459963
3.5257167964609835
3.525401008548215
3.525401008548215
3.5257168198004365
3.5250851972959936
3.524769386043772
3.524769386043772
3.524769386043772
3.525401008548215
3.526664253557101
3.526032607713205
3.5263484189654264
3.525401008548215
3.5250851972959936
3.5238219522871077
3.524769386043772
3.525400985208762
3.5250851972959936
3.5257168198004365
3.5257167964609835
3.5250851972959936
3.5257168198004365
3.524769386043772
3.5250851972959936
3.524769386043772
3.525401008548215
3.525401008548215
3.5257167964609835
3.5250851972959936
3.5257168198004365
3.525400985208762
3.5250851972959936
3.5244535747915506
3.524769386043772
3.5257168198004365
3.526032607713205
3.5244535747915506
3.525401008548215
3.526032544150439
3.526032631052658
3.5263484189654264
3.525401008548215
3.525401008548215
3.5269800414698693
3.524769386043772
3.5250851972959936
3.525400985208762
3.524769386043772
3.5263484423048794
3.525401008548215
3.5257168198004365
3.525401008548215
3.526032631052658
3.5257168198004365
3.525085110393775
3.524769386043772
3.5250851972959936
3.526032607713205
3.526032631052658
3.526032544150439
3.5257167964609835
3.5257168198004365
3.5257167964609835
3.5263484423048794
3.5250851972959936
3.5257168198004365
3.5269800648093224
3.526032631052658
3.525401008548215
3.5250851972959936
3.526032544150439
3.5257168198004365
3.5250851972959936
3.5250851972959936
3.526664253557101
3.524769386043772
3.5250851972959936
3.525401008548215
3.524769362704319
3.525401008548215
3.5250851972959936
3.5250851739565405
3.5250851972959936
3.5250851972959936
3.525401008548215
3.5257168198004365
3.5250851972959936
3.526664253557101
3.5257168198004365
3.525401008548215
3.525401008548215
3.5244535747915506
3.5257168198004365
3.5263484189654264
3.524769362704319
3.5257168198004365
3.526032544150439
3.5257167964609835
3.525401008548215
3.524769386043772
3.5250851972959936
3.524769386043772
3.525401008548215
3.5250851972959936
3.5244535747915506
3.5250851972959936
3.526032607713205
3.525401008548215
3.525401008548215
3.5244535747915506
3.5257168198004365
3.5250851739565405
3.5244535747915506
3.526032631052658
3.525401008548215
3.526032544150439
3.5263484189654264
3.5254009216459963
3.5250851972959936
3.5250851972959936
3.526032631052658
3.5257168198004365
3.5250851972959936
3.5263484189654264
3.526032631052658
3.5250851739565405
3.5250851972959936
3.526032607713205
3.525401008548215
3.5257168198004365
3.525401008548215
3.5250851972959936
3.5250851972959936
3.5257168198004365
3.525400985208762
3.524137763539329
3.524769386043772
3.5250851972959936
3.525401008548215
3.5250851972959936
3.526032631052658
3.524769386043772
3.524769386043772
3.5250851972959936
3.526032607713205
3.5250851972959936
3.5257167964609835
3.5250851739565405
3.5257168198004365
3.5250851972959936
3.5250851739565405
3.526032631052658
3.5257167964609835
3.526032631052658
3.5257167964609835
3.524769386043772
3.526032631052658
3.5244535747915506
3.525401008548215
3.525401008548215
3.524769362704319
3.524137763539329
3.5244535747915506
3.525400985208762
3.5257168198004365
3.526032631052658
3.524769362704319
3.525401008548215
3.5250851972959936
3.5250851972959936
3.5250851972959936
3.5244535747915506
3.525401008548215
3.5250851972959936
3.5257167964609835
3.526032631052658
3.525400985208762
3.524769362704319
3.525401008548215
3.5257168198004365
3.5250851972959936
3.5257168198004365
3.5244535747915506
3.525401008548215
3.5263484189654264
3.5257167328982177
3.525401008548215
3.524769386043772
3.524769386043772
3.526032631052658
3.5250851972959936
3.5250851972959936
3.5250851972959936
3.5250851972959936
3.5263484189654264
3.525401008548215
3.526032607713205
3.526032607713205
3.526032631052658
3.5263484189654264
3.525401008548215
3.5244535747915506
3.5254009216459963
3.524769386043772
3.525401008548215
3.525401008548215
3.525401008548215
3.526032607713205
3.524769386043772
3.525401008548215
3.525400985208762
3.5250851972959936
3.525401008548215
3.525401008548215
3.5250851972959936
3.526032631052658
3.5250851972959936
3.5250851972959936
3.524137763539329
3.5263483554026607
3.5257167964609835
3.5254008580832306
3.5257168198004365
3.5244535747915506
3.526664230217648
3.525400985208762
3.525401008548215
3.5257167964609835
3.5250851972959936
3.525401008548215
3.5250851739565405
3.5250851972959936
3.5244535747915506
3.5257167328982177
3.5257168198004365
3.526032631052658
3.5263484423048794
3.526032631052658
3.526032544150439
3.524769386043772
3.526664253557101
3.5250851972959936
3.5257168198004365
3.526032631052658
3.5263483554026607
3.5250851972959936
3.5269800414698693
3.524769362704319
3.5244535747915506
3.5250851972959936
3.5250851739565405
3.526664230217648
3.525401008548215
3.524769362704319
3.526032631052658
3.5250851972959936
3.5257168198004365
3.5257168198004365
3.5263484189654264
3.526032607713205
3.5250851972959936
3.5250851739565405
3.525401008548215
3.526664230217648
3.524769386043772
3.5263484189654264
3.5257168198004365
3.5244535747915506
3.526032631052658
3.5250851972959936
3.5250851972959936
3.526032544150439
3.526032607713205
3.5263484189654264
3.5244535747915506
3.5244535747915506
3.526032631052658
3.524769386043772
3.5263484423048794
3.524769386043772
3.5257168198004365
3.5250851972959936
3.524769386043772
3.524769386043772
3.5250851972959936
3.526032607713205
3.526032544150439
3.5244535747915506
3.5238219522871077
3.525401008548215
3.5269800648093224
3.524769362704319
3.525401008548215
3.5263484423048794
3.525401008548215
3.5257168198004365
3.5257168198004365
3.5257167964609835
3.524769386043772
3.5250851972959936
3.525401008548215
3.5250851972959936
3.5257168198004365
3.5257168198004365
3.5250851739565405
3.525401008548215
3.525401008548215
3.524769386043772
3.525401008548215
3.526664166654882
3.5250851739565405
3.525401008548215
3.524769386043772
3.526032607713205
3.524769386043772
3.5257167964609835
3.5250851972959936
3.524769386043772
3.5257167964609835
3.5263484423048794
3.5250851972959936
3.5244535747915506
3.525401008548215
3.5250851972959936
3.5263483554026607
3.525400985208762
3.5250851972959936
3.5250851739565405
3.525401008548215
3.5257168198004365
3.526032631052658
3.5257168198004365
3.525401008548215
3.5257168198004365
3.525401008548215
3.526032631052658
3.5250851972959936
3.5250851972959936
3.526032631052658
3.5244535747915506
3.5263483554026607
3.525401008548215
3.5244535747915506
3.526032631052658
3.524769386043772
3.5244535747915506
3.5257168198004365
3.5250851972959936
3.524137763539329
3.526032607713205
3.5244535747915506
3.525401008548215
3.5263484189654264
3.525400985208762
3.5257168198004365
3.524769386043772
3.5250851972959936
3.525400985208762
3.5244535747915506
3.5263484423048794
3.5250851972959936
3.524769386043772
3.5257168198004365
3.5250851972959936
3.524137763539329
3.525401008548215
3.525401008548215
3.5257168198004365
3.5257168198004365
3.524137763539329
3.526032631052658
3.5250851972959936
3.5244535747915506
3.5257168198004365
3.526032607713205
3.526032631052658
3.5244535747915506
3.524769362704319
3.524769386043772
3.5250851972959936
3.5250851739565405
3.526032631052658
3.5244535747915506
3.5257168198004365
3.525401008548215
3.524769386043772
3.5250851972959936
3.5257168198004365
3.5254009216459963
3.5250851972959936
3.5250851972959936
3.5257167964609835
3.5263484423048794
3.524769386043772
3.5244535747915506
3.5257168198004365
3.5250851972959936
3.525401008548215
3.524769386043772
3.526664166654882
3.524769386043772
3.525401008548215
3.526032631052658
3.5257168198004365
3.5244535747915506
3.525401008548215
3.525401008548215
3.5250851972959936
3.5263484189654264
3.5250851972959936
3.5250851972959936
3.526032631052658
3.524769362704319
3.5263484423048794
3.5269800414698693
3.5257168198004365
3.525401008548215
3.5263484423048794
3.525401008548215
3.525401008548215
3.524453424326566
3.525401008548215
3.5263484189654264
3.5257167964609835
3.526664253557101
3.5263484189654264
3.525085110393775
3.526032631052658
3.526348291839895
3.526032631052658
3.526032631052658
3.5250851972959936
3.5250851972959936
3.5250851972959936
3.526032631052658
3.525401008548215
3.524769386043772
3.524769386043772
3.5250851972959936
3.5257168198004365
3.5257168198004365
3.5238219522871077
3.524769386043772
3.5250851972959936
3.527295852722091
3.5257167964609835
3.524769386043772
3.525400985208762
3.524769386043772
3.5257168198004365
3.525401008548215
3.5260324805876735
3.5250851972959936
3.5250851972959936
3.525401008548215
3.526664166654882
3.5263484189654264
3.526664253557101
3.5250851972959936
3.525400985208762
3.5263484189654264
3.5244535747915506
3.525400985208762
3.5250851972959936
3.5250851972959936
3.524769386043772
3.525401008548215
3.5257167964609835
3.5257168198004365
3.524769386043772
3.524769386043772
3.524769386043772
3.5257168198004365
3.525400985208762
3.5250851972959936
3.524769386043772
3.5257167964609835
3.5250851972959936
3.525401008548215
3.5244535747915506
3.5263484423048794
3.526032607713205
3.5257168198004365
3.5257168198004365
3.525401008548215
3.525401008548215
3.525401008548215
3.5244535514520976
3.5250851972959936
3.5257167964609835
3.525401008548215
3.5250851972959936
3.524769386043772
3.5250851739565405
3.5257168198004365
3.5244535747915506
3.5257167964609835
3.5257168198004365
3.5250851972959936
3.5257168198004365
3.525401008548215
3.525401008548215
3.5257167964609835
3.5250851972959936
3.524769386043772
3.5250851972959936
3.525401008548215
3.5250851972959936
3.526032631052658
3.526032607713205
3.525401008548215
3.5257168198004365
3.5257167964609835
3.525401008548215
3.5244535747915506
3.526032607713205
3.5250851972959936
3.525401008548215
3.525401008548215
3.525401008548215
3.525401008548215
3.5257167964609835
3.5244535747915506
3.524137763539329
3.526032631052658
3.524769386043772
3.524769386043772
3.526032607713205
3.525401008548215
3.5257167328982177
3.524769386043772
3.5257167964609835
3.5250851972959936
3.525401008548215
3.5266641030921164
3.5257168198004365
3.525401008548215
3.524769362704319
3.5250851972959936
3.525401008548215
3.526032544150439
3.5250851972959936
3.5250851972959936
3.525401008548215
3.526032631052658
3.524769362704319
3.524137763539329
3.5250851972959936
3.526032631052658
3.5257168198004365
3.5260324805876735
3.526032631052658
3.526032631052658
3.524769386043772
3.525401008548215
3.5244535747915506
3.524769386043772
3.5257168198004365
3.5257168198004365
3.5250851972959936
3.5257168198004365
3.5257167328982177
3.5238219522871077
3.5250851972959936
3.525401008548215
3.525401008548215
3.5257168198004365
3.526032631052658
3.5257168198004365
3.524769362704319
3.5250851739565405
3.5257168198004365
3.524769386043772
3.5257168198004365
3.526032631052658
3.5257168198004365
3.5257168198004365
3.5250851739565405
3.5250851972959936
3.5257168198004365
3.525401008548215
3.524769386043772
3.525401008548215
3.526032631052658
3.5263484189654264
3.525400985208762
3.525401008548215
3.525400985208762
3.5257168198004365
3.526032631052658
3.526979914344338
3.5269800414698693
3.526032607713205
3.5250851972959936
3.525401008548215
3.5263484189654264
3.524137763539329
3.525401008548215
3.5250851972959936
3.5263484189654264
3.524769386043772
3.524769386043772
3.526664230217648
3.5257167964609835
3.5250851972959936
3.5244535747915506
3.524769386043772
3.5244535747915506
3.526032607713205
3.525401008548215
3.5257168198004365
3.5250851972959936
3.5257168198004365
3.5257167964609835
3.524769386043772
3.525401008548215
3.5250851972959936
3.5244535747915506
3.526032631052658
3.525400985208762
3.5250851972959936
3.525401008548215
3.525400985208762
3.525401008548215
3.524769386043772
3.5250851972959936
3.5250851972959936
3.524769386043772
3.5250851972959936
3.5250851972959936
3.524769386043772
3.5244535747915506
3.5250851972959936
3.525401008548215
3.5257168198004365
3.524769386043772
3.525401008548215
3.525401008548215
3.5244535747915506
3.525401008548215
3.524137763539329
3.5254009216459963
3.5257168198004365
3.526032607713205
3.525401008548215
3.526032631052658
3.5244535747915506
3.5250851972959936
3.5263484423048794
3.5257167328982177
3.5244535747915506
3.5244535747915506
3.5250851739565405
3.524769386043772
3.525401008548215
3.5250851972959936
3.5257168198004365
3.5254009216459963
3.525401008548215
3.524769386043772
3.5244535747915506
3.5263484423048794
3.5244535747915506
3.5250851972959936
3.5250851972959936
3.524769386043772
3.525401008548215
3.524769386043772
3.5257167328982177
3.525401008548215
3.524769386043772
3.526032607713205
3.525401008548215
3.524769362704319
3.524769386043772
3.5257167328982177
3.524769386043772
3.5257168198004365
3.524769386043772
3.524137763539329
3.525401008548215
3.5263484189654264
3.526664253557101
3.5250851972959936
3.524769386043772
3.5250851972959936
3.525401008548215
3.5250851972959936
3.5263484423048794
3.524137763539329
3.524769386043772
3.525401008548215
3.526032631052658
3.5250851972959936
3.5257168198004365
3.524769386043772
3.5244535747915506
3.5263484423048794
3.525401008548215
3.525400985208762
3.526348291839895
3.524137763539329
3.5250851972959936
3.524769386043772
3.5244535747915506
3.5257168198004365
3.5263484189654264
3.526032631052658
3.5250851972959936
3.5244535747915506
3.526664230217648
3.524769386043772
3.524769386043772
3.5257168198004365
3.526664230217648
3.525085110393775
3.5250851972959936
3.5254009216459963
3.5257168198004365
3.524769386043772
3.524137763539329
3.5257168198004365
3.525401008548215
3.5257167964609835
3.526664253557101
3.5254009216459963
3.526032607713205
3.5250851972959936
3.5257168198004365
3.5263484423048794
3.524769386043772
3.526032607713205
3.5257168198004365
3.5257168198004365
3.524769386043772
3.5257168198004365
3.5244535747915506
3.525401008548215
3.5250851972959936
3.526032631052658
3.524769386043772
3.5269800648093224
3.524769386043772
3.5257168198004365
3.524769386043772
3.5257167964609835
3.526032631052658
3.5263484423048794
3.5250851739565405
3.524769386043772
3.5263484423048794
3.525400985208762
3.524769386043772
3.5250851972959936
3.524769386043772
3.525401008548215
3.524769386043772
3.526032607713205
3.526032631052658
3.524137763539329
3.526032631052658
3.5250851972959936
3.524769386043772
3.5250851972959936
3.5250851972959936
3.524769386043772
3.5257168198004365
3.5250851972959936
3.526032631052658
3.524769386043772
3.525401008548215
3.524137763539329
3.525401008548215
3.5257168198004365
3.524769386043772
3.525401008548215
3.526032607713205
3.526032544150439
3.524769386043772
3.5250851739565405
3.5257168198004365
3.5257168198004365
3.526032544150439
3.525401008548215
3.525400985208762
3.525400985208762
3.526032631052658
3.5238219522871077
3.5257168198004365
3.525401008548215
3.5257167964609835
3.5250851972959936
3.5263483554026607
3.526032631052658
3.526032631052658
3.525401008548215
3.5263484189654264
3.5257168198004365
3.525085110393775
3.5257168198004365
3.525400985208762
3.5250851972959936
3.5266641030921164
3.524137763539329
3.5257168198004365
3.5257168198004365
3.524769362704319
3.524137763539329
3.5257167964609835
3.525400985208762
3.525401008548215
3.526664253557101
3.526032631052658
3.525401008548215
3.524769362704319
3.5250851972959936
3.5250851972959936
3.5257167964609835
3.5257168198004365
3.5266641030921164
3.525401008548215
3.5263484189654264
3.5250851739565405
3.525401008548215
3.5257167328982177
3.5250851972959936
3.526664230217648
3.525401008548215
3.5250851972959936
3.525401008548215
3.5250851739565405
3.524769386043772
3.5250851972959936
3.5250851972959936
3.525401008548215
3.524769386043772
3.5244535747915506
3.5250851972959936
3.5257167964609835
3.5257168198004365
3.525401008548215
3.524137763539329
3.526032631052658
3.5250851972959936
3.5257168198004365
3.526032631052658
3.5254008580832306
3.5250851972959936
3.5257168198004365
3.526032544150439
3.5250851739565405
3.5263484189654264
3.5250851972959936
3.526664253557101
3.5250851739565405
3.526664253557101
3.5250851972959936
3.5250851972959936
3.5263484423048794
3.5250851972959936
3.5250851972959936
3.5257168198004365
3.5250851739565405
3.526032631052658
3.524769362704319
3.525400985208762
3.526664230217648
3.5263483554026607
3.5257168198004365
3.5257168198004365
3.5250851739565405
3.5263484423048794
3.525401008548215
3.5257167964609835
3.5244535747915506
3.5257168198004365
3.5244535747915506
3.5257168198004365
3.525716669335452
3.525401008548215
3.5257168198004365
3.5244535747915506
3.5250851972959936
3.526979914344338
3.526032607713205
3.5257168198004365
3.524769386043772
3.524769386043772
3.526032631052658
3.525400985208762
3.5257168198004365
3.5257168198004365
3.5250851972959936
3.5257168198004365
3.5263484189654264
3.524769386043772
3.525401008548215
3.5250851972959936
3.5257167964609835
3.5257168198004365
3.524769386043772
3.5257168198004365
3.5250851972959936
3.524137763539329
3.5250851972959936
3.525401008548215
3.5250851972959936
3.5250851972959936
3.5250851972959936
3.5250851972959936
3.525401008548215
3.524137763539329
3.524769386043772
3.5244535747915506
3.5257167964609835
3.5263484423048794
3.525400985208762
3.526032544150439
3.526032607713205
3.524769386043772
3.524769386043772
3.5263484189654264
3.525401008548215
3.5257168198004365
3.524769386043772
3.5244535747915506
3.524769386043772
3.525401008548215
3.525401008548215
3.5250851972959936
3.524769386043772
3.525401008548215
3.525400985208762
3.525401008548215
3.5257167964609835
3.5244535747915506
3.525401008548215
3.5257168198004365
3.5250851972959936
3.5250851972959936
3.524769386043772
3.526032544150439
3.526032631052658
3.524769386043772
3.5257168198004365
3.5257168198004365
3.5257167964609835
3.5257168198004365
3.5257167964609835
3.5257168198004365
3.526664253557101
3.5257167964609835
3.525401008548215
3.5244535747915506
3.5263484423048794
3.5250851972959936
3.5263484189654264
3.525401008548215
3.5263484423048794
3.526032631052658
3.526032544150439
3.5257168198004365
3.5257168198004365
3.525401008548215
3.5257168198004365
3.526032607713205
3.526664253557101
3.5263484423048794
3.524769386043772
3.5244535747915506
3.524769386043772
3.526032607713205
3.5257168198004365
3.525401008548215
3.5244535747915506
3.525401008548215
3.5260324805876735
3.526032607713205
3.5257168198004365
3.525400985208762
3.5263484423048794
3.525401008548215
3.5263484189654264
3.5257168198004365
3.5257168198004365
3.525400985208762
3.526032631052658
3.5257167328982177
3.524769386043772
3.5244535747915506
3.5257168198004365
3.525401008548215
3.5250851972959936
3.524137763539329
3.525401008548215
3.5257168198004365
3.5250851739565405
3.526032607713205
3.525401008548215
3.525401008548215
3.5257168198004365
3.5257168198004365
3.526348291839895
3.524769386043772
3.526032544150439
3.524769386043772
3.525401008548215
3.525400985208762
3.524769386043772
3.5250851972959936
3.5250851972959936
3.524769386043772
3.5257168198004365
3.525400985208762
3.5257167964609835
3.5257168198004365
3.5257167964609835
3.5257168198004365
3.524769386043772
3.5254009216459963
3.526032631052658
3.5263483554026607
3.5257167964609835
3.5257168198004365
3.5257168198004365
3.5254009216459963
3.5257168198004365
3.524769386043772
3.524137763539329
3.5250851972959936
3.525401008548215
3.525401008548215
3.524769386043772
3.524137763539329
3.5250851972959936
3.525401008548215
3.5250851972959936
3.5263484423048794
3.526032544150439
3.5250851972959936
3.5257168198004365
3.526664166654882
3.5250851972959936
3.525401008548215
3.5250851972959936
3.5257168198004365
3.5257168198004365
3.5263484189654264
3.524769386043772
3.524769386043772
3.5257168198004365
3.5257168198004365
3.5250851972959936
3.525401008548215
3.524769386043772
3.5250851972959936
3.5257168198004365
3.5250851972959936
3.525401008548215
3.525401008548215
3.526032544150439
3.5257168198004365
3.5250851972959936
3.5244535747915506
3.525401008548215
3.526032607713205
3.524769362704319
3.5257168198004365
3.5244535747915506
3.5257168198004365
3.525401008548215
3.5250851972959936
3.525401008548215
3.525400985208762
3.526348291839895
3.5263484423048794
3.5250851739565405
3.5257168198004365
3.5250851972959936
3.525401008548215
3.526664230217648
3.526032607713205
3.526664166654882
3.5257168198004365
3.5250851972959936
3.526032631052658
3.5250851972959936
3.5250851739565405
3.5244535747915506
3.5250851972959936
3.5257168198004365
3.526032631052658
3.525400985208762
3.5244535747915506
3.524769386043772
3.5250851972959936
3.5244535747915506
3.524769386043772
3.5250851972959936
3.526032631052658
3.5244535747915506
3.5257168198004365
3.5244535747915506
3.5250851739565405
3.5257168198004365
3.5250851972959936
3.5257168198004365
3.5250851972959936
3.524137763539329
3.524769386043772
3.5250851739565405
3.525401008548215
3.5250851972959936
3.5250851972959936
3.526032631052658
3.524769386043772
3.524769386043772
3.5238219522871077
3.5257167328982177
3.524769386043772
3.525401008548215
3.525085110393775
3.5250851972959936
3.525401008548215
3.525400985208762
3.526032631052658
3.5257167964609835
3.525401008548215
3.5257168198004365
3.525400985208762
3.525401008548215
3.526032631052658
3.526032631052658
3.5257168198004365
3.526348291839895
3.525401008548215
3.5257168198004365
3.525401008548215
3.5250851972959936
3.5257168198004365
3.526032544150439
3.5250851972959936
3.5257167964609835
3.5257168198004365
3.5244535747915506
3.524769386043772
3.5250851972959936
3.5257168198004365
3.5250851739565405
3.525401008548215
3.5257167328982177
3.525401008548215
3.524769386043772
3.524769386043772
3.5250851972959936
3.5257168198004365
3.524769386043772
3.525401008548215
3.525400985208762
3.525401008548215
3.524769386043772
3.5250851972959936
3.5244535747915506
3.5250851972959936
3.524769362704319
3.525401008548215
3.524769362704319
3.525401008548215
3.525401008548215
3.5257167328982177
3.525401008548215
3.5250851972959936
3.526348291839895
3.525400985208762
3.5257168198004365
3.5250851739565405
3.5257168198004365
3.526664253557101
3.5250851972959936
3.525401008548215
3.525400985208762
3.525401008548215
3.525401008548215
3.5250851972959936
3.526032631052658
3.5244535747915506
3.524769386043772
3.525401008548215
3.525401008548215
3.5257168198004365
3.524769386043772
3.525401008548215
3.526664166654882
3.526032631052658
3.526032607713205
3.525401008548215
3.524769362704319
3.5257168198004365
3.5250851972959936
3.5244535747915506
3.525401008548215
3.5250851972959936
3.526032544150439
3.5250851972959936
3.5263484189654264
3.5257167964609835
3.5257168198004365
3.5250851972959936
3.5257167964609835
3.5250851972959936
3.5244535747915506
3.525401008548215
3.5250851972959936
3.5244535747915506
3.524137763539329
3.525401008548215
3.5257167328982177
3.5250851972959936
3.5257168198004365
3.525400985208762
3.5257168198004365
3.524769386043772
3.5250851739565405
3.524769386043772
3.5257168198004365
3.524769386043772
3.5250851972959936
3.5250851972959936
3.5257168198004365
3.5257168198004365
3.524769386043772
3.5250851972959936
3.5244535747915506
3.526664166654882
3.5235061410348862
3.526032631052658
3.525401008548215
3.525401008548215
3.526664230217648
3.525401008548215
3.524769386043772
3.524769386043772
3.5257168198004365
3.524769386043772
3.525401008548215
3.5250851972959936
3.5263484423048794
3.524769386043772
3.5257168198004365
3.525401008548215
3.526032631052658
3.524769386043772
3.5250851972959936
3.5257167964609835
3.5250851972959936
3.5244535747915506
3.526032607713205
3.524769386043772
3.5250851972959936
3.5250851972959936
3.526032631052658
3.525400985208762
3.5257168198004365
3.525401008548215
3.525400985208762
3.526032607713205
3.5250851972959936
3.525401008548215
3.5257168198004365
3.526032607713205
3.525401008548215
3.525401008548215
3.5250851972959936
3.5257167964609835
3.526032631052658
3.5250851972959936
3.524769386043772
3.5257167964609835
3.5257168198004365
3.524137763539329
3.525401008548215
3.525401008548215
3.5263484423048794
3.525401008548215
3.5257167964609835
3.526032631052658
3.5257168198004365
3.5263484423048794
3.525401008548215
3.526032607713205
3.526032544150439
3.525401008548215
3.524769386043772
3.5244535747915506
3.5250851972959936
3.5250851972959936
3.5250851972959936
3.5257167964609835
3.5244535747915506
3.5263484423048794
3.525401008548215
3.525401008548215
3.5257168198004365
3.524769362704319
3.5250851972959936
3.525401008548215
3.525085110393775
3.5250851972959936
3.5244535747915506
3.525401008548215
3.5250851972959936
3.525400985208762
3.525401008548215
3.5250851972959936
3.5250851972959936
3.525401008548215
3.524769386043772
3.524769386043772
3.5244535747915506
3.5244535747915506
3.526032631052658
3.5257168198004365
3.5254009216459963
3.5244535747915506
3.5257167328982177
3.5250851972959936
3.5244535747915506
3.5250851972959936
3.5257168198004365
3.525401008548215
3.5263483554026607
3.525401008548215
3.525401008548215
3.526979914344338
3.5257168198004365
3.526664166654882
3.524769386043772
3.525401008548215
3.524769362704319
3.524137763539329
3.5257168198004365
3.5250851972959936
3.525401008548215
3.5257167964609835
3.526032631052658
3.525401008548215
3.5244535747915506
3.526032631052658
3.5257167964609835
3.525401008548215
3.5257168198004365
3.5257167328982177
3.5257168198004365
3.5257168198004365
3.5250851972959936
3.525401008548215
3.5257168198004365
3.5257167964609835
3.5257168198004365
3.5244535747915506
3.5257168198004365
3.524769386043772
3.525401008548215
3.5257168198004365
3.5260324805876735
3.5257168198004365
3.526032607713205
3.5250851972959936
3.524769386043772
3.5250851972959936
3.5263484189654264
3.5257168198004365
3.524137763539329
3.5257167964609835
3.5257168198004365
3.5257168198004365
3.5250851972959936
3.524769386043772
3.5250851972959936
3.525401008548215
3.526032631052658
3.526032631052658
3.525400985208762
3.524769386043772
3.526032631052658
3.525716669335452
3.5250851972959936
3.5257168198004365
3.524769362704319
3.5250851972959936
3.5244535747915506
3.524769386043772
3.5257168198004365
3.524769386043772
3.5254009216459963
3.525401008548215
3.525401008548215
3.525401008548215
3.5250851972959936
3.525400985208762
3.525401008548215
3.526032631052658
3.524137763539329
3.524769386043772
3.525716669335452
3.525401008548215
3.5250851972959936
3.5257167964609835
3.5250851972959936
3.5257168198004365
3.5254009216459963
3.525401008548215
3.5250851972959936
3.5257168198004365
3.5263484423048794
3.5257167964609835
3.5257168198004365
3.5250851972959936
3.5250851739565405
3.5250851972959936
3.526664166654882
3.5257167964609835
3.5250851972959936
3.5257168198004365
3.5250851972959936
3.5257168198004365
3.5257167328982177
3.526032631052658
3.525400985208762
3.526032631052658
3.5257168198004365
3.525716669335452
3.526032631052658
3.5263483554026607
3.525401008548215
3.525401008548215
3.524769386043772
3.5244535747915506
3.5263484423048794
3.5238219522871077
3.525401008548215
3.5250851972959936
3.525085110393775
3.5257168198004365
3.5257168198004365
3.526032631052658
3.525401008548215
3.5257167964609835
3.525401008548215
3.526032631052658
3.5257167328982177
3.5238219522871077
3.525401008548215
3.5250851972959936
3.525401008548215
3.5257167964609835
3.525401008548215
3.5250851972959936
3.526348291839895
3.5257168198004365
3.5257168198004365
3.5257167964609835
3.5250851972959936
3.5257168198004365
3.5257167964609835
3.5263484423048794
3.525401008548215
3.5257168198004365
3.526032631052658
3.524769386043772
3.524769386043772
3.5257167964609835
3.5250851972959936
3.5244535747915506
3.525401008548215
3.525400985208762
3.5257168198004365
3.525401008548215
3.5250851972959936
3.5250851972959936
3.5263483554026607
3.5250851739565405
3.524769386043772
3.524769386043772
3.5250851972959936
3.5257168198004365
3.5250851972959936
3.525401008548215
3.526664166654882
3.5250851739565405
3.525401008548215
3.525401008548215
3.525401008548215
3.525401008548215
3.526032544150439
3.525401008548215
3.524769386043772
3.5250851972959936
3.524769386043772
3.526032631052658
3.5250851739565405
3.5257168198004365
3.524769386043772
3.525401008548215
3.525401008548215
3.524769386043772
3.5250851972959936
3.5263484189654264
3.526032631052658
3.525400985208762
3.525401008548215
3.5263483554026607
3.5257168198004365
3.524769386043772
3.524769386043772
3.524137763539329
3.526032631052658
3.524769362704319
3.5250851972959936
3.525400985208762
3.525400985208762
3.5257168198004365
3.525401008548215
3.525401008548215
3.5244535747915506
3.525401008548215
3.524137763539329
3.526032631052658
3.525716669335452
3.526032631052658
3.526032631052658
3.5250851972959936
3.5250851972959936
3.5257168198004365
3.5254008580832306
3.525401008548215
3.524769386043772
3.525401008548215
3.526032631052658
3.526032607713205
3.5250851972959936
3.5257168198004365
3.5257167964609835
3.526032607713205
3.5244535747915506
3.5257168198004365
3.5250851972959936
3.5257168198004365
3.524769386043772
3.525401008548215
3.5250851972959936
3.5250851972959936
3.525401008548215
3.5244535747915506
3.5257168198004365
3.525400985208762
3.5257167964609835
3.524137763539329
3.5244535747915506
3.5257168198004365
3.5257168198004365
3.525401008548215
3.5250851972959936
3.526032607713205
3.525401008548215
3.526032631052658
3.5257167964609835
3.525401008548215
3.5250851972959936
3.5250851972959936
3.5263484423048794
3.526032544150439
3.524769386043772
3.5263484423048794
3.5254009216459963
3.525401008548215
3.526032631052658
3.525401008548215
3.525401008548215
3.524137763539329
3.524769386043772
3.5257168198004365
3.525400985208762
3.524137763539329
3.5257168198004365
3.524769386043772
3.5257168198004365
3.525400985208762
3.5257168198004365
3.526032631052658
3.5254009216459963
3.524137763539329
3.5238219522871077
3.5244535747915506
3.526032631052658
3.5257167964609835
3.5263484423048794
3.5263484189654264
3.524769362704319
3.526032631052658
3.525401008548215
3.526032631052658
3.5250851972959936
3.5257167964609835
3.5250851972959936
3.5257168198004365
3.5244535747915506
3.524769386043772
3.5254009216459963
3.5244535747915506
3.5250851972959936
3.5250851739565405
3.526032631052658
3.5244535747915506
3.524769362704319
3.525401008548215
3.5263484189654264
3.5250851972959936
3.5250851972959936
3.525400985208762
3.5250851972959936
3.525401008548215
3.5257168198004365
3.5257168198004365
3.5244535747915506
3.525401008548215
3.525085110393775
3.5263484189654264
3.5244535747915506
3.525400985208762
3.524769386043772
3.5257168198004365
3.5257168198004365
3.5250851972959936
3.5250851972959936
3.525401008548215
3.5244535747915506
3.526032544150439
3.525401008548215
3.526664253557101
3.524769386043772
3.5250851972959936
3.525401008548215
3.524769386043772
3.525401008548215
3.5250851739565405
3.525401008548215
3.5257168198004365
3.5257167964609835
3.5257168198004365
3.5257167964609835
3.5250851739565405
3.526032631052658
3.5250851739565405
3.525401008548215
3.526032631052658
3.525401008548215
3.5244535747915506
3.5244535747915506
3.5250851972959936
3.526032631052658
3.5250851739565405
3.526032631052658
3.525401008548215
3.526032607713205
3.5257168198004365
3.524769386043772
3.525401008548215
3.5244535747915506
3.5257167964609835
3.5250851972959936
3.525401008548215
3.5257168198004365
3.5250851972959936
3.5250851972959936
3.526032631052658
3.524769386043772
3.526032607713205
3.524137763539329
3.525401008548215
3.5250851739565405
3.5250851972959936
3.525400985208762
3.5257167964609835
3.5257168198004365
3.5250851739565405
3.5263484189654264
3.5250851972959936
3.5250851972959936
3.525401008548215
3.5257167964609835
3.5257168198004365
3.525401008548215
3.5263484189654264
3.526032607713205
3.5269799779071036
3.5250851972959936
3.5244535747915506
3.525401008548215
3.5250851739565405
3.5257168198004365
3.5257168198004365
3.524769386043772
3.5257168198004365
3.5250851972959936
3.524137763539329
3.525401008548215
3.5263484189654264
3.5250851972959936
3.525401008548215
3.525401008548215
3.525401008548215
3.5250851739565405
3.525401008548215
3.526032631052658
3.5250851739565405
3.5250851972959936
3.5263484423048794
3.525401008548215
3.525401008548215
3.5257168198004365
3.526032607713205
3.525401008548215
3.5250851972959936
3.525401008548215
3.525401008548215
3.5263484189654264
3.525400985208762
3.526664253557101
3.524137763539329
3.525401008548215
3.5257168198004365
3.525401008548215
3.526032631052658
3.5257168198004365
3.5244535514520976
3.5244535747915506
3.525401008548215
3.5244535747915506
3.526032631052658
3.524769386043772
3.5250851972959936
3.5257168198004365
3.525400985208762
3.525401008548215
3.5257168198004365
3.526032631052658
3.5257168198004365
3.526032607713205
3.525401008548215
3.5257168198004365
3.5257167328982177
3.5250851972959936
3.525401008548215
3.5257167328982177
3.5250851972959936
3.525401008548215
3.5257168198004365
3.5257168198004365
3.5250851739565405
3.5254009216459963
3.5257168198004365
3.5250851972959936
3.5257167964609835
3.525401008548215
3.524137763539329
3.525401008548215
3.524769386043772
3.524137740199876
3.524769386043772
3.5257168198004365
3.524769386043772
3.525401008548215
3.525400985208762
3.5250851739565405
3.5250851972959936
3.525401008548215
3.524137763539329
3.525401008548215
3.5244535747915506
3.5257168198004365
3.526032607713205
3.5263484189654264
3.526664253557101
3.5250851972959936
3.5244535747915506
3.526032631052658
3.5257168198004365
3.525401008548215
3.524769386043772
3.526032631052658
3.5250851972959936
3.5244535747915506
3.5250851739565405
3.5250851972959936
3.526032607713205
3.5257167964609835
3.526032631052658
3.524769386043772
3.5257167964609835
3.524769386043772
3.524769386043772
3.525400985208762
3.5250851972959936
3.5250851972959936
3.526032544150439
3.526032607713205
3.5263484423048794
3.526032631052658
3.5250851739565405
3.525400985208762
3.525401008548215
3.524769386043772
3.525401008548215
3.5250851972959936
3.526032607713205
3.525401008548215
3.526032631052658
3.5250851972959936
3.524769386043772
3.5257168198004365
3.526032631052658
3.5257168198004365
3.524769386043772
3.525401008548215
3.525400985208762
3.525401008548215
3.5263484423048794
3.524769386043772
3.5257168198004365
3.5272957255965594
3.5257167328982177
3.526032631052658
3.5250851972959936
3.5244535747915506
3.525401008548215
3.5250851972959936
3.525401008548215
3.5257168198004365
3.526032631052658
3.526032631052658
3.5260324805876735
3.524769386043772
3.5250851972959936
3.524769386043772
3.5257168198004365
3.5257167964609835
3.525400985208762
3.525401008548215
3.5257167964609835
3.5250851972959936
3.526032631052658
3.5244535747915506
3.5250851972959936
3.5244535747915506
3.524769386043772
3.525401008548215
3.525400985208762
3.5257168198004365
3.524769386043772
3.5244535747915506
3.5250851972959936
3.525400985208762
3.5257168198004365
3.525401008548215
3.5250851972959936
3.5250851972959936
3.5250851739565405
3.525401008548215
3.5263484423048794
3.5250851739565405
3.5250851972959936
3.525401008548215
3.5257167964609835
3.524137763539329
3.5250851972959936
3.5257168198004365
3.526032631052658
3.5244535747915506
3.524769386043772
3.5263484423048794
3.525400985208762
3.5250851972959936
3.5244535747915506
3.5250851972959936
3.5257167964609835
3.5250851972959936
3.5263484189654264
3.525401008548215
3.5244535747915506
3.5257168198004365
3.526032631052658
3.5257168198004365
3.525401008548215
3.524769386043772
3.5257168198004365
3.524137763539329
3.5250851972959936
3.5257168198004365
3.5257167964609835
3.5257167328982177
3.5257168198004365
3.5250851972959936
3.525401008548215
3.524769386043772
3.5250851739565405
3.5257168198004365
3.525400985208762
3.5257167964609835
3.524769386043772
3.5257167964609835
3.525401008548215
3.524769386043772
3.5250851972959936
3.5250851972959936
3.526032607713205
3.525401008548215
3.5263484423048794
3.5250851972959936
3.5244535747915506
3.526032631052658
3.525401008548215
3.5250851972959936
3.5257167964609835
3.5257168198004365
3.526032631052658
3.524769362704319
3.526032631052658
3.5250851972959936
3.524769386043772
3.526032631052658
3.5257167964609835
3.524769386043772
3.524769386043772
3.525401008548215
3.526032631052658
3.525401008548215
3.526032544150439
3.5257168198004365
3.524769362704319
3.5250851972959936
3.526032631052658
3.5257168198004365
3.526032607713205
3.525401008548215
3.525400985208762
3.5263484423048794
3.5257167964609835
3.525401008548215
3.525401008548215
3.526032607713205
3.5257168198004365
3.524769386043772
3.5250851739565405
3.526664253557101
3.525401008548215
3.5244535747915506
3.5250851972959936
3.5250851972959936
3.525401008548215
3.525401008548215
3.5254009216459963
3.524769386043772
3.5263484189654264
3.5250851972959936
3.5257168198004365
3.526032607713205
3.524769386043772
3.525401008548215
3.5263483554026607
3.5244535747915506
3.524769362704319
3.5257168198004365
3.5257168198004365
3.5244535514520976
3.526032631052658
3.525401008548215
3.525400985208762
3.525401008548215
3.526032631052658
3.5250851972959936
3.5250851972959936
3.524769386043772
3.525401008548215
3.526664230217648
3.5263483554026607
3.5257167328982177
3.5263484423048794
3.5269800414698693
3.5269799779071036
3.524137763539329
3.5244535747915506
3.5257168198004365
3.5257168198004365
3.5250851972959936
3.5257168198004365
3.5257168198004365
3.524769386043772
3.526664230217648
3.5250851972959936
3.524769386043772
3.5250851739565405
3.525400985208762
3.525401008548215
3.525401008548215
3.526032607713205
3.525401008548215
3.5257168198004365
3.5257168198004365
3.525401008548215
3.5250851972959936
3.526032631052658
3.525401008548215
3.525401008548215
3.526664230217648
3.525401008548215
3.5263484189654264
3.526032631052658
3.524769386043772
3.524769386043772
3.526032631052658
3.5238219522871077
3.5244535747915506
3.524137763539329
3.5254009216459963
3.5263484423048794
3.5244535747915506
3.5244535747915506
3.5257168198004365
3.525400985208762
3.5257168198004365
3.526664230217648
3.5257167964609835
3.524769386043772
3.5257168198004365
3.526032631052658
3.524137763539329
3.525401008548215
3.525400985208762
3.526032631052658
3.5244535747915506
3.5250851972959936
3.5250851972959936
3.526664230217648
3.5250851972959936
3.5257168198004365
3.525401008548215
3.5250851972959936
3.526032631052658
3.5257167964609835
3.524137763539329
3.525401008548215
3.5235061410348862
3.5257168198004365
3.524769386043772
3.5257168198004365
3.5263484423048794
3.5263484189654264
3.524769386043772
3.524769386043772
3.526032544150439
3.525401008548215
3.5250851972959936
3.525401008548215
3.5257168198004365
3.5257167964609835
3.526032631052658
3.5257168198004365
3.5244535747915506
3.5244535747915506
3.524769386043772
3.525401008548215
3.525400985208762
3.524769386043772
3.5257168198004365
3.5244535514520976
3.526032607713205
3.5263484423048794
3.526664166654882
3.524769386043772
3.526032607713205
3.525400985208762
3.5244535747915506
3.5244535747915506
3.5244535747915506
3.5250851972959936
3.524769362704319
3.5250851972959936
3.524769386043772
3.525400985208762
3.525401008548215
3.5250851739565405
3.5250851972959936
3.524769386043772
3.526032607713205
3.524769386043772
3.526032607713205
3.526664230217648
3.5257168198004365
3.5250851972959936
3.5244535747915506
3.5250851972959936
3.524769362704319
3.524769386043772
3.5250851972959936
3.5250851972959936
3.525401008548215
3.5250851739565405
3.525401008548215
3.5257168198004365
3.5263484189654264
3.525401008548215
3.525401008548215
3.526032631052658
3.525401008548215
3.5244535747915506
3.5250851972959936
3.5263484189654264
3.5257168198004365
3.5250851972959936
3.5257168198004365
3.525401008548215
3.524769386043772
3.5244535747915506
3.5244535747915506
3.5250851972959936
3.5250851972959936
3.5263483554026607
3.5244535747915506
3.524769386043772
3.5250851972959936
3.5244535747915506
3.525401008548215
3.5250851972959936
3.524769386043772
3.5244535747915506
3.5257168198004365
3.526664253557101
3.5250851972959936
3.5257167964609835
3.525401008548215
3.5257168198004365
3.5250851972959936
3.526032607713205
3.5250851972959936
3.5257168198004365
3.525085110393775
3.5250851739565405
3.524769386043772
3.525401008548215
3.5250851972959936
3.5250851972959936
3.524769386043772
3.5257168198004365
3.5257167964609835
3.525400985208762
3.5257168198004365
3.524769386043772
3.5257168198004365
3.5250851972959936
3.5250851972959936
3.525401008548215
3.525401008548215
3.5250851972959936
3.526032631052658
3.525401008548215
3.524769386043772
3.526032607713205
3.525401008548215
3.5257168198004365
3.5257168198004365
3.5257167964609835
3.5257168198004365
3.525400985208762
3.525401008548215
3.525401008548215
3.5254009216459963
3.526032631052658
3.5250851972959936
3.5250851739565405
3.524769386043772
3.526032607713205
3.524769386043772
3.5250851972959936
3.525400985208762
3.526032607713205
3.524769386043772
3.524769362704319
3.525401008548215
3.525401008548215
3.5263484189654264
3.5263484423048794
3.5250851972959936
3.525401008548215
3.5257168198004365
3.525400985208762
3.5250851972959936
3.5263484423048794
3.5257168198004365
3.5257168198004365
3.5257167964609835
3.5263484189654264
3.525401008548215
3.525400985208762
3.5257168198004365
3.524769386043772
3.5244535747915506
3.525401008548215
3.5244535747915506
3.525716669335452
3.5250851972959936
3.525400985208762
3.525401008548215
3.5263484423048794
3.525401008548215
3.5250851972959936
3.5257168198004365
3.524769386043772
3.525401008548215
3.524769386043772
3.524769386043772
3.5250851972959936
3.525401008548215
3.5250851972959936
3.525401008548215
3.526032607713205
3.525401008548215
3.5257168198004365
3.5257167328982177
3.526664230217648
3.524769386043772
3.5250851972959936
3.524769386043772
3.5250851972959936
3.526032631052658
3.5257168198004365
3.5244535747915506
3.524769386043772
3.5250851972959936
3.5250851972959936
3.525401008548215
3.5244535747915506
3.526032607713205
3.526664253557101
3.5260324805876735
3.5238219522871077
3.5257168198004365
3.524769386043772
3.5250851972959936
3.5250851972959936
3.524769386043772
3.5257168198004365
3.5257168198004365
3.5250851739565405
3.525401008548215
3.5263484189654264
3.525401008548215
3.525401008548215
3.524769362704319
3.525401008548215
3.526032631052658
3.5257167328982177
3.5263484189654264
3.525401008548215
3.5263484189654264
3.5257168198004365
3.5250851972959936
3.526664230217648
3.5263484423048794
3.5250851972959936
3.524769386043772
3.5257168198004365
3.5257167964609835
3.526348291839895
3.5263484189654264
3.526032607713205
3.5250851972959936
3.5250851972959936
3.524769386043772
3.526032631052658
3.525401008548215
3.5250851972959936
3.5257168198004365
3.524769386043772
3.525400985208762
3.5269800648093224
3.525716669335452
3.525401008548215
3.5250851972959936
3.526032607713205
3.5263484423048794
3.5257167964609835
3.5250851972959936
3.5257168198004365
3.5257167964609835
3.5257168198004365
3.5257168198004365
3.526032607713205
3.5263484423048794
3.525401008548215
3.5257168198004365
3.5250851972959936
3.5250851739565405
3.524769386043772
3.526664230217648
3.525401008548215
3.5250851972959936
3.5244535747915506
3.5250851739565405
3.5257168198004365
3.526032631052658
3.526032544150439
3.5257168198004365
3.5250851972959936
3.525401008548215
3.526032631052658
3.524137763539329
3.5250851972959936
3.526664253557101
3.525085110393775
3.5263484423048794
3.5257168198004365
3.525401008548215
3.5257168198004365
3.5257168198004365
3.525401008548215
3.525401008548215
3.5257167964609835
3.525401008548215
3.5244535747915506
3.5250851972959936
3.526664230217648
3.5257167964609835
3.5244535747915506
3.5257168198004365
3.524769362704319
3.525401008548215
3.526664253557101
3.5257168198004365
3.5257168198004365
3.525401008548215
3.5250851972959936
3.525401008548215
3.524769386043772
3.5257167964609835
3.5263484189654264
3.5257168198004365
3.525401008548215
3.5257168198004365
3.5263484189654264
3.5250851972959936
3.5257167964609835
3.5257168198004365
3.5257168198004365
3.526032607713205
3.524769386043772
3.524769386043772
3.5257167964609835
3.526032631052658
3.5250851972959936
3.5254009216459963
3.5257168198004365
3.5250851972959936
3.5257168198004365
3.525400985208762
3.5250851972959936
3.526032631052658
3.5257168198004365
3.5244535747915506
3.5250851972959936
3.5250851972959936
3.525401008548215
3.5263484189654264
3.525401008548215
3.526032631052658
3.526348291839895
3.5244535747915506
3.525401008548215
3.5257168198004365
3.526032631052658
3.525400985208762
3.524769386043772
3.5244535747915506
3.524769362704319
3.525401008548215
3.5263484189654264
3.524769386043772
3.5263484423048794
3.5263484189654264
3.5257167964609835
3.526032631052658
3.5244535747915506
3.525401008548215
3.526032631052658
3.5257168198004365
3.525401008548215
3.5244535747915506
3.525401008548215
3.5263484423048794
3.5250851739565405
3.525401008548215
3.525401008548215
3.526032631052658
3.524769386043772
3.5263483554026607
3.5250851972959936
3.5250851972959936
3.526032544150439
3.5250851972959936
3.5250851972959936
3.5244535747915506
3.525401008548215
3.5244535747915506
3.524769386043772
3.5263484423048794
3.5257168198004365
3.525401008548215
3.5250851972959936
3.5235061410348862
3.525401008548215
3.5257167964609835
3.5250851972959936
3.526032631052658
3.5244535747915506
3.525401008548215
3.5257168198004365
3.524769386043772
3.524769386043772
3.525401008548215
3.524769386043772
3.524769386043772
3.526032607713205
3.5263484189654264
3.525401008548215
3.525401008548215
3.5257168198004365
3.5244535747915506
3.5250851972959936
3.526032631052658
3.526032607713205
3.5250851972959936
3.526664166654882
3.5250851972959936
3.525401008548215
3.525401008548215
3.5250851972959936
3.524769386043772
3.524137763539329
3.5250851972959936
3.524769386043772
3.5250851739565405
3.524769386043772
3.5244535747915506
3.524769362704319
3.5257168198004365
3.5250851972959936
3.5250851972959936
3.525401008548215
3.526032631052658
3.5235061410348862
3.5250851972959936
3.5250851972959936
3.5257168198004365
3.5250851972959936
3.526032631052658
3.526032631052658
3.5244535747915506
3.526032607713205
3.5250851972959936
3.526032607713205
3.524769386043772
3.5244535747915506
3.5257167964609835
3.526664253557101
3.5250851972959936
3.525401008548215
3.5244535747915506
3.5244535747915506
3.526032544150439
3.5257168198004365
3.5244535747915506
3.5257168198004365
3.524769386043772
3.5250851739565405
3.524769386043772
3.5250851972959936
3.5250851972959936
3.526032631052658
3.5250851972959936
3.524769386043772
3.526032631052658
3.5257167964609835
3.526032631052658
3.525401008548215
3.5244535747915506
3.5250851972959936
3.526032631052658
3.525085110393775
3.5257167964609835
3.5250851972959936
3.525401008548215
3.5263484189654264
3.524769386043772
3.526664230217648
3.5250851972959936
3.5250851972959936
3.5257167964609835
3.524769386043772
3.524137763539329
3.524769386043772
3.5257167964609835
3.5257168198004365
3.5257168198004365
3.525401008548215
3.524137740199876
3.5250851972959936
3.5250851739565405
3.5257167964609835
3.525401008548215
3.5257167964609835
3.5263484423048794
3.526664253557101
3.5250851972959936
3.5238219522871077
3.5257168198004365
3.5254009216459963
3.525401008548215
3.524769386043772
3.525400985208762
3.525401008548215
3.5250851972959936
3.526032607713205
3.5257168198004365
3.524769386043772
3.5244535747915506
3.525401008548215
3.525401008548215
3.526032607713205
3.525401008548215
3.526032607713205
3.5250851972959936
3.5250851972959936
3.526032607713205
3.524769386043772
3.525401008548215
3.526032607713205
3.526032631052658
3.5250851972959936
3.525401008548215
3.526664253557101
3.524769386043772
3.524769386043772
3.526032631052658
3.526032607713205
3.5263483554026607
3.525401008548215
3.524769386043772
3.5257168198004365
3.526032544150439
3.524769386043772
3.526032631052658
3.525400985208762
3.525401008548215
3.5250851972959936
3.524769386043772
3.5257168198004365
3.5257168198004365
3.5250851972959936
3.5257168198004365
3.524137763539329
3.524769386043772
3.5257168198004365
3.5254008580832306
3.526664253557101
3.525085110393775
3.524769386043772
3.525401008548215
3.524769386043772
3.525401008548215
3.5250851972959936
3.524769386043772
3.5263484189654264
3.524769386043772
3.5244535747915506
3.5269800414698693
3.5250851972959936
3.526664230217648
3.525401008548215
3.5244535747915506
3.5238219522871077
3.526032631052658
3.524769386043772
3.524137763539329
3.5250851972959936
3.525401008548215
3.5257168198004365
3.524137763539329
3.5250851972959936
3.526032631052658
3.526032631052658
3.5257168198004365
3.526032631052658
3.5250851972959936
3.5257168198004365
3.5250851972959936
3.524769386043772
3.525401008548215
3.5257168198004365
3.526032631052658
3.526032544150439
3.5238219522871077
3.5263484423048794
3.5250851739565405
3.5257168198004365
3.526032631052658
3.5257168198004365
3.5257168198004365
3.525401008548215
3.5250851972959936
3.5257168198004365
3.525400985208762
3.524769386043772
3.526032607713205
3.5244535747915506
3.5257167964609835
3.524137763539329
3.5244535747915506
3.526032631052658
3.524769386043772
3.526032631052658
3.525401008548215
3.525401008548215
3.524137763539329
3.5257167964609835
3.526032631052658
3.5244535747915506
3.5244535747915506
3.524769386043772
3.524137763539329
3.5257168198004365
3.5257167964609835
3.525401008548215
3.526664253557101
3.525401008548215
3.5250851972959936
3.525401008548215
3.5263482282771292
3.5244535747915506
3.5257168198004365
3.524769386043772
3.526664230217648
3.526032544150439
3.525400985208762
3.5250851972959936
3.5257167964609835
3.5257168198004365
3.5250851972959936
3.5269800414698693
3.524769386043772
3.525401008548215
3.5250851972959936
3.526032631052658
3.526032544150439
3.5250851972959936
3.5250851972959936
3.5257167328982177
3.5250851972959936
3.5250851972959936
3.5250851739565405
3.5244535747915506
3.5250851972959936
3.5250851972959936
3.525401008548215
3.5250851972959936
3.526032631052658
3.525401008548215
3.524137763539329
3.5257168198004365
3.526032607713205
3.5250851972959936
3.5250851972959936
3.5244535747915506
3.526664230217648
3.526032631052658
3.526032544150439
3.525400985208762
3.5257167328982177
3.524137763539329
3.5257168198004365
3.5250851972959936
3.5263484189654264
3.526032607713205
3.5250851739565405
3.5250851972959936
3.524769386043772
3.526032607713205
3.5250851972959936
3.5244535747915506
3.525401008548215
3.5257168198004365
3.5250851739565405
3.5257168198004365
3.526032631052658
3.524769386043772
3.5257168198004365
3.5244535747915506
3.5263484189654264
3.5231903297826648
3.5257168198004365
3.5244535747915506
3.5250851972959936
3.524137763539329
3.5257168198004365
3.525401008548215
3.525401008548215
3.526032631052658
3.5250851972959936
3.5263483554026607
3.524769386043772
3.525401008548215
3.5257168198004365
3.5244535747915506
3.5250851972959936
3.525401008548215
3.524137763539329
3.5250851739565405
3.526032631052658
3.525401008548215
3.5250851972959936
3.525401008548215
3.5257168198004365
3.5250851972959936
3.524769386043772
3.524137763539329
3.5254009216459963
3.526032631052658
3.525401008548215
3.5250851972959936
3.526032631052658
3.525401008548215
3.525401008548215
3.525401008548215
3.5257167964609835
3.5257168198004365
3.525401008548215
3.5250851972959936
3.5244535747915506
3.5250851972959936
3.5244535747915506
3.5250851972959936
3.524769386043772
3.5257167964609835
3.5257168198004365
3.5250851972959936
3.524769386043772
3.526032631052658
3.5254009216459963
3.5263484423048794
3.5269800648093224
3.5257168198004365
3.5250851972959936
3.5257168198004365
3.526032631052658
3.525400985208762
3.5250851739565405
3.5257168198004365
3.5263484423048794
3.526032607713205
3.5244535747915506
3.524769386043772
3.5257167964609835
3.526032631052658
3.526032607713205
3.524769386043772
3.524769386043772
3.5244535747915506
3.5250851972959936
3.5257168198004365
3.5257167328982177
3.5250851972959936
3.526032631052658
3.5257167964609835
3.5257168198004365
3.525401008548215
3.5250851739565405
3.524769386043772
3.5257168198004365
3.524769386043772
3.5257167964609835
3.5263484189654264
3.524769386043772
3.5250851972959936
3.524769386043772
3.5244535747915506
3.526664253557101
3.5257168198004365
3.525401008548215
3.525401008548215
3.526032544150439
3.524769386043772
3.526664253557101
3.5257167964609835
3.5257168198004365
3.525400985208762
3.526664230217648
3.524769386043772
3.5257168198004365
3.5250851972959936
3.526032631052658
3.5244535747915506
3.524137763539329
3.5257168198004365
3.5257168198004365
3.5257167964609835
3.526032607713205
3.5250851972959936
3.525401008548215
3.5257168198004365
3.524769386043772
3.5250851972959936
3.5250851739565405
3.5257168198004365
3.524769386043772
3.5250851972959936
3.525401008548215
3.5263484189654264
3.5250851972959936
3.525401008548215
3.5244535747915506
3.5257168198004365
3.526032631052658
3.5244535747915506
3.525401008548215
3.525401008548215
3.5250851972959936
3.525401008548215
3.526032631052658
3.5257168198004365
3.525401008548215
3.5257167328982177
3.5257168198004365
3.5257167328982177
3.5257168198004365
3.5257168198004365
3.524137763539329
3.5257168198004365
3.525401008548215
3.5257167964609835
3.5250851972959936
3.524137763539329
3.5263484189654264
3.5263484423048794
3.5250851972959936
3.525401008548215
3.524769386043772
3.5250851739565405
3.526032631052658
3.526032607713205
3.526032631052658
3.525401008548215
3.524769386043772
3.524137763539329
3.5250851972959936
3.525401008548215
3.524769386043772
3.526032607713205
3.5250851972959936
3.525401008548215
3.526032607713205
3.526032631052658
3.526032607713205
3.5250851972959936
3.5257168198004365
3.5250851739565405
3.524769386043772
3.5250851972959936
3.524769386043772
3.525401008548215
3.525400985208762
3.524769386043772
3.524769386043772
3.524769362704319
3.525401008548215
3.525401008548215
3.5257167964609835
3.5257168198004365
3.525401008548215
3.5250851972959936
3.5263484423048794
3.5250851972959936
3.5244535747915506
3.525401008548215
3.525400985208762
3.5257168198004365
3.526032607713205
3.526032631052658
3.5250851972959936
3.5244535747915506
3.5263483554026607
3.5250851972959936
3.526032631052658
3.526032607713205
3.526032607713205
3.5257168198004365
3.5250851972959936
3.525401008548215
3.5250851972959936
3.525401008548215
3.5263484189654264
3.5250851972959936
3.5244535747915506
3.524137763539329
3.5269800648093224
3.524769362704319
3.5250851739565405
3.526032631052658
3.526032607713205
3.526032631052658
3.526032607713205
3.5257168198004365
3.525401008548215
3.5254009216459963
3.524137763539329
3.525401008548215
3.524769362704319
3.5257168198004365
3.524769386043772
3.5250851739565405
3.525401008548215
3.5269800414698693
3.525401008548215
3.5250851972959936
3.5257167964609835
3.525401008548215
3.525401008548215
3.5244535747915506
3.5250851972959936
3.524769386043772
3.5260324805876735
3.525401008548215
3.5250851972959936
3.524769386043772
3.525401008548215
3.5250851739565405
3.525401008548215
3.5263483554026607
3.5257168198004365
3.5257168198004365
3.5257167964609835
3.526032631052658
3.5250851739565405
3.525401008548215
3.5257168198004365
3.525401008548215
3.5250851972959936
3.5257168198004365
3.526032544150439
3.525401008548215
3.5263484189654264
3.526032607713205
3.5257168198004365
3.5250851972959936
3.525401008548215
3.525401008548215
3.5257167328982177
3.5250851972959936
3.5257168198004365
3.5257167964609835
3.5263484423048794
3.525401008548215
3.5244535747915506
3.525401008548215
3.524769386043772
3.525401008548215
3.5250851972959936
3.524769386043772
3.5257168198004365
3.525401008548215
3.5257167328982177
3.525401008548215
3.525401008548215
3.524769386043772
3.5244535747915506
3.526032544150439
3.5250851972959936
3.5257168198004365
3.526032544150439
3.5244535747915506
3.5257168198004365
3.5250851972959936
3.5257168198004365
3.524769386043772
3.526032607713205
3.5257168198004365
3.5250851972959936
3.5244535747915506
3.526032631052658
3.5250851972959936
3.525400985208762
3.524769362704319
3.5244535747915506
3.526032631052658
3.5238219522871077
3.524769386043772
3.5257168198004365
3.5250851739565405
3.525401008548215
3.525401008548215
3.5250851972959936
3.5257168198004365
3.5263484423048794
3.5244535747915506
3.525401008548215
3.526032544150439
3.5244535747915506
3.526032631052658
3.525400985208762
3.525401008548215
3.525401008548215
3.5244535747915506
3.5257168198004365
3.5250851972959936
3.5244535747915506
3.525401008548215
3.524769386043772
3.5257168198004365
3.5257168198004365
3.524769386043772
3.5254009216459963
3.525401008548215
3.524769386043772
3.524769386043772
3.524137763539329
3.525400985208762
3.5257168198004365
3.525401008548215
3.5250851739565405
3.5244535747915506
3.5244535747915506
3.5269799779071036
3.5257168198004365
3.525401008548215
3.526032607713205
3.525401008548215
3.5257167328982177
3.524769386043772
3.5257168198004365
3.5250851739565405
3.526032607713205
3.525401008548215
3.5257168198004365
3.5260324805876735
3.525401008548215
3.5244535747915506
3.5263484423048794
3.5263484189654264
3.5244535747915506
3.5257167964609835
3.525401008548215
3.5257167964609835
3.5257168198004365
3.5257167964609835
3.5244535747915506
3.5244535747915506
3.5244535747915506
3.525401008548215
3.5244535747915506
3.524769362704319
3.524769386043772
3.524769386043772
3.524769386043772
3.526664253557101
3.5263483554026607
3.525401008548215
3.525401008548215
3.5250851972959936
3.5250851972959936
3.524769386043772
3.525400985208762
3.5250851972959936
3.525400985208762
3.525401008548215
3.526032631052658
3.525401008548215
3.5250851972959936
3.5250851739565405
3.5250851972959936
3.525401008548215
3.525400985208762
3.5250851972959936
3.5257167964609835
3.524137763539329
3.525401008548215
3.526032607713205
3.5250851739565405
3.5250851972959936
3.5257167964609835
3.526032631052658
3.524769362704319
3.5257167328982177
3.524769386043772
3.5257167964609835
3.5250851739565405
3.5244535747915506
3.5257167328982177
3.5250851972959936
3.5257168198004365
3.526032631052658
3.5250851972959936
3.526032607713205
3.5257167328982177
3.525401008548215
3.5250851739565405
3.5250851972959936
3.5272957255965594
3.5257167964609835
3.5257168198004365
3.5257168198004365
3.524769362704319
3.526032631052658
3.5257167328982177
3.525401008548215
3.5250851972959936
3.5254009216459963
3.5250851972959936
3.5244535747915506
3.5250851739565405
3.526032631052658
3.525400985208762
3.525400985208762
3.526032607713205
3.5244535747915506
3.5257168198004365
3.524769386043772
3.525401008548215
3.525401008548215
3.524769386043772
3.525401008548215
3.5250851972959936
3.5257167964609835
3.526032631052658
3.525716669335452
3.5244535747915506
3.5257168198004365
3.526032607713205
3.5244535747915506
3.524137763539329
3.526032607713205
3.525401008548215
3.526032607713205
3.5250851972959936
3.5250851972959936
3.526348291839895
3.525401008548215
3.5244535747915506
3.5257167328982177
3.5257168198004365
3.524769386043772
3.525401008548215
3.5257168198004365
3.525401008548215
3.526664253557101
3.5244535747915506
3.525401008548215
3.5257168198004365
3.525401008548215
3.5257168198004365
3.5244535747915506
3.5257168198004365
3.5250851972959936
3.524769362704319
3.524769386043772
3.5257168198004365
3.524769386043772
3.5250851972959936
3.526032631052658
3.5250851972959936
3.526664253557101
3.526032631052658
3.525401008548215
3.5250851972959936
3.5257168198004365
3.5263484189654264
3.5250851972959936
3.526032631052658
3.5250851972959936
3.525401008548215
3.5257167964609835
3.5263484423048794
3.526032631052658
3.524769386043772
3.5257168198004365
3.5263484423048794
3.526664230217648
3.525401008548215
3.5244535747915506
3.5250851972959936
3.526664253557101
3.5250851972959936
3.5250851972959936
3.5250851972959936
3.526664166654882
3.525401008548215
3.5250851972959936
3.525400985208762
3.525401008548215
3.5257167964609835
3.5263484423048794
3.524769386043772
3.5244535747915506
3.5250851972959936
3.5257168198004365
3.524769386043772
3.5257168198004365
3.525400985208762
3.526032631052658
3.5250851972959936
3.524769362704319
3.5257167964609835
3.525400985208762
3.524769386043772
3.526032631052658
3.524769386043772
3.5244535747915506
3.525401008548215
3.5250851739565405
3.524769386043772
3.524769386043772
3.5250851972959936
3.525401008548215
3.526664166654882
3.525401008548215
3.524137763539329
3.524769386043772
3.526032631052658
3.5250851739565405
3.5250851972959936
3.526032631052658
3.5250851972959936
3.5250851739565405
3.5250851972959936
3.524769386043772
3.5250851972959936
3.5257168198004365
3.526032631052658
3.525401008548215
3.524769386043772
3.5257168198004365
3.525400985208762
3.5244535747915506
3.524769386043772
3.5244535747915506
3.5257168198004365
3.526032607713205
3.5250851972959936
3.524769386043772
3.5260324805876735
3.525401008548215
3.525401008548215
3.5257168198004365
3.5250851972959936
3.525401008548215
3.5250851972959936
3.5250851972959936
3.5250851972959936
3.5250851739565405
3.5244535747915506
3.525401008548215
3.525401008548215
3.5257168198004365
3.525401008548215
3.524769386043772
3.5263484189654264
3.5250851739565405
3.5250851972959936
3.5244535747915506
3.5257168198004365
3.524769386043772
3.5257167964609835
3.526032631052658
3.525401008548215
3.524137763539329
3.524137763539329
3.5250851739565405
3.5257168198004365
3.5244535747915506
3.524769386043772
3.5250851972959936
3.525401008548215
3.5257167964609835
3.526032607713205
3.5263484423048794
3.525400985208762
3.525401008548215
3.5250851972959936
3.526664166654882
3.5250851972959936
3.525401008548215
3.5257168198004365
3.5244535747915506
3.5257168198004365
3.525400985208762
3.525401008548215
3.524769386043772
3.526032607713205
3.526032631052658
3.525401008548215
3.5263484423048794
3.5250851972959936
3.524769386043772
3.5250851972959936
3.525401008548215
3.526032607713205
3.525401008548215
3.5263484423048794
3.5250851739565405
3.5257168198004365
3.524769386043772
3.5257168198004365
3.526032607713205
3.5257168198004365
3.524769386043772
3.5250851972959936
3.5254009216459963
3.5257168198004365
3.5250851972959936
3.525401008548215
3.525401008548215
3.5250851972959936
3.5244535747915506
3.5257168198004365
3.5250851739565405
3.524137763539329
3.5250851972959936
3.525401008548215
3.525401008548215
3.5257167964609835
3.5250851972959936
3.5257168198004365
3.524769386043772
3.5250851972959936
3.5260324805876735
3.524769386043772
3.5263484189654264
3.5244535747915506
3.524769386043772
3.525401008548215
3.5254009216459963
3.5263484423048794
3.5263483554026607
3.524769386043772
3.526664166654882
3.5250851972959936
3.525401008548215
3.5250851972959936
3.5257167964609835
3.5263484189654264
3.5257168198004365
3.524769386043772
3.5250851972959936
3.5244535747915506
3.5250851972959936
3.525401008548215
3.526032544150439
3.5250851972959936
3.5250851972959936
3.5257168198004365
3.524137763539329
3.5257168198004365
3.525401008548215
3.5250851972959936
3.526032607713205
3.5250851739565405
3.526032631052658
3.5257168198004365
3.524769386043772
3.5263484189654264
3.5250851972959936
3.526032631052658
3.524137763539329
3.5247692355787876
3.5257168198004365
3.5244535747915506
3.5257168198004365
3.526032544150439
3.5257167964609835
3.5250851972959936
3.5257167964609835
3.524769386043772
3.5263484423048794
3.5244535747915506
3.5257168198004365
3.5244535747915506
3.524769386043772
3.5250851972959936
3.5257167964609835
3.524769386043772
3.5257168198004365
3.525400985208762
3.5257168198004365
3.526032607713205
3.5250851972959936
3.524769386043772
3.525401008548215
3.5257167964609835
3.5250851972959936
3.5257168198004365
3.5250851972959936
3.5250851972959936
3.525400985208762
3.5257168198004365
3.525401008548215
3.525401008548215
3.5250851972959936
3.524769386043772
3.525401008548215
3.5250851972959936
3.5250851972959936
3.5269800648093224
3.524769362704319
3.5257168198004365
3.525401008548215
3.525401008548215
3.526032631052658
3.525401008548215
3.5244535747915506
3.5257168198004365
3.524769386043772
3.526032631052658
3.5257168198004365
3.524769362704319
3.5244535747915506
3.5257167964609835
3.524769386043772
3.5257168198004365
3.5263484189654264
3.5250851972959936
3.5250851972959936
3.524769386043772
3.524769386043772
3.526032607713205
3.5263483554026607
3.524769386043772
3.526032631052658
3.526032544150439
3.526664253557101
3.5244535747915506
3.5244535747915506
3.525401008548215
3.525400985208762
3.526032631052658
3.525401008548215
3.526032607713205
3.5257168198004365
3.525401008548215
3.524769386043772
3.525401008548215
3.5250851972959936
3.5257168198004365
3.5257168198004365
3.5244535747915506
3.524769386043772
3.5250851972959936
3.5257168198004365
3.525401008548215
3.524769386043772
3.5269800648093224
3.525401008548215
3.5250851972959936
3.5250851972959936
3.525401008548215
3.524769386043772
3.5250851972959936
3.5250851972959936
3.5257168198004365
3.524769386043772
3.5257167964609835
3.525401008548215
3.5250851972959936
3.524769386043772
3.5257168198004365
3.524769386043772
3.5263484423048794
3.525401008548215
3.525401008548215
3.5250851972959936
3.524769386043772
3.5257167964609835
3.525401008548215
3.5257168198004365
3.5250851972959936
3.526032631052658
3.5257165422099206
3.5257168198004365
3.5257167964609835
3.525401008548215
3.525401008548215
3.525401008548215
3.524769386043772
3.5263484423048794
3.5250851972959936
3.5250851739565405
3.526032631052658
3.526032607713205
3.525400985208762
3.5257168198004365
3.5257168198004365
3.5257168198004365
3.526032631052658
3.5257167328982177
3.5250851739565405
3.5257168198004365
3.5250851972959936
3.524769386043772
3.525401008548215
3.5250851739565405
3.526032631052658
3.5263483554026607
3.524769386043772
3.5263484423048794
3.526032544150439
3.525401008548215
3.5257168198004365
3.524769386043772
3.525401008548215
3.5250851972959936
3.524769362704319
3.5257168198004365
3.524769386043772
3.5257167964609835
3.5250851972959936
3.525400985208762
3.5250851972959936
3.526032631052658
3.526032544150439
3.525401008548215
3.526032631052658
3.5257168198004365
3.524769386043772
3.5250851972959936
3.526032544150439
3.526032631052658
3.526664253557101
3.524769362704319
3.526032607713205
3.525400985208762
3.524769386043772
3.5257167964609835
3.5250851739565405
3.5257167964609835
3.5257168198004365
3.5250851972959936
3.5238219522871077
3.5250851972959936
3.526032544150439
3.5257168198004365
3.525401008548215
3.5250851972959936
3.524769386043772
3.525401008548215
3.5263483554026607
3.5257168198004365
3.5250851972959936
3.5244535747915506
3.5257168198004365
3.5266641030921164
3.5250851972959936
3.526032631052658
3.525400985208762
3.5250851739565405
3.5263484423048794
3.5250851972959936
3.5250851972959936
3.5257167964609835
3.525401008548215
3.5263484423048794
3.5257168198004365
3.524137763539329
3.525401008548215
3.5266641030921164
3.5263484423048794
3.5250851972959936
3.526032607713205
3.5263484423048794
3.5263484423048794
3.524137763539329
3.5250851972959936
3.5257167964609835
3.5257168198004365
3.5250851972959936
3.526348291839895
3.526664253557101
3.526032544150439
3.524137763539329
3.526032631052658
3.525401008548215
3.525401008548215
3.525401008548215
3.525401008548215
3.5257168198004365
3.5257168198004365
3.5254009216459963
3.5257168198004365
3.5250851972959936
3.5244535747915506
3.5257168198004365
3.5244535747915506
3.525401008548215
3.525401008548215
3.5257167328982177
3.5257168198004365
3.525400985208762
3.524769386043772
3.524769386043772
3.5257168198004365
3.5250851972959936
3.5250851972959936
3.526032544150439
3.5244535747915506
3.5257168198004365
3.524769386043772
3.525401008548215
3.5260324805876735
3.5257168198004365
3.525401008548215
3.5250851972959936
3.524137763539329
3.526032631052658
3.526032631052658
3.525401008548215
3.5257168198004365
3.5244535747915506
3.5244535747915506
3.525401008548215
3.524769386043772
3.524769386043772
3.5257167964609835
3.526032631052658
3.525401008548215
3.5250851739565405
3.526032631052658
3.526348291839895
3.5257168198004365
3.526032631052658
3.5250851972959936
3.526664253557101
3.5250851972959936
3.525401008548215
3.525401008548215
3.5257167328982177
3.5257168198004365
3.5250851972959936
3.525400985208762
3.524769386043772
3.525401008548215
3.524769386043772
3.526032631052658
3.5263484189654264
3.5250851972959936
3.524769386043772
3.5263484189654264
3.5257168198004365
3.5250851972959936
3.5263484189654264
3.5257168198004365
3.5250851739565405
3.524769386043772
3.5250851972959936
3.5257168198004365
3.5257168198004365
3.5244535747915506
3.525401008548215
3.526664230217648
3.5250851739565405
3.5257168198004365
3.5244535747915506
3.526032607713205
3.524769386043772
3.524769386043772
3.526664166654882
3.526032631052658
3.5254008580832306
3.5238219522871077
3.525400985208762
3.526032631052658
3.526032631052658
3.525401008548215
3.524769386043772
3.525401008548215
3.524769386043772
3.5250851972959936
3.5257167328982177
3.525400985208762
3.525401008548215
3.5250851739565405
3.526664230217648
3.5244535747915506
3.5250851972959936
3.5250851972959936
3.5257168198004365
3.5250851972959936
3.5257168198004365
3.5244535747915506
3.5250851972959936
3.526664253557101
3.5257167964609835
3.5257168198004365
3.5257167964609835
3.5257168198004365
3.5250851972959936
3.525400985208762
3.5257168198004365
3.525401008548215
3.5260324805876735
3.5257168198004365
3.5254009216459963
3.5250851972959936
3.5257168198004365
3.5250851972959936
3.5263484189654264
3.5257168198004365
3.524769362704319
3.5257168198004365
3.525400985208762
3.5244535747915506
3.524769386043772
3.524769386043772
3.525401008548215
3.525401008548215
3.5257167328982177
3.524769386043772
3.5257167328982177
3.525401008548215
3.525401008548215
3.5257167964609835
3.5257168198004365
3.5244535747915506
3.526348291839895
3.524137740199876
3.525401008548215
3.525716669335452
3.5257168198004365
3.524769386043772
3.5250851739565405
3.526032631052658
3.525401008548215
3.525085110393775
3.5250851972959936
3.525401008548215
3.5257168198004365
3.5263484189654264
3.524769386043772
3.524769386043772
3.524769386043772
3.5250851972959936
3.5257168198004365
3.5235061410348862
3.5257168198004365
3.525401008548215
3.5250851972959936
3.524137763539329
3.524769386043772
3.525401008548215
3.524769362704319
3.525401008548215
3.525401008548215
3.5250851972959936
3.5250851972959936
3.5257168198004365
3.5257168198004365
3.5263484423048794
3.526664230217648
3.5257167328982177
3.5250851972959936
3.525400985208762
3.526032631052658
3.5250851972959936
3.5263483554026607
3.5244535747915506
3.5244535747915506
3.524769362704319
3.5257168198004365
3.525401008548215
3.5257168198004365
3.5250851972959936
3.524769386043772
3.5263484189654264
3.526032544150439
3.5257167964609835
3.525401008548215
3.525401008548215
3.526032631052658
3.5257168198004365
3.5244535747915506
3.5250851972959936
3.526032631052658
3.5250851739565405
3.525401008548215
3.527295852722091
3.525401008548215
3.525401008548215
3.5244535747915506
3.525401008548215
3.5263484423048794
3.5257167964609835
3.5250851972959936
3.5263484189654264
3.5244535747915506
3.5250851972959936
3.525401008548215
3.5257168198004365
3.525401008548215
3.527295852722091
3.5257167964609835
3.525401008548215
3.524769386043772
3.525401008548215
3.525401008548215
3.524769386043772
3.5250851739565405
3.526032631052658
3.524769386043772
3.524769386043772
3.5263484423048794
3.5257168198004365
3.5250851972959936
3.526032631052658
3.5250851972959936
3.5250851972959936
3.5250851972959936
3.525401008548215
3.5250851972959936
3.525401008548215
3.5250851972959936
3.5257168198004365
3.526032631052658
3.526032607713205
3.5250851972959936
3.524769362704319
3.524769386043772
3.526032607713205
3.525401008548215
3.525401008548215
3.524137763539329
3.5263484423048794
3.525401008548215
3.524769386043772
3.5250851972959936
3.5250851972959936
3.525401008548215
3.526664230217648
3.525400985208762
3.5250851972959936
3.524137763539329
3.5235061410348862
3.5263483554026607
3.5257168198004365
3.5250851972959936
3.524769386043772
3.526664230217648
3.524769386043772
3.5257168198004365
3.526032544150439
3.5250851972959936
3.526032631052658
3.525401008548215
3.525401008548215
3.525401008548215
3.5250851972959936
3.5250851972959936
3.524769362704319
3.5269800414698693
3.5263484189654264
3.525400985208762
3.5257168198004365
3.5254009216459963
3.5257168198004365
3.525401008548215
3.526032607713205
3.5244535747915506
3.526032631052658
3.5257168198004365
3.525401008548215
3.526032607713205
3.525401008548215
3.525401008548215
3.526032544150439
3.5250851972959936
3.526032631052658
3.525400985208762
3.5244535747915506
3.525401008548215
3.525400985208762
3.5269800648093224
3.5257167328982177
3.5250851972959936
3.5250851972959936
3.5250851739565405
3.525401008548215
3.5257167964609835
3.525401008548215
3.525401008548215
3.5250851972959936
3.525401008548215
3.524769386043772
3.5263484189654264
3.5244535747915506
3.525401008548215
3.5250851972959936
3.5263484423048794
3.5250851739565405
3.525401008548215
3.5250851972959936
3.5250851739565405
3.5257168198004365
3.524769386043772
3.524137763539329
3.526664253557101
3.5250851972959936
3.525401008548215
3.525401008548215
3.5250851972959936
3.526032631052658
3.5244535747915506
3.524769386043772
3.5250851972959936
3.5250851739565405
3.525401008548215
3.5244535747915506
3.5257168198004365
3.5257168198004365
3.525401008548215
3.527295852722091
3.526032631052658
3.5257168198004365
3.5250851739565405
3.5257168198004365
3.5257168198004365
3.5244535747915506
3.526032607713205
3.5244535747915506
3.5263484423048794
3.525400985208762
3.5257167964609835
3.5250851972959936
3.5263483554026607
3.5257168198004365
3.526032631052658
3.5250851972959936
3.525401008548215
3.526032544150439
3.5250851972959936
3.5250851972959936
3.526032631052658
3.5250851972959936
3.5250851972959936
3.525401008548215
3.525401008548215
3.525401008548215
3.525401008548215
3.5257168198004365
3.526032607713205
3.525401008548215
3.524769386043772
3.526032607713205
3.5257168198004365
3.524769386043772
3.5250851972959936
3.5257168198004365
3.5250851972959936
3.525401008548215
3.5244535747915506
3.5250851972959936
3.5250851972959936
3.5250851972959936
3.5250851972959936
3.526032607713205
3.5250851972959936
3.5257168198004365
3.5257167964609835
3.525401008548215
3.524769386043772
3.5250851972959936
3.5257168198004365
3.5250851972959936
3.526032631052658
3.5263483554026607
3.524769386043772
3.5250851972959936
3.526032631052658
3.5257168198004365
3.5260324805876735
3.525401008548215
3.525400985208762
3.5257168198004365
3.524769386043772
3.525400985208762
3.525401008548215
3.5263484423048794
3.524769386043772
3.5263484423048794
3.526664166654882
3.526032607713205
3.525401008548215
3.524137763539329
3.5250851739565405
3.5263484423048794
3.5250851972959936
3.526032631052658
3.5257168198004365
3.524769362704319
3.5250851972959936
3.525400985208762
3.5250851739565405
3.525401008548215
3.5257168198004365
3.524769362704319
3.525401008548215
3.526032544150439
3.5263483554026607
3.526664253557101
3.5244535747915506
3.524769386043772
3.5269800648093224
3.524769386043772
3.5250851972959936
3.524769386043772
3.526032607713205
3.526032631052658
3.5257167964609835
3.526032631052658
3.5244535747915506
3.5257167964609835
3.5263484423048794
3.525401008548215
3.525401008548215
3.5257168198004365
3.5244535747915506
3.5250851972959936
3.5257168198004365
3.5257168198004365
3.524137763539329
3.5250851972959936
3.5250851972959936
3.5250851972959936
3.525401008548215
3.526348291839895
3.525401008548215
3.525401008548215
3.5244535747915506
3.5257168198004365
3.525401008548215
3.526032544150439
3.525401008548215
3.5250851972959936
3.5244535747915506
3.525401008548215
3.524137763539329
3.524769386043772
3.526032631052658
3.526032607713205
3.5250851972959936
3.526032631052658
3.525400985208762
3.5244535747915506
3.5257168198004365
3.5254009216459963
3.524769386043772
3.5263483554026607
3.5257168198004365
3.5257168198004365
3.5257168198004365
3.5250851739565405
3.526032631052658
3.5244535747915506
3.524769386043772
3.525401008548215
3.5257167964609835
3.5263484189654264
3.5257167964609835
3.524769386043772
3.5257168198004365
3.5250851739565405
3.5254009216459963
3.526032631052658
3.5254008580832306
3.5257168198004365
3.5244535747915506
3.524769386043772
3.5250851972959936
3.526032544150439
3.524769386043772
3.524769386043772
3.5250851972959936
3.524769386043772
3.5250851972959936
3.526032607713205
3.5263484423048794
3.5257167964609835
3.525401008548215
3.525401008548215
3.5257167964609835
3.525401008548215
3.526032631052658
3.525401008548215
3.525401008548215
3.525401008548215
3.526032607713205
3.5257168198004365
3.525400985208762
3.526664230217648
3.5250851739565405
3.524769386043772
3.526032631052658
3.525401008548215
3.525400985208762
3.5269800648093224
3.525401008548215
3.5257168198004365
3.5257168198004365
3.5250851972959936
3.525401008548215
3.5257168198004365
3.5250851739565405
3.5263484189654264
3.5250851972959936
3.5263484189654264
3.5257168198004365
3.524769386043772
3.524769386043772
3.5257168198004365
3.5250851972959936
3.5244535747915506
3.525401008548215
3.5257167964609835
3.525401008548215
3.5250851739565405
3.526032631052658
3.5250851972959936
3.5254009216459963
3.526032631052658
3.5244535747915506
3.526664253557101
3.5257168198004365
3.524769386043772
3.5250851972959936
3.524769386043772
3.5257167328982177
3.525401008548215
3.525401008548215
3.5250851972959936
3.5254009216459963
3.5250851972959936
3.5244535747915506
3.5250851972959936
3.5257168198004365
3.5250851972959936
3.5244535747915506
3.5244535747915506
3.525401008548215
3.5244535747915506
3.5257168198004365
3.525400985208762
3.5250851972959936
3.5257168198004365
3.5257168198004365
3.5257168198004365
3.5250851739565405
3.525401008548215
3.5257168198004365
3.525085110393775
3.5263484423048794
3.5254009216459963
3.525401008548215
3.525401008548215
3.5250851739565405
3.5244535747915506
3.5257168198004365
3.5250851972959936
3.5257168198004365
3.5250851972959936
3.5250851972959936
3.525401008548215
3.524769386043772
3.525401008548215
3.524769386043772
3.5244535747915506
3.526664253557101
3.5257167328982177
3.525401008548215
3.5244535747915506
3.5257168198004365
3.5257168198004365
3.526032631052658
3.5247692991415533
3.5257168198004365
3.5257167964609835
3.525400985208762
3.5250851972959936
3.5235061410348862
3.5257168198004365
3.5250851972959936
3.524137763539329
3.526032631052658
3.526032631052658
3.5250851972959936
3.526032607713205
3.525401008548215
3.5263484423048794
3.5250851972959936
3.5263484189654264
3.5257168198004365
3.5257167328982177
3.5250851972959936
3.525401008548215
3.525400985208762
3.525401008548215
3.5257168198004365
3.5254008580832306
3.5257168198004365
3.524769386043772
3.5263484189654264
3.524769386043772
3.5250851972959936
3.5257168198004365
3.5257168198004365
3.524453487889332
3.5250851972959936
3.525401008548215
3.5250851972959936
3.526032631052658
3.526032544150439
3.525401008548215
3.524769386043772
3.5250851739565405
3.5250851972959936
3.5244535747915506
3.525401008548215
3.524769386043772
3.5250851972959936
3.5250851972959936
3.526032631052658
3.525085110393775
3.524769386043772
3.5257168198004365
3.5250851972959936
3.5263484189654264
3.526032544150439
3.5250851739565405
3.525401008548215
3.5257168198004365
3.524769386043772
3.5257168198004365
3.5250851739565405
3.5244535747915506
3.5250851972959936
3.524769386043772
3.525401008548215
3.525401008548215
3.5250851972959936
3.5250851972959936
3.5257168198004365
3.5250851972959936
3.5257168198004365
3.525401008548215
3.525400985208762
3.526664253557101
3.524769362704319
3.524769386043772
3.526032607713205
3.526979914344338
3.524769386043772
3.5257167964609835
3.5257167964609835
3.5257168198004365
3.5250851972959936
3.5250851972959936
3.525401008548215
3.525400985208762
3.525401008548215
3.5257168198004365
3.5250851972959936
3.5244535747915506
3.525401008548215
3.525400985208762
3.525401008548215
3.5250851739565405
3.5263483554026607
3.5250851972959936
3.5257167964609835
3.5257168198004365
3.5257168198004365
3.524769362704319
3.5250851972959936
3.5250851972959936
3.524769386043772
3.5250851972959936
3.526032631052658
3.5244535747915506
3.5263484423048794
3.525401008548215
3.5257167964609835
3.525401008548215
3.525401008548215
3.525401008548215
3.5250851972959936
3.526032631052658
3.5263484189654264
3.525401008548215
3.5263484423048794
3.524769386043772
3.525401008548215
3.526032631052658
3.5250851739565405
3.5263484423048794
3.524769386043772
3.524769386043772
3.5257168198004365
3.5250851972959936
3.524769386043772
3.5263484423048794
3.5257168198004365
3.524137763539329
3.5250851972959936
3.524137763539329
3.524769386043772
3.5257168198004365
3.5250851739565405
3.526032631052658
3.524769386043772
3.525400985208762
3.5257168198004365
3.5257167964609835
3.525401008548215
3.525401008548215
3.526032607713205
3.524769386043772
3.5257168198004365
3.525400985208762
3.524769386043772
3.5257168198004365
3.526032631052658
3.5269800648093224
3.5244535747915506
3.525401008548215
3.5263484423048794
3.526348291839895
3.5250851972959936
3.524769386043772
3.524137740199876
3.5257168198004365
3.5257168198004365
3.5254008580832306
3.525401008548215
3.5250851972959936
3.5250851972959936
3.525401008548215
3.5263484423048794
3.526032631052658
3.526664253557101
3.524769386043772
3.5244535747915506
3.5263484189654264
3.524769386043772
3.5263484423048794
3.5263484189654264
3.5250851972959936
3.5263484423048794
3.5244535747915506
3.5250851972959936
3.525401008548215
3.525401008548215
3.5257168198004365
3.524769386043772
3.525401008548215
3.526032631052658
3.526032607713205
3.5263484189654264
3.526032631052658
3.526032631052658
3.5250851972959936
3.5250851972959936
3.527295789159325
3.525401008548215
3.524769386043772
3.524769386043772
3.5263484423048794
3.5257168198004365
3.525401008548215
3.526032631052658
3.5250851972959936
3.526664253557101
3.5244535747915506
3.5263483554026607
3.526032631052658
3.526032607713205
3.524769386043772
3.5257168198004365
3.5254009216459963
3.524769386043772
3.5254008580832306
3.524769386043772
3.5257168198004365
3.525401008548215
3.524769386043772
3.5263484189654264
3.5244535747915506
3.5244535747915506
3.5250851972959936
3.5250851972959936
3.5263484189654264
3.524769386043772
3.525400985208762
3.5244535747915506
3.524137763539329
3.5263484423048794
3.526032631052658
3.5244535747915506
3.5250851972959936
3.5266641030921164
3.5250851972959936
3.525401008548215
3.5244535747915506
3.5257168198004365
3.526032607713205
3.5244535747915506
3.525401008548215
3.5257167328982177
3.5257168198004365
3.524769386043772
3.5250851972959936
3.5257168198004365
3.524769362704319
3.5244535747915506
3.5257168198004365
3.525400985208762
3.5250851972959936
3.5257167964609835
3.526032544150439
3.526032631052658
3.5257167964609835
3.5257168198004365
3.526032631052658
3.5244535747915506
3.526032607713205
3.5263484423048794
3.5244535747915506
3.5250851972959936
3.526032631052658
3.525401008548215
3.5263484423048794
3.525401008548215
3.5250851972959936
3.5250851972959936
3.526032607713205
3.525401008548215
3.525401008548215
3.5257167964609835
3.525401008548215
3.526032607713205
3.5250851972959936
3.5250851972959936
3.524137763539329
3.525400985208762
3.5250851972959936
3.5257168198004365
3.5244535747915506
3.525401008548215
3.5250851739565405
3.526664253557101
3.5257168198004365
3.5257168198004365
3.525401008548215
3.525085046831009
3.525401008548215
3.5238219522871077
3.5257168198004365
3.5244535747915506
3.5250851972959936
3.525401008548215
3.524769386043772
3.525401008548215
3.5257168198004365
3.526032631052658
3.5257167964609835
3.5257168198004365
3.526032607713205
3.526032631052658
3.5257168198004365
3.526032544150439
3.5257168198004365
3.524137763539329
3.524769386043772
3.5263484423048794
3.5257168198004365
3.5257167964609835
3.526032631052658
3.524769386043772
3.5250851739565405
3.526032631052658
3.525401008548215
3.5257168198004365
3.5257168198004365
3.5257168198004365
3.524769386043772
3.525401008548215
3.5250851972959936
3.525401008548215
3.5257167964609835
3.526664253557101
3.524769386043772
3.524769362704319
3.525401008548215
3.5263484423048794
3.525400985208762
3.5250851972959936
3.5257168198004365
3.525401008548215
3.524769386043772
3.525401008548215
3.524137763539329
3.525401008548215
3.5244535747915506
3.525085110393775
3.5257168198004365
3.524769386043772
3.526032607713205
3.5250851972959936
3.5257167328982177
3.526032631052658
3.5257168198004365
3.526032544150439
3.5244535747915506
3.525400985208762
3.5257167964609835
3.525401008548215
3.5257167964609835
3.5244535747915506
3.5257168198004365
3.526032544150439
3.5244535747915506
3.524769386043772
3.525400985208762
3.5257168198004365
3.525400985208762
3.524769386043772
3.526032631052658
3.5263484423048794
3.526032607713205
3.5250851972959936
3.524769386043772
3.524769386043772
3.526032631052658
3.524769386043772
3.526664230217648
3.525401008548215
3.5257168198004365
3.5263484189654264
3.5263484423048794
3.5269799779071036
3.5244535747915506
3.5257168198004365
3.5250851972959936
3.5250851972959936
3.526664253557101
3.5250851739565405
3.525401008548215
3.526032631052658
3.5257167964609835
3.5257168198004365
3.526032607713205
3.524769386043772
3.5257168198004365
3.5257168198004365
3.5250851972959936
3.5244535747915506
3.525401008548215
3.525401008548215
3.525401008548215
3.524769386043772
3.525401008548215
3.5263484423048794
3.5269799779071036
3.525401008548215
3.5250851972959936
3.5266641030921164
3.526032631052658
3.5254009216459963
3.5244535747915506
3.5257168198004365
3.524769386043772
3.526032631052658
3.524769362704319
3.524769386043772
3.525401008548215
3.5250851972959936
3.526032631052658
3.525401008548215
3.5254009216459963
3.5257168198004365
3.525401008548215
3.5250851972959936
3.524769386043772
3.5257168198004365
3.5250851972959936
3.525401008548215
3.5244535747915506
3.5244535747915506
3.526032607713205
3.525401008548215
3.524769386043772
3.526664230217648
3.526032631052658
3.526664253557101
3.524769386043772
3.525401008548215
3.5257167964609835
3.526664253557101
3.525401008548215
3.5250851972959936
3.524769386043772
3.526032631052658
3.5244535747915506
3.525401008548215
3.5257167964609835
3.5250851972959936
3.524769386043772
3.5263484189654264
3.5257168198004365
3.524769386043772
3.525400985208762
3.525401008548215
3.5244535747915506
3.526664166654882
3.5257168198004365
3.5257167964609835
3.525400985208762
3.5250851972959936
3.5257167964609835
3.5250851739565405
3.526032631052658
3.5257167964609835
3.526032631052658
3.525401008548215
3.5250851972959936
3.5250851972959936
3.5257168198004365
3.5244535747915506
3.5250851972959936
3.526032544150439
3.5250851972959936
3.524769386043772
3.525400985208762
3.525401008548215
3.5250851972959936
3.524769386043772
3.5250851972959936
3.524769386043772
3.5257168198004365
3.5257168198004365
3.5257168198004365
3.526664253557101
3.5250851739565405
3.525401008548215
3.525401008548215
3.5257168198004365
3.525401008548215
3.5244535747915506
3.5263484189654264
3.5250851972959936
3.5250851739565405
3.5250851972959936
3.525401008548215
3.5257168198004365
3.5250851972959936
3.524769386043772
3.526032631052658
3.5257168198004365
3.5257167328982177
3.525401008548215
3.5257168198004365
3.524769386043772
3.525401008548215
3.526032607713205
3.526664253557101
3.525401008548215
3.524137763539329
3.524137763539329
3.5257168198004365
3.5250851972959936
3.526664253557101
3.5257167964609835
3.5257167964609835
3.5257168198004365
3.5257167964609835
3.525401008548215
3.5231903297826648
3.5250851972959936
3.5257168198004365
3.524769386043772
3.524769386043772
3.526032631052658
3.5244535747915506
3.526032631052658
3.5257168198004365
3.524769386043772
3.525401008548215
3.5257168198004365
3.524137763539329
3.5244535747915506
3.524769386043772
3.5250851972959936
3.525401008548215
3.5257168198004365
3.5257168198004365
3.524769386043772
3.524769386043772
3.525401008548215
3.5250851972959936
3.5247692991415533
3.526032631052658
3.525400985208762
3.525401008548215
3.5244535747915506
3.5257167964609835
3.5244535747915506
3.5257168198004365
3.525401008548215
3.525401008548215
3.5244535747915506
3.5250851972959936
3.5250851972959936
3.524769386043772
3.525401008548215
3.5250851972959936
3.5238219522871077
3.525401008548215
3.526348291839895
3.524137763539329
3.525401008548215
3.525401008548215
3.525401008548215
3.524769386043772
3.5244535747915506
3.526032607713205
3.526032607713205
3.5250851972959936
3.526664230217648
3.5257167964609835
3.524769386043772
3.5257168198004365
3.524769386043772
3.525401008548215
3.525401008548215
3.5250851739565405
3.5257168198004365
3.5257168198004365
3.5263483554026607
3.524769386043772
3.525401008548215
3.524769362704319
3.525401008548215
3.5257167964609835
3.524769386043772
3.525401008548215
3.524137763539329
3.524769386043772
3.5263484423048794
3.524769362704319
3.5250851972959936
3.5257168198004365
3.526032607713205
3.526032607713205
3.5250851972959936
3.526032631052658
3.525401008548215
3.5257168198004365
3.524769386043772
3.5257168198004365
3.5250851739565405
3.5250851972959936
3.524769386043772
3.525400985208762
3.5250851739565405
3.526032631052658
3.5244535747915506
3.5250851972959936
3.526032607713205
3.524769386043772
3.5257168198004365
3.525401008548215
3.525401008548215
3.5263484423048794
3.5250851972959936
3.524137763539329
3.5257168198004365
3.526032607713205
3.5257168198004365
3.5250851972959936
3.5250851972959936
3.525401008548215
3.5250851972959936
3.524769386043772
3.5263484423048794
3.525716669335452
3.5257168198004365
3.526032631052658
3.525400985208762
3.525401008548215
3.526664253557101
3.525401008548215
3.5244535747915506
3.526032607713205
3.526032544150439
3.525401008548215
3.525401008548215
3.524769386043772
3.526032631052658
3.525401008548215
3.525716669335452
3.524769386043772
3.524769386043772
3.526032631052658
3.525401008548215
3.5250851972959936
3.526032607713205
3.525401008548215
3.525401008548215
3.5250851739565405
3.525401008548215
3.524769386043772
3.5244535747915506
3.5244535747915506
3.5250851739565405
3.524769386043772
3.524137763539329
3.5250851972959936
3.5244535747915506
3.525401008548215
3.5250851739565405
3.524769386043772
3.526979914344338
3.5244535747915506
3.5250851972959936
3.525400985208762
3.5250851972959936
3.525401008548215
3.5244535747915506
3.524769386043772
3.524769386043772
3.5250851972959936
3.524769386043772
3.5250851972959936
3.5257167328982177
3.5257168198004365
3.526032631052658
3.525401008548215
3.5257168198004365
3.5250851972959936
3.5257167964609835
3.524769386043772
3.5254008580832306
3.5250851972959936
3.525401008548215
3.5257167964609835
3.5250851972959936
3.525401008548215
3.5250851972959936
3.5257168198004365
3.5257167328982177
3.5238219522871077
3.526032631052658
3.526032607713205
3.525401008548215
3.524769386043772
3.5250851972959936
3.5257168198004365
3.526032544150439
3.5244535747915506
3.525401008548215
3.525401008548215
3.5263484423048794
3.524769386043772
3.524769386043772
3.525401008548215
3.5257167964609835
3.5244535747915506
3.525401008548215
3.5257168198004365
3.526032544150439
3.526032607713205
3.5250851972959936
3.5250851972959936
3.525401008548215
3.5250851972959936
3.5244535747915506
3.524769386043772
3.5263484189654264
3.525401008548215
3.5257167964609835
3.525401008548215
3.5263484189654264
3.525401008548215
3.5244535747915506
3.525401008548215
3.525401008548215
3.525401008548215
3.525085110393775
3.5257168198004365
3.5257168198004365
3.5250851972959936
3.5257168198004365
3.5257168198004365
3.525400985208762
3.525401008548215
3.5263484189654264
3.5257168198004365
3.525400985208762
3.5257167964609835
3.526664253557101
3.5263483554026607
3.5257168198004365
3.5257167964609835
3.525401008548215
3.5257168198004365
3.525401008548215
3.5263484189654264
3.525401008548215
3.526032607713205
3.5250851972959936
3.5244535747915506
3.5250851739565405
3.524769386043772
3.5257168198004365
3.5260324805876735
3.5250851972959936
3.5257167964609835
3.525400985208762
3.526664253557101
3.526032631052658
3.526032631052658
3.5250851972959936
3.524769362704319
3.5263484423048794
3.525400985208762
3.5257168198004365
3.5250851972959936
3.5250851972959936
3.5257168198004365
3.526032631052658
3.5250851972959936
3.524769386043772
3.526032631052658
3.5250851972959936
3.526032631052658
3.5250851972959936
3.525400985208762
3.5238219522871077
3.524137763539329
3.5244535747915506
3.5263484189654264
3.5250851972959936
3.525401008548215
3.5250851972959936
3.5257167964609835
3.526664166654882
3.5250851972959936
3.526032607713205
3.5257168198004365
3.525401008548215
3.5257167964609835
3.526032607713205
3.5250851972959936
3.5250851972959936
3.524137763539329
3.5244535747915506
3.5263484423048794
3.5254009216459963
3.524769386043772
3.5263484189654264
3.5250851972959936
3.526664253557101
3.5244535747915506
3.525401008548215
3.5250851972959936
3.524769386043772
3.526664166654882
3.5257168198004365
3.5244535747915506
3.526032631052658
3.526032607713205
3.5250851972959936
3.524769386043772
3.5244535747915506
3.5257168198004365
3.525401008548215
3.5250851972959936
3.5257168198004365
3.524769386043772
3.5250851972959936
3.524769386043772
3.5250851739565405
3.525401008548215
3.525400985208762
3.525400985208762
3.524769386043772
3.5250851972959936
3.526664253557101
3.525401008548215
3.5257167328982177
3.524769386043772
3.5257168198004365
3.526032607713205
3.524769386043772
3.525401008548215
3.5263483554026607
3.524769386043772
3.5250851972959936
3.525401008548215
3.524769386043772
3.5250851972959936
3.524769386043772
3.526032631052658
3.524769386043772
3.525401008548215
3.526664230217648
3.5244535747915506
3.526664230217648
3.525401008548215
3.525401008548215
3.526032631052658
3.5257167964609835
3.5257168198004365
3.5244535747915506
3.5235061410348862
3.5250851972959936
3.525401008548215
3.5257167964609835
3.5250851972959936
3.524769386043772
3.5250851739565405
3.5257168198004365
3.5250851972959936
3.5257168198004365
3.5244535747915506
3.525401008548215
3.5254009216459963
3.526032631052658
3.524769386043772
3.524769386043772
3.5257167964609835
3.5244535747915506
3.5250851972959936
3.526032607713205
3.5250851972959936
3.526032631052658
3.5257167964609835
3.5263484423048794
3.525401008548215
3.525400985208762
3.5244535747915506
3.5244535747915506
3.525401008548215
3.5250851972959936
3.525401008548215
3.5250851972959936
3.5244535747915506
3.5250851972959936
3.5257167964609835
3.5257168198004365
3.5250851972959936
3.5250851972959936
3.525401008548215
3.526664253557101
3.5244535514520976
3.524769386043772
3.525401008548215
3.524769386043772
3.5257168198004365
3.5263484189654264
3.525401008548215
3.526032631052658
3.5244535747915506
3.5244535747915506
3.524769386043772
3.5263484423048794
3.525401008548215
3.5257168198004365
3.5263484423048794
3.525401008548215
3.526664230217648
3.5250851739565405
3.5257167964609835
3.5263484189654264
3.525401008548215
3.524137763539329
3.525401008548215
3.524769386043772
3.526032631052658
3.5260324805876735
3.524137763539329
3.5250851972959936
3.524137763539329
3.524769386043772
3.5257168198004365
3.526032607713205
3.524769386043772
3.525401008548215
3.524137763539329
3.5269800648093224
3.525400985208762
3.526032607713205
3.5269800648093224
3.5257168198004365
3.5257168198004365
3.525401008548215
3.524769362704319
3.526032631052658
3.5257167964609835
3.5250851972959936
3.526664230217648
3.5257167328982177
3.5244535747915506
3.5257168198004365
3.5263483554026607
3.524769386043772
3.524769386043772
3.5244535747915506
3.5257168198004365
3.525400985208762
3.5257168198004365
3.5263484423048794
3.524769386043772
3.524769386043772
3.5250851972959936
3.524769386043772
3.525401008548215
3.525401008548215
3.5244535747915506
3.5257168198004365
3.524137763539329
3.526032631052658
3.524769386043772
3.5250851972959936
3.5244535747915506
3.5250851972959936
3.5250851972959936
3.5250851972959936
3.526348291839895
3.5263484423048794
3.5250851972959936
3.525401008548215
3.5257168198004365
3.526032607713205
3.524769386043772
3.5257168198004365
3.524769386043772
3.524137763539329
3.5244535747915506
3.526032631052658
3.524769386043772
3.5257168198004365
3.526664166654882
3.5263484423048794
3.5257168198004365
3.526032631052658
3.525401008548215
3.5250851972959936
3.5257168198004365
3.525401008548215
3.5263484189654264
3.524769386043772
3.524769386043772
3.525401008548215
3.5257168198004365
3.5257168198004365
3.526032631052658
3.5254009216459963
3.524769386043772
3.526032631052658
3.5257167964609835
3.5257168198004365
3.5257167964609835
3.5244535747915506
3.5250851972959936
3.525400985208762
3.524769386043772
3.5250851972959936
3.525400985208762
3.5257168198004365
3.526032544150439
3.5257167964609835
3.525401008548215
3.524137763539329
3.5257168198004365
3.525401008548215
3.525400985208762
3.526032631052658
3.5250851972959936
3.5244535747915506
3.5250851972959936
3.526032607713205
3.5257168198004365
3.525401008548215
3.525401008548215
3.524769386043772
3.5257168198004365
3.526032607713205
3.525401008548215
3.525400985208762
3.524769386043772
3.526664253557101
3.524769386043772
3.5257168198004365
3.5250851972959936
3.5257167964609835
3.525401008548215
3.524769386043772
3.524769386043772
3.5257168198004365
3.5250851739565405
3.525400985208762
3.5257168198004365
3.5250851972959936
3.5263484423048794
3.5257167964609835
3.5244535747915506
3.524137763539329
3.5257168198004365
3.5250851972959936
3.525401008548215
3.525401008548215
3.5250851972959936
3.526032607713205
3.5250851972959936
3.525401008548215
3.5250851972959936
3.524769362704319
3.5269800648093224
3.5250851972959936
3.5244535747915506
3.524137763539329
3.526032631052658
3.5263484423048794
3.5250851972959936
3.5263484189654264
3.526032607713205
3.525401008548215
3.525400985208762
3.525401008548215
3.5257167964609835
3.5244535747915506
3.5257168198004365
3.526032544150439
3.525401008548215
3.526664253557101
3.525400985208762
3.525401008548215
3.5250851972959936
3.5250851972959936
3.5257168198004365
3.526032607713205
3.5250851972959936
3.5257168198004365
3.5250851972959936
3.5250851972959936
3.5250851972959936
3.524769386043772
3.5257168198004365
3.525401008548215
3.525400985208762
3.5250851972959936
3.5244535747915506
3.524769386043772
3.525401008548215
3.525401008548215
3.5244535747915506
3.526032607713205
3.5250851972959936
3.5257168198004365
3.525401008548215
3.5250851972959936
3.525401008548215
3.5257168198004365
3.5257168198004365
3.5250851972959936
3.5257168198004365
3.5263484189654264
3.5250851972959936
3.525400985208762
3.5250851972959936
3.5263484423048794
3.524769386043772
3.5257167964609835
3.5263484423048794
3.525400985208762
3.5250851972959936
3.5250851972959936
3.524769386043772
3.5263484423048794
3.525400985208762
3.524769386043772
3.526032607713205
3.5250851972959936
3.5250851972959936
3.5257168198004365
3.526032607713205
3.526032631052658
3.5250851972959936
3.525400985208762
3.5257167964609835
3.5263484423048794
3.525085110393775
3.524769386043772
3.5257167964609835
3.525401008548215
3.5250851972959936
3.5257168198004365
3.5250851739565405
3.5250851972959936
3.525401008548215
3.5250851972959936
3.525401008548215
3.524769386043772
3.5257167964609835
3.525401008548215
3.524769386043772
3.5244535747915506
3.5250851972959936
3.525401008548215
3.525400985208762
3.524769386043772
3.5244535747915506
3.5244535747915506
3.526664230217648
3.526032607713205
3.5244535747915506
3.5263484423048794
3.524769362704319
3.524137763539329
3.526032631052658
3.525401008548215
3.524137763539329
3.524769386043772
3.5254009216459963
3.524769386043772
3.525401008548215
3.5250851739565405
3.5257167964609835
3.5257167964609835
3.5257168198004365
3.526664230217648
3.526032607713205
3.524769386043772
3.5250851972959936
3.5257167964609835
3.526032607713205
3.525400985208762
3.5235061410348862
3.524769386043772
3.5250851972959936
3.5250851972959936
3.524769386043772
3.525400985208762
3.525401008548215
3.525401008548215
3.5250851972959936
3.5244535747915506
3.5257168198004365
3.5257167964609835
3.5257168198004365
3.526032544150439
3.5244535747915506
3.525401008548215
3.5250851972959936
3.5263484189654264
3.525401008548215
3.526032544150439
3.524769386043772
3.5250851972959936
3.5257168198004365
3.524769386043772
3.525400985208762
3.5257168198004365
3.524769386043772
3.526032607713205
3.525401008548215
3.525401008548215
3.526032607713205
3.524769386043772
3.5244535747915506
3.525401008548215
3.525401008548215
3.524769386043772
3.5250851972959936
3.5257168198004365
3.5250851972959936
3.5250851972959936
3.5257168198004365
3.525401008548215
3.524137763539329
3.526032544150439
3.5250851972959936
3.5257168198004365
3.5244535514520976
3.525401008548215
3.5257168198004365
3.5257168198004365
3.5263483554026607
3.5254009216459963
3.5257167964609835
3.525401008548215
3.5235061410348862
3.5250851972959936
3.526032544150439
3.524769386043772
3.5257168198004365
3.525401008548215
3.525401008548215
3.5250851972959936
3.5250851972959936
3.5257168198004365
3.525401008548215
3.5257168198004365
3.5250851972959936
3.5254009216459963
3.5250851972959936
3.5257167964609835
3.524769386043772
3.525401008548215
3.524137763539329
3.525400985208762
3.525401008548215
3.5244535747915506
3.525401008548215
3.526032631052658
3.525401008548215
3.526032631052658
3.5257168198004365
3.524769386043772
3.525401008548215
3.524769386043772
3.525401008548215
3.525401008548215
3.524769386043772
3.524769386043772
3.524769386043772
3.524769386043772
3.5250851972959936
3.525400985208762
3.525401008548215
3.525401008548215
3.5254009216459963
3.5257168198004365
3.524769386043772
3.525401008548215
3.5263484189654264
3.525401008548215
3.525401008548215
3.5257168198004365
3.5244535747915506
3.5257168198004365
3.524769386043772
3.524769386043772
3.5250851739565405
3.5244535747915506
3.5257168198004365
3.525401008548215
3.5244535747915506
3.5257168198004365
3.524769386043772
3.5244535747915506
3.5257168198004365
3.524137763539329
3.5250851972959936
3.526032631052658
3.5254009216459963
3.526032631052658
3.526032544150439
3.524769386043772
3.5250851972959936
3.5250851972959936
3.5257168198004365
3.5263484423048794
3.5266641030921164
3.5263484423048794
3.5250851972959936
3.5257168198004365
3.5263484189654264
3.5250851739565405
3.5257168198004365
3.526032631052658
3.5254009216459963
3.525401008548215
3.5244535747915506
3.5263484423048794
3.5269800414698693
3.524769386043772
3.5250851972959936
3.5257168198004365
3.5260324805876735
3.5257168198004365
3.5250851972959936
3.5244535747915506
3.526032631052658
3.5257168198004365
3.5250851972959936
3.5238219522871077
3.526032607713205
3.526348291839895
3.524769386043772
3.5250851972959936
3.5257168198004365
3.5244535747915506
3.5250851972959936
3.526032631052658
3.526032631052658
3.5263483554026607
3.525401008548215
3.5250851972959936
3.5257167328982177
3.525401008548215
3.524137763539329
3.524769386043772
3.526664253557101
3.524769386043772
3.5254009216459963
3.5250851972959936
3.525401008548215
3.526664230217648
3.524137763539329
3.524769386043772
3.5250851972959936
3.5257168198004365
3.5244535747915506
3.5257168198004365
3.5257168198004365
3.5257168198004365
3.5250851972959936
3.5257168198004365
3.525401008548215
3.524769386043772
3.526032607713205
3.5250851972959936
3.5263484423048794
3.5244535747915506
3.525401008548215
3.5250851972959936
3.525400985208762
3.524769386043772
3.526664253557101
3.524769386043772
3.5257168198004365
3.526032631052658
3.525401008548215
3.525401008548215
3.525401008548215
3.526032607713205
3.5257168198004365
3.525401008548215
3.5244535514520976
3.525401008548215
3.5257167964609835
3.5250851972959936
3.5257168198004365
3.5250851972959936
3.5250851972959936
3.5257168198004365
3.526032607713205
3.525401008548215
3.5263484189654264
3.524769362704319
3.525401008548215
3.5257168198004365
3.525401008548215
3.526032631052658
3.525401008548215
3.5244535747915506
3.525401008548215
3.5250851972959936
3.524137763539329
3.525401008548215
3.526032607713205
3.5257167328982177
3.5257168198004365
3.5257168198004365
3.5254009216459963
3.525401008548215
3.524769386043772
3.524769386043772
3.5257168198004365
3.5250851972959936
3.5250851972959936
3.5250851972959936
3.5250851739565405
3.5250851972959936
3.5263484423048794
3.524769386043772
3.5263484423048794
3.525401008548215
3.526348291839895
3.526979914344338
3.5257168198004365
3.5257168198004365
3.524769386043772
3.526032631052658
3.525401008548215
3.5257168198004365
3.5250851972959936
3.5257168198004365
3.5257168198004365
3.526032607713205
3.524769386043772
3.5250851739565405
3.524769386043772
3.525401008548215
3.526348291839895
3.526032631052658
3.525401008548215
3.5263484189654264
3.5257168198004365
3.525400985208762
3.524769386043772
3.5250851972959936
3.524137763539329
3.524769386043772
3.5250851972959936
3.526032607713205
3.5250851972959936
3.5257168198004365
3.525400985208762
3.5257168198004365
3.5250851972959936
3.5257167328982177
3.5263484423048794
3.525401008548215
3.5263484189654264
3.525401008548215
3.5250851739565405
3.526032631052658
3.525401008548215
3.524769362704319
3.5257168198004365
3.525401008548215
3.524769386043772
3.526032631052658
3.5266641030921164
3.5257168198004365
3.525401008548215
3.5250851972959936
3.5250851972959936
3.5257168198004365
3.524769386043772
3.5250851972959936
3.525401008548215
3.5244535747915506
3.525401008548215
3.526032631052658
3.5250851972959936
3.526664230217648
3.5254009216459963
3.525401008548215
3.5244535747915506
3.5257168198004365
3.524769386043772
3.5244535747915506
3.526032607713205
3.526032631052658
3.524769362704319
3.5257168198004365
3.524769362704319
3.5238219522871077
3.526032631052658
3.526032544150439
3.5257168198004365
3.5257168198004365
3.524769386043772
3.5257168198004365
3.524769362704319
3.5257168198004365
3.525401008548215
3.525401008548215
3.525401008548215
3.525401008548215
3.5250851739565405
3.5257168198004365
3.525401008548215
3.526032631052658
3.525401008548215
3.526032607713205
3.5257168198004365
3.5250851972959936
3.5257167964609835
3.5250851972959936
3.524769386043772
3.526032607713205
3.525401008548215
3.5250851972959936
3.5257168198004365
3.5257168198004365
3.5250851972959936
3.525401008548215
3.5254009216459963
3.524769386043772
3.526032631052658
3.525401008548215
3.5250851972959936
3.524137763539329
3.5250851972959936
3.526664230217648
3.524769386043772
3.5250851972959936
3.526664253557101
3.524769386043772
3.5250851972959936
3.526032631052658
3.5250851739565405
3.525401008548215
3.525401008548215
3.5257167964609835
3.5257168198004365
3.524769386043772
3.5263484189654264
3.526664253557101
3.5254009216459963
3.5263483554026607
3.525401008548215
3.524769386043772
3.5250851972959936
3.526032631052658
3.5266641030921164
3.5250851972959936
3.5244535747915506
3.526348291839895
3.524137763539329
3.525401008548215
3.524769386043772
3.5257168198004365
3.526032544150439
3.5257168198004365
3.5263484423048794
3.5250851739565405
3.524769386043772
3.5257168198004365
3.5257167964609835
3.5257167328982177
3.525401008548215
3.526664253557101
3.525401008548215
3.5250851972959936
3.5257168198004365
3.5263484189654264
3.526032607713205
3.5257168198004365
3.526032607713205
3.5257167964609835
3.5263484423048794
3.5250851972959936
3.524769386043772
3.5244535747915506
3.524769386043772
3.525401008548215
3.526032631052658
3.524137763539329
3.5257168198004365
3.524769386043772
3.5250851972959936
3.5257168198004365
3.5257168198004365
3.5257168198004365
3.5257167964609835
3.524769386043772
3.525401008548215
3.526032631052658
3.5244535747915506
3.525401008548215
3.526032544150439
3.525400985208762
3.526032607713205
3.525401008548215
3.5257168198004365
3.526032631052658
3.527295789159325
3.524769386043772
3.525401008548215
3.525401008548215
3.5250851972959936
3.525401008548215
3.5250851972959936
3.526032631052658
3.525400985208762
3.524137763539329
3.526032631052658
3.5250851972959936
3.524769386043772
3.5250851972959936
3.525401008548215
3.525401008548215
3.5263484189654264
3.5244535747915506
3.5238219522871077
3.5266641030921164
3.5263484189654264
3.5257168198004365
3.524769362704319
3.5250851972959936
3.5257168198004365
3.526032631052658
3.525401008548215
3.524769386043772
3.5250851972959936
3.526032631052658
3.526032607713205
3.5257168198004365
3.5257168198004365
3.5250851972959936
3.5250851972959936
3.5257167964609835
3.526032631052658
3.5257168198004365
3.5250851739565405
3.524769386043772
3.526032631052658
3.524769386043772
3.5244535747915506
3.5257168198004365
3.524769386043772
3.5257168198004365
3.5257167964609835
3.526032607713205
3.5250851972959936
3.5244535747915506
3.5257167328982177
3.5250851972959936
3.5250851972959936
3.5244535747915506
3.526032631052658
3.526032631052658
3.5250851739565405
3.5250851972959936
3.524137763539329
3.5244535747915506
3.5250851972959936
3.524769386043772
3.5250851972959936
3.524769386043772
3.525400985208762
3.5250851972959936
3.525401008548215
3.5250851972959936
3.524137763539329
3.525401008548215
3.5257167964609835
3.526032607713205
3.525401008548215
3.5250851739565405
3.5250851972959936
3.524769386043772
3.524769386043772
3.5263484423048794
3.526032607713205
3.5250851972959936
3.524769386043772
3.524769386043772
3.525401008548215
3.5250851972959936
3.524137763539329
3.5269800648093224
3.525400985208762
3.525401008548215
3.5257168198004365
3.526032544150439
3.5257168198004365
3.525401008548215
3.524137763539329
3.525401008548215
3.524769386043772
3.5257168198004365
3.526032544150439
3.525401008548215
3.5250851972959936
3.524769386043772
3.526348291839895
3.526032631052658
3.5257167328982177
3.525401008548215
3.5257168198004365
3.526032544150439
3.526032631052658
3.5257168198004365
3.524769386043772
3.526032631052658
3.5257167328982177
3.5250851972959936
3.524769386043772
3.5244535747915506
3.524769386043772
3.5250851972959936
3.5254008580832306
3.525401008548215
3.5250851972959936
3.5263484189654264
3.524769386043772
3.524769362704319
3.525401008548215
3.526664230217648
3.525401008548215
3.524137763539329
3.5254009216459963
3.5257168198004365
3.5263484423048794
3.5263484423048794
3.525401008548215
3.524769386043772
3.524769386043772
3.5257168198004365
3.5250851972959936
3.524769386043772
3.526032631052658
3.524769386043772
3.5257168198004365
3.5244535747915506
3.524769362704319
3.5250851972959936
3.525401008548215
3.525401008548215
3.525401008548215
3.525401008548215
3.525401008548215
3.5250851739565405
3.524137763539329
3.5257168198004365
3.5257168198004365
3.525401008548215
3.524137763539329
3.525401008548215
3.5257168198004365
3.5257167964609835
3.5250851972959936
3.5250851972959936
3.5250851972959936
3.5244535747915506
3.5250851972959936
3.5263484189654264
3.5250851972959936
3.525400985208762
3.525401008548215
3.5257167964609835
3.525401008548215
3.5263484423048794
3.524769362704319
3.525400985208762
3.5244535747915506
3.525400985208762
3.5257168198004365
3.526032631052658
3.525401008548215
3.5244535747915506
3.526032631052658
3.5263484189654264
3.5257168198004365
3.5257167964609835
3.5250851972959936
3.5250851972959936
3.525401008548215
3.5269800648093224
3.526032607713205
3.5238219522871077
3.5257168198004365
3.526348291839895
3.524769386043772
3.524769386043772
3.526032631052658
3.5257168198004365
3.5257167964609835
3.5250851739565405
3.5257168198004365
3.526032544150439
3.5250851972959936
3.525401008548215
3.5250851739565405
3.5250851972959936
3.525085110393775
3.5250851739565405
3.5257168198004365
3.525400985208762
3.5263484423048794
3.526032631052658
3.5257167964609835
3.525401008548215
3.524769362704319
3.526032607713205
3.526032631052658
3.5263483554026607
3.5244535747915506
3.525401008548215
3.525401008548215
3.5257168198004365
3.526979914344338
3.524769386043772
3.525401008548215
3.525401008548215
3.526032631052658
3.5250851972959936
3.5257167964609835
3.524769386043772
3.525401008548215
3.5250851972959936
3.5250851972959936
3.5254008580832306
3.5257168198004365
3.5244535747915506
3.5257167964609835
3.525400985208762
3.5250851972959936
3.526032607713205
3.5257168198004365
3.524137763539329
3.525400985208762
3.526664253557101
3.524769386043772
3.5250851972959936
3.5257168198004365
3.526032607713205
3.525401008548215
3.5244535747915506
3.5250851739565405
3.524769386043772
3.5250851972959936
3.525401008548215
3.5263484423048794
3.525401008548215
3.526032631052658
3.526032631052658
3.5244535747915506
3.5250851972959936
3.5250851972959936
3.525401008548215
3.5250851972959936
3.5244535747915506
3.5257167964609835
3.525401008548215
3.525400985208762
3.5250851739565405
3.5257168198004365
3.524769386043772
3.525401008548215
3.5250851972959936
3.5244535747915506
3.5250851972959936
3.5250851972959936
3.524769362704319
3.525401008548215
3.5250851739565405
3.5250851972959936
3.5257168198004365
3.5263484189654264
3.526032631052658
3.5244535747915506
3.5244535747915506
3.525401008548215
3.5244535747915506
3.524769386043772
3.526664166654882
3.5250851972959936
3.524769386043772
3.5263484423048794
3.5263483554026607
3.5250851972959936
3.5257168198004365
3.524769386043772
3.5257168198004365
3.524769386043772
3.525085110393775
3.5257168198004365
3.525401008548215
3.5250851739565405
3.525401008548215
3.524137763539329
3.5244535747915506
3.5257168198004365
3.5250851972959936
3.5257168198004365
3.524769386043772
3.525400985208762
3.525401008548215
3.5263484423048794
3.524769386043772
3.524769386043772
3.525401008548215
3.5257168198004365
3.525401008548215
3.524769386043772
3.5250851739565405
3.5244535747915506
3.525401008548215
3.5250851972959936
3.5250851972959936
3.5250851972959936
3.526032607713205
3.5263484189654264
3.526032631052658
3.526032544150439
3.525401008548215
3.524769386043772
3.5263484423048794
3.525401008548215
3.5250851972959936
3.5250851972959936
3.524769386043772
3.5250851972959936
3.526032631052658
3.526032607713205
3.524769386043772
3.5257168198004365
3.5257167964609835
3.5254008580832306
3.5257168198004365
3.525401008548215
3.5244535747915506
3.525401008548215
3.525401008548215
3.5257168198004365
3.526032607713205
3.525401008548215
3.526032631052658
3.524137763539329
3.5244535747915506
3.524769386043772
3.5257167964609835
3.525401008548215
3.526032607713205
3.5257168198004365
3.526032607713205
3.524769386043772
3.524769362704319
3.525401008548215
3.5250851972959936
3.5257167964609835
3.525401008548215
3.5257168198004365
3.5257168198004365
3.5250851972959936
3.5244535747915506
3.525401008548215
3.5244535747915506
3.524769386043772
3.526664166654882
3.524769386043772
3.525401008548215
3.525401008548215
3.5244535747915506
3.5250851972959936
3.5244535747915506
3.5257168198004365
3.526032631052658
3.5250851972959936
3.5250851972959936
3.527295789159325
3.5263483554026607
3.524769386043772
3.5257167964609835
3.525401008548215
3.524769362704319
3.5254009216459963
3.5250851972959936
3.5257168198004365
3.525400985208762
3.526032631052658
3.5244535747915506
3.5250851972959936
3.525400985208762
3.524769386043772
3.5250851972959936
3.5257167328982177
3.5250851972959936
3.5250851972959936
3.524137763539329
3.5263484423048794
3.524769386043772
3.5244535747915506
3.525401008548215
3.526032544150439
3.526664230217648
3.5250851972959936
3.5257167964609835
3.526032631052658
3.5250851972959936
3.5257168198004365
3.526032631052658
3.5257167328982177
3.525401008548215
3.524769386043772
3.5257167964609835
3.5250851972959936
3.524769386043772
3.525401008548215
3.5257168198004365
3.5257167328982177
3.525401008548215
3.5257167964609835
3.525401008548215
3.526032631052658
3.524769386043772
3.526032631052658
3.526664230217648
3.524769386043772
3.5250851972959936
3.5250851739565405
3.524769386043772
3.5250851972959936
3.5257167964609835
3.5263484189654264
3.525401008548215
3.5257167964609835
3.525401008548215
3.5250851972959936
3.524769386043772
3.5263484423048794
3.525401008548215
3.526032631052658
3.5257168198004365
3.5257166057726863
3.526032631052658
3.524769386043772
3.525401008548215
3.526032631052658
3.5257168198004365
3.525401008548215
3.5250851972959936
3.525716669335452
3.525401008548215
3.526032607713205
3.5244535747915506
3.525401008548215
3.525401008548215
3.5244535747915506
3.526032631052658
3.5250851972959936
3.5250851972959936
3.5257168198004365
3.5250851972959936
3.5244535747915506
3.5257168198004365
3.525400985208762
3.526032631052658
3.524137763539329
3.5257168198004365
3.524769386043772
3.524137763539329
3.526664230217648
3.525401008548215
3.526032607713205
3.526032631052658
3.524769362704319
3.5257168198004365
3.524769386043772
3.525400985208762
3.5257168198004365
3.526032631052658
3.5244535747915506
3.5250851972959936
3.524769386043772
3.5250851972959936
3.5263484423048794
3.5257167964609835
3.526032607713205
3.5257167964609835
3.526032631052658
3.524769386043772
3.525401008548215
3.5250851972959936
3.5263484423048794
3.5257168198004365
3.5257167964609835
3.5250851972959936
3.525401008548215
3.5263484189654264
3.5250851972959936
3.5244535747915506
3.5263484423048794
3.5257167328982177
3.525401008548215
3.526032631052658
3.5257167964609835
3.5257168198004365
3.526032631052658
3.525401008548215
3.5244535747915506
3.524769386043772
3.524769386043772
3.5244535747915506
3.525401008548215
3.5244535747915506
3.5250851972959936
3.5250851972959936
3.526032544150439
3.5244535747915506
3.5250851972959936
3.5244535747915506
3.5257168198004365
3.5244535747915506
3.5257168198004365
3.5250851972959936
3.524769386043772
3.5250851972959936
3.5250851972959936
3.526032607713205
3.525401008548215
3.525401008548215
3.524769386043772
3.5257168198004365
3.5250851739565405
3.5257168198004365
3.5263484423048794
3.5250851972959936
3.525401008548215
3.525400985208762
3.5254009216459963
3.5263484423048794
3.5260324805876735
3.524769386043772
3.526032631052658
3.5257167964609835
3.5257168198004365
3.526032631052658
3.524769386043772
3.525401008548215
3.526032631052658
3.524769362704319
3.5257168198004365
3.5263484189654264
3.5250851972959936
3.525401008548215
3.524769386043772
3.5257168198004365
3.524769386043772
3.5244535747915506
3.525401008548215
3.525401008548215
3.5244535747915506
3.525400985208762
3.5263484423048794
3.5244535747915506
3.526032631052658
3.5250851972959936
3.5257167964609835
3.525401008548215
3.525401008548215
3.5244535747915506
3.526664230217648
3.5257168198004365
3.5250851972959936
3.527295876061544
3.526032544150439
3.5250851972959936
3.5257168198004365
3.5257168198004365
3.525400985208762
3.524769386043772
3.524769386043772
3.526032631052658
3.525401008548215
3.5266641030921164
3.5257168198004365
3.5257168198004365
3.5257168198004365
3.526032631052658
3.524769386043772
3.524137763539329
3.525401008548215
3.526348291839895
3.5250851972959936
3.525400985208762
3.5250851972959936
3.525401008548215
3.5257168198004365
3.5244535747915506
3.526032631052658
3.524769386043772
3.5250851972959936
3.5250851972959936
3.5257168198004365
3.5250851972959936
3.5244535747915506
3.524769386043772
3.524769386043772
3.525401008548215
3.525401008548215
3.5244535747915506
3.524769386043772
3.526032631052658
3.5250851972959936
3.5257167964609835
3.526032631052658
3.5257167328982177
3.525401008548215
3.526032631052658
3.526032607713205
3.526032631052658
3.525401008548215
3.524769386043772
3.526032631052658
3.525716669335452
3.5257168198004365
3.5250851972959936
3.525401008548215
3.524769386043772
3.5250851972959936
3.525401008548215
3.526664253557101
3.5250851972959936
3.525401008548215
3.524769362704319
3.525401008548215
3.524769386043772
3.5244535747915506
3.5244535747915506
3.5250851972959936
3.524769386043772
3.525401008548215
3.5250851739565405
3.5250851972959936
3.525401008548215
3.524137763539329
3.525401008548215
3.525401008548215
3.5250851739565405
3.5257168198004365
3.5250851739565405
3.5250851972959936
3.525401008548215
3.525401008548215
3.5250851972959936
3.526032631052658
3.524769386043772
3.5257168198004365
3.5257168198004365
3.5257168198004365
3.5257168198004365
3.524769386043772
3.524769386043772
3.525401008548215
3.5263484189654264
3.5263484423048794
3.5250851972959936
3.5257168198004365
3.526032631052658
3.524769386043772
3.5257168198004365
3.5250851972959936
3.525401008548215
3.525401008548215
3.5250851972959936
3.5257168198004365
3.5257168198004365
3.525400985208762
3.526032631052658
3.5257168198004365
3.526032544150439
3.5250851972959936
3.5244535747915506
3.5238219522871077
3.5263484423048794
3.5250851739565405
3.525401008548215
3.5250851972959936
3.5257167964609835
3.525401008548215
3.5250851972959936
3.524769386043772
3.526032631052658
3.5250851972959936
3.525401008548215
3.5250851972959936
3.525400985208762
3.525401008548215
3.5244535747915506
3.524769386043772
3.526032631052658
3.524769386043772
3.5244535747915506
3.524137763539329
3.5260324805876735
3.525401008548215
3.525401008548215
3.526032544150439
3.525401008548215
3.5250851972959936
3.524769386043772
3.526032631052658
3.5257167964609835
3.5257168198004365
3.5250851972959936
3.525400985208762
3.524769386043772
3.525401008548215
3.524769386043772
3.525401008548215
3.5257167964609835
3.524769386043772
3.5250851972959936
3.5250851972959936
3.525401008548215
3.524769386043772
3.524769386043772
3.526664253557101
3.5250851739565405
3.525400985208762
3.5257168198004365
3.525400985208762
3.5250851972959936
3.5254009216459963
3.5244535747915506
3.526032631052658
3.5263484189654264
3.5257167964609835
3.5257168198004365
3.524769386043772
3.525400985208762
3.524769386043772
3.5250851739565405
3.525401008548215
3.5250851972959936
3.5244535747915506
3.525401008548215
3.525401008548215
3.525401008548215
3.5257168198004365
3.5257167964609835
3.5263483554026607
3.5257168198004365
3.524769386043772
3.5250851739565405
3.5250851972959936
3.5257167964609835
3.5244535747915506
3.5257167964609835
3.525401008548215
3.524137763539329
3.5263484423048794
3.525400985208762
3.525401008548215
3.524769386043772
3.5244535747915506
3.5257168198004365
3.525401008548215
3.525401008548215
3.5257168198004365
3.525085046831009
3.5257168198004365
3.5276116004115465
3.5257167328982177
3.526032631052658
3.5244535747915506
3.524769362704319
3.526664253557101
3.524769386043772
3.5257167328982177
3.526032631052658
3.5257168198004365
3.5257168198004365
3.526032631052658
3.525401008548215
3.5244535747915506
3.5263484189654264
3.524769362704319
3.5257168198004365
3.524769386043772
3.526032631052658
3.5257168198004365
3.5257168198004365
3.524769386043772
3.5250851972959936
3.5254008580832306
3.5250851972959936
3.5257168198004365
3.5257167964609835
3.5250851972959936
3.524769386043772
3.5257167964609835
3.526032631052658
3.5257167328982177
3.5244535747915506
3.525401008548215
3.524769386043772
3.5257168198004365
3.5263484423048794
3.526032544150439
3.5263484423048794
3.526032631052658
3.525400985208762
3.525401008548215
3.526032631052658
3.5250851739565405
3.5250851972959936
3.5257168198004365
3.5250851739565405
3.525401008548215
3.5263484189654264
3.5250851972959936
3.5250851972959936
3.5257168198004365
3.526032607713205
3.524769386043772
3.526032607713205
3.5263484189654264
3.524137763539329
3.525401008548215
3.5250851972959936
3.525401008548215
3.5257168198004365
3.5250851972959936
3.526032631052658
3.5250851972959936
3.526032607713205
3.5269800648093224
3.525401008548215
3.525401008548215
3.525401008548215
3.524137763539329
3.5257168198004365
3.525401008548215
3.526032607713205
3.5257168198004365
3.5250851972959936
3.525401008548215
3.524769386043772
3.5250851972959936
3.5257168198004365
3.525401008548215
3.526032607713205
3.5244535747915506
3.5250851739565405
3.5257167964609835
3.5250851972959936
3.5250851972959936
3.525401008548215
3.525401008548215
3.5257167964609835
3.5250851972959936
3.525400985208762
3.525401008548215
3.5250851972959936
3.525401008548215
3.526032631052658
3.524769386043772
3.5250851739565405
3.5257168198004365
3.525401008548215
3.5254009216459963
3.525401008548215
3.5244535747915506
3.526032631052658
3.5250851972959936
3.525716669335452
3.526664253557101
3.5244535747915506
3.5250851739565405
3.524769386043772
3.5244535747915506
3.5250851972959936
3.5250851972959936
3.5257167964609835
3.525401008548215
3.526032631052658
3.5257167964609835
3.524769386043772
3.525401008548215
3.5257168198004365
3.5250851972959936
3.5250851972959936
3.524769386043772
3.525401008548215
3.525401008548215
3.5250851972959936
3.526032631052658
3.526032607713205
3.5257168198004365
3.526032631052658
3.5250851972959936
3.5263484423048794
3.5257167964609835
3.525401008548215
3.524769386043772
3.5257168198004365
3.5250851972959936
3.5250851739565405
3.526664253557101
3.525401008548215
3.5257167328982177
3.526032631052658
3.5250851972959936
3.5250851972959936
3.5257168198004365
3.525401008548215
3.5263484189654264
3.5266641030921164
3.5250851972959936
3.524769386043772
3.5250851972959936
3.5257167964609835
3.5244535747915506
3.525401008548215
3.5257168198004365
3.5257168198004365
3.525400985208762
3.5244535747915506
3.5250851972959936
3.524137763539329
3.525401008548215
3.5250851972959936
3.526664253557101
3.5257167328982177
3.524769386043772
3.524769386043772
3.525401008548215
3.525401008548215
3.5257167964609835
3.5257167964609835
3.5257168198004365
3.526664253557101
3.5250851972959936
3.5250851972959936
3.525401008548215
3.525401008548215
3.5250851972959936
3.5250851739565405
3.5257168198004365
3.5257168198004365
3.524137763539329
3.526664230217648
3.525401008548215
3.525401008548215
3.5250851972959936
3.5250851972959936
3.5257168198004365
3.5257168198004365
3.5257167328982177
3.5244535747915506
3.525401008548215
3.525401008548215
3.526032631052658
3.5254009216459963
3.5250851972959936
3.526032631052658
3.525400985208762
3.5250851972959936
3.526032607713205
3.524769386043772
3.526664230217648
3.524769386043772
3.525401008548215
3.5263484189654264
3.524137763539329
3.5250851972959936
3.525401008548215
3.526032631052658
3.524769386043772
3.5244535747915506
3.525401008548215
3.526032631052658
3.524769362704319
3.5257168198004365
3.5257168198004365
3.526032631052658
3.524769386043772
3.525401008548215
3.5250851972959936
3.5269800648093224
3.525400985208762
3.5250851972959936
3.5257168198004365
3.5250851972959936
3.5257168198004365
3.525400985208762
3.524769386043772
3.5250851972959936
3.526032607713205
3.524137763539329
3.525401008548215
3.5250851972959936
3.5238219522871077
3.524769386043772
3.525401008548215
3.525401008548215
3.5257168198004365
3.5244535747915506
3.5250851972959936
3.525401008548215
3.5250851972959936
3.525401008548215
3.5257167964609835
3.525401008548215
3.5244535747915506
3.524769386043772
3.525401008548215
3.526032607713205
3.5257167964609835
3.5263484423048794
3.5244535747915506
3.525401008548215
3.526032631052658
3.5257167964609835
3.524769386043772
3.5238219522871077
3.5250851972959936
3.5244535747915506
3.5250851972959936
3.524769386043772
3.524769386043772
3.524769362704319
3.5257168198004365
3.525401008548215
3.525401008548215
3.5250851972959936
3.5269799779071036
3.525400985208762
3.5257168198004365
3.526664230217648
3.5257167964609835
3.5257168198004365
3.524769386043772
3.525400985208762
3.5250851972959936
3.5257167964609835
3.526032544150439
3.526032631052658
3.5250851739565405
3.524769386043772
3.525401008548215
3.526664230217648
3.525401008548215
3.5263484189654264
3.525400985208762
3.5250851972959936
3.5263484189654264
3.5244535747915506
3.525401008548215
3.5250851972959936
3.5257168198004365
3.525401008548215
3.5250851972959936
3.525401008548215
3.525401008548215
3.526032607713205
3.5257167964609835
3.524769386043772
3.526032631052658
3.5263484189654264
3.525401008548215
3.525400985208762
3.5257168198004365
3.5263484423048794
3.5257168198004365
3.526032544150439
3.525401008548215
3.5250851972959936
3.525401008548215
3.525401008548215
3.525401008548215
3.5257168198004365
3.525401008548215
3.524137763539329
3.525401008548215
3.525401008548215
3.524769386043772
3.5257168198004365
3.5250851972959936
3.525400985208762
3.5257168198004365
3.5257167964609835
3.525401008548215
3.525401008548215
3.524769386043772
3.5263484423048794
3.525401008548215
3.5257167328982177
3.5263484423048794
3.5257168198004365
3.525401008548215
3.524769386043772
3.524137763539329
3.526664230217648
3.5257168198004365
3.5244535747915506
3.5257168198004365
3.5263484423048794
3.5250851739565405
3.5257168198004365
3.5250851972959936
3.524769386043772
3.5250851972959936
3.525085110393775
3.5257168198004365
3.525401008548215
3.524769362704319
3.525401008548215
3.526032607713205
3.5250851972959936
3.524769386043772
3.5257168198004365
3.5244535747915506
3.526664230217648
3.5257167328982177
3.526032631052658
3.5269799779071036
3.526032631052658
3.525401008548215
3.524769386043772
3.524769386043772
3.5257168198004365
3.524769362704319
3.5257168198004365
3.5257167328982177
3.524137763539329
3.526032631052658
3.5257168198004365
3.526032631052658
3.5257168198004365
3.525401008548215
3.5238219522871077
3.525401008548215
3.5250851972959936
3.526664253557101
3.5257168198004365
3.5250851972959936
3.5257168198004365
3.5244535747915506
3.526664230217648
3.5250851972959936
3.5257168198004365
3.524137763539329
3.526032631052658
3.525401008548215
3.525401008548215
3.525085110393775
3.5250851972959936
3.5254009216459963
3.526032607713205
3.526032631052658
3.524769362704319
3.5263484189654264
3.5257168198004365
3.5250851972959936
3.525401008548215
3.5250851972959936
3.526032631052658
3.5257168198004365
3.526664230217648
3.526032631052658
3.526032631052658
3.525085110393775
3.524769386043772
3.5250851739565405
3.5250851972959936
3.525401008548215
3.5257168198004365
3.526032631052658
3.5250851972959936
3.5257168198004365
3.5244535747915506
3.524769386043772
3.5250851972959936
3.5257168198004365
3.5250851739565405
3.525401008548215
3.5257168198004365
3.526032631052658
3.5250851972959936
3.5257167964609835
3.5263484423048794
3.524137763539329
3.5250851972959936
3.5250851972959936
3.5250851972959936
3.523821865384889
3.525401008548215
3.5263483554026607
3.5250851972959936
3.524769386043772
3.5257167964609835
3.526032631052658
3.5257168198004365
3.5250851739565405
3.5250851972959936
3.525400985208762
3.526032607713205
3.524137763539329
3.525401008548215
3.525400985208762
3.525401008548215
3.524769386043772
3.526032544150439
3.525401008548215
3.526032607713205
3.526032607713205
3.5244535747915506
3.5257168198004365
3.526032631052658
3.526032607713205
3.524137763539329
3.525401008548215
3.524769386043772
3.5250851972959936
3.5257168198004365
3.526348291839895
3.5250851972959936
3.524769386043772
3.525401008548215
3.5263483554026607
3.5257168198004365
3.5257168198004365
3.525400985208762
3.525400985208762
3.526032631052658
3.5257167964609835
3.5244535747915506
3.526032607713205
3.526032607713205
3.5257168198004365
3.5257168198004365
3.5244535747915506
3.524769386043772
3.5257167964609835
3.5250851972959936
3.5257168198004365
3.525401008548215
3.5244535747915506
3.526032607713205
3.525400985208762
3.524769386043772
3.524769362704319
3.5257167964609835
3.525401008548215
3.526032631052658
3.524769386043772
3.5250851739565405
3.524769386043772
3.525401008548215
3.526032631052658
3.526032544150439
3.525401008548215
3.525401008548215
3.5257168198004365
3.5250851972959936
3.5250851972959936
3.5250851972959936
3.524137763539329
3.5257167328982177
3.5257167328982177
3.5263484423048794
3.524769386043772
3.525401008548215
3.5257168198004365
3.5244535747915506
3.525401008548215
3.524137763539329
3.5250851739565405
3.5250851972959936
3.524769386043772
3.525401008548215
3.525401008548215
3.525400985208762
3.5244535747915506
3.5250851972959936
3.5250851972959936
3.5254009216459963
3.5257168198004365
3.5257167964609835
3.526032631052658
3.525401008548215
3.526032544150439
3.525401008548215
3.5250851972959936
3.525401008548215
3.5263484189654264
3.5250851972959936
3.524769386043772
3.5257168198004365
3.524137763539329
3.5250851972959936
3.524769386043772
3.5238219522871077
3.5257168198004365
3.5244535747915506
3.524769386043772
3.5257167964609835
3.5244535747915506
3.526032631052658
3.526032607713205
3.526032607713205
3.524137763539329
3.525401008548215
3.5257167328982177
3.524769386043772
3.5257168198004365
3.5250851739565405
3.524769386043772
3.5250851972959936
3.5257167964609835
3.5250851972959936
3.525401008548215
3.5244535747915506
3.526032607713205
3.525401008548215
3.5250851739565405
3.526032631052658
3.526032631052658
3.524769386043772
3.525401008548215
3.5257168198004365
3.525400985208762
3.526032631052658
3.5257167964609835
3.526032631052658
3.5269800648093224
3.5257167964609835
3.5250851972959936
3.525401008548215
3.5257168198004365
3.5250851972959936
3.5257167964609835
3.5244535747915506
3.524769386043772
3.525401008548215
3.525400985208762
3.5250851972959936
3.524769386043772
3.525400985208762
3.5244535747915506
3.5250851972959936
3.525401008548215
3.525401008548215
3.525400985208762
3.524769386043772
3.524769362704319
3.5231903297826648
3.524769386043772
3.5250851972959936
3.524769386043772
3.5257168198004365
3.524769386043772
3.525401008548215
3.525401008548215
3.525400985208762
3.5244535747915506
3.5250851972959936
3.524769386043772
3.5250851972959936
3.526032544150439
3.524137763539329
3.524769386043772
3.525401008548215
3.525401008548215
3.524137763539329
3.5250851972959936
3.524769386043772
3.5257167328982177
3.524769386043772
3.5257168198004365
3.5250851972959936
3.5244535747915506
3.525401008548215
3.5244535747915506
3.5250851972959936
3.525400985208762
3.525716669335452
3.5257168198004365
3.524769386043772
3.5257167964609835
3.526664230217648
3.5257167328982177
3.5250851972959936
3.526664166654882
3.524769386043772
3.526032631052658
3.526032607713205
3.525401008548215
3.5250851972959936
3.524769362704319
3.525401008548215
3.5257166057726863
3.5250851739565405
3.526664253557101
3.5250851739565405
3.525401008548215
3.526032607713205
3.524769386043772
3.526032631052658
3.524137763539329
3.5250851972959936
3.525401008548215
3.525401008548215
3.5257168198004365
3.5257168198004365
3.524769386043772
3.5250851972959936
3.5257167964609835
3.5250851972959936
3.524769386043772
3.525401008548215
3.5250851972959936
3.525400985208762
3.525401008548215
3.526032631052658
3.5244535747915506
3.524769386043772
3.5250851972959936
3.526032544150439
3.524769386043772
3.5250851972959936
3.525400985208762
3.525401008548215
3.524769386043772
3.525401008548215
3.525400985208762
3.5263484189654264
3.525401008548215
3.5257167964609835
3.525401008548215
3.5257168198004365
3.525401008548215
3.526032631052658
3.5250851972959936
3.525401008548215
3.525401008548215
3.5250851972959936
3.5250851972959936
3.525401008548215
3.5250851972959936
3.525401008548215
3.524137763539329
3.526032631052658
3.525401008548215
3.525401008548215
3.524137763539329
3.5257168198004365
3.5257168198004365
3.5250851972959936
3.525401008548215
3.5263483554026607
3.525401008548215
3.5244535747915506
3.525401008548215
3.525401008548215
3.5257168198004365
3.5250851972959936
3.5250851972959936
3.5250851972959936
3.526032631052658
3.525401008548215
3.525400985208762
3.5263484423048794
3.526032631052658
3.5244535747915506
3.525401008548215
3.525401008548215
3.5257167964609835
3.524769386043772
3.525400985208762
3.524769386043772
3.5257168198004365
3.525085110393775
3.525401008548215
3.524137763539329
3.5250851972959936
3.5263484189654264
3.524769386043772
3.524769386043772
